111111111111111111111111111111111111111111111111111111111111111111111111111111111111111111111111111111111111111111111111111111111111111111111111111111111111111111111111111111111111111111111111111111111111111111111111111111111
000011000001100010110100001101000001000110000010001100000000101100000000001000011000001001100001010101101000000100100011000000110001000101000010101001100010101100000000000010001000110100011000001000110000000001001000110000011
111001101011001000000101101000011101010000111000101001101111100001111110100011000010100011001011000000001010110001101000011010010101110100011000001100001000001001111111010110100010100001001011100010011010111101100010010101001
101101101110011111010111100011110101011111101111100011101000101111000010111111011110110110011000011110101110100111001111111011000100010001111101101001111111011011000001010010110110001111011000111111001110100100001011010101101
100100100100111010010001001010000101001001000100111110100010000011101011110001010100100011001010110000100100110100011101001011111111011100011001101011000101011001111011011010010011111100010010100001100110110111111110010100111
101110110001100010110100011111110101101100010001100010111111111110001010000101010101101001111111111011110110011101110001011010000001000111001101001000010001001100001001011011010111000111110110110100110000100100101100110110001
101010011101101010011111110000110100100101111100110110000111000000101000111101010100111100001100001010010011010001100100010011011101110011100101101101111101100111100011001110010110010000100110100111111111110001100001100011011
100011001000001010111000011010010110110001010110110100110010010111111111101001000110010111101001101011011001010111001110110110011000111010110100100111000111110110001001100000110000110110101100101110000001010100101111111010001
101011101101111110101011010011010000011111000010010001111010111100010000101011110011000001000011101011001100010011011110100111001010011010000110110001010000110000111111001111111111110010001001100010101101000110100100010010101
101000100111000110001001000111010111000011010111010101100010101001110110001000011110010101111110001001100111011001001100101101101011110010101100011100011110010101110001100000000100011011111011001000100111010011110001011010111
101101110100010010101101111101011101111010010011011111001010001011000011101111000111110100011000111101001100001100011001101000001110000111111101000111111011011111100100110111110101010000110010011111110000011000011111001010011
101111010110111010100101011001011000110010111001010000011011101000011110100001110000011101001110001101100001100111110011001110101000101100000111010100001001001100001110011100110101011111100110111100111110111101010001101111001
101000010110100010110101000011001011100110011101010111111010101010110000111100111111001101100011101001001111110001000111100010101011111110110010010111100011100101111011001001100101011000001110011001100011100001000100100101101
101010110010101111110101010111101010001110110100010001001000101110111010001110000001100100111001100011011100011111011100001010111010011000111010110001111010110001000001101011001101001011111011000011101001101011111110110100101
100010011000101101000101110101001000111010100111111101100010100010000011011011101111110110101100111011000101000000000110101010001011000011100010011101010000111111101011001010011001100010000011111000101101001000001000010110001
111011001111100100010100010001011110100010101100001100101011111011111110010000100010010100001110010001111101111111110011111011101011101111001110111001000110100010001000011010110011101111111001101010101101101011101111110000101
110011100000110110111111011101000010111000100001100110111110000010010000110111111000110101111011011111000101010000011010000011001010101001101100100011011110111010111111110010010110111000011100001011101000101111001000111111101
100110111110000100100001000101101010011101110111110100000100111111010111100000001110000101010001000110010101010111001110111110011010001011000111101110010010010010100100010111010100010011001110111011001110101000011010001101001
101110000111111110001101110000111011000100010110010111101101100101000001101010100111111100000101110100110001010001101000101010110000101000010001100100110111010110110001010101010101000111101000100010011000111011111011100101011
100010110100000000111000110101100011110111010010110001001000110001011111001111110010100111111111100101111111011100100011100000110111101111110100110101110001010010111011010100010101101110101010001110111110001011000001110000001
111011110001111111101110010111001110110101011010011101101011111011010110011000011000001100010000001100101001010110111110110110100001101100011110010100011100010110000011010001010111000010001111011010000011100010011111011111111
101000010111000000000011000010011000010100010011001100101000110000010011010010110010100101000110100110001100000010110010000011101100111001001111010101001001110111111110010111010011011011100010000011111000110110110000000001101
101111010011111110111001111110110011000110111001100110101101100111111001110110100110110001011111111111101110111010010110110110000111100011100101010101101011000100001011010001111001001000111011011110001101100100111011111100001
100001010110000010101011010010010111111100101101110010100101001100011100000100101110011111010000000001000110001011010010110010111100001010110101000101101001010001100001010100111101011110100001010000101100101101101000011001101
110101010011101010001000010111010110000101100001011000001101011111000110111101100011110001010111111100011100101110011010010110110001111000010101110101001101011111110101011110010001010010111101010110100110101101101011010011001
100101011001001011011011000001010010110101111011000011011001000001110100101101001000010111010100010111110111100100111011010100100101011111110100000111011101110000011101000111010111011010001101110010110000100100101001011110011
110101001100011011001001111101011010010101010001111111110011111100100001101001111111010100010001000101000000110101101011010001101111010000110111111110010000000101000001110011110100000010100100011011111111110110101011000100111
100101100111110001111101000101001011010100010101000110100110000110101111001011100000010001111111110100011010110101000010011111001010010110010010000010110111111111111100011010000111110111110111011000100010000010100001010111101
101111001100000100110001010111101010011111010111010010001110110110100001100000001111111111100001010101110010000101011000110000011000110011000110111010111100001100011001110011101110010011010100010010101010111010101111110000001
100110011001101110000111010000001010110001000100011000111010010000101011101101011000011000001100000101000110110101111111100111110011111001111100001010001101100001001011000111001010111010010110110110001010011110111000010110101
101100111111000011111100011111111010110101011101011111100011011111101000111001110010110011111111111111011100011101100001001100011000011100010001011010100001111111101110011100011000000000110100010011111011001100100011011100101
100101100010010111000001111000010010100101001001010001101111010110101110011011000110100110000010010110010101001100101101011001011110110101000111110010111011000000100000111001110011111111100101011110000011011001110111001101101
101100001011111100011101001011010110101101101011110100101000010000100111001001011110001111101011000010110001100110101001011011000000100111110000110111110011011110111110100011011000000101001111011000111110010011010001100001001
100111111000011001111001101001000100101101001000100110101011111101101101101111000011111000001001111000011100111110001011001110010110001100011101100101100110010000101011101110001111110001011010000011100011010110000100111111011
110000001110110011001101100011111110000100011010001110101011000100100000100011111010100011011100011101111001100011111001100110110011111101001100101100101100111111100001001010101000111101000010101001001001110011111110100100001
100111011100010111100111001110011000111111111111111000100001010110111110101000001000110110010111010100001111001000011101110100011000000101100110101110101110110000101100011010100010000101111011111111011100000110001000110001101
101101000111000100110010011011010010100000100100011101101100010010000010111111101110011111010101000110100000011111010100010111001111010100110011101010100010000110001001010000101011101101001000001100001111111100100010011111001
100001010011111110111010111001000111101110110001001001000111011011111000010001100011001000010001110011101011111000010111010011011001011110111001101000111011011111011011110111111001100100011111101001111000100001101011110001111
101011011001001000100010001100011110001000100111101011110011111000011111110100001001100011111100011001101111000011000100011010000011000010001100001011101001110001011010100100011100110111010110101011100010001100111110000100001
111010001101100010001011100111000011011011110100101000111010001111000100000101111100111111000001001100111000011111110101111010101001101111011111101001001100010101110010001101001110011110000100101000101111011101100011011111101
110010111000110111111001110110011110010001100101101110100010100001110001110111000111101010011011111110000011111001000100010010111111000101001000101100011111000101100110111101100111000100110001101110111100010001001010001100001
100110101110000100101101010010110000111101001100001000111110111100011111000010010011000010110001100011111110001101011111000110100011110001101010111110110001111100001110101001110001110001111111001000100001010111011000111001101
101100100011111110001000011010100101100001011101111011110000000111000001110110111000011000011101001000000100100101010011111100101000100101100010000110010111000111111010100011011101011111000010011011101111111100011111101011001
101001101000110000101011110010101111001111011000001000100101010001101100011100101111111101000101011111101101110001010110000001101110101100111111011100110000010000010010001111001001000001101010110001000000100001110000001001101
111011101101100110111001100111101010011000001011101110001111111100111111011001101000000111110101000100101101010100010000101111001010001110100001000101110111111111000111111100011011011111001000111101011101101111011110101100101
100010000101001110001101001101001010111111101110100011011000001110011001010011000011011100011101110001100001011111111101101000011011111010111101110100010101000101110100000001110011010001011110010101010001001000001000101110101
101011111100011011100101011100011000001000001100111001110011100010110011000111110110001001001001011100111111001010000100111011110000011000110000110111000001110000010101101100100110010100010111010101010111011011100011101010111
101010000111000000110001000001111111101011111001101100100110111010100111111110000100111011101101000110100011100010110111100010000111001101100110010001111100100111110001000110101100110111110000010101110100011110001111001010011
101110110001111110010111111111001101001010000011100110001110000010001100001100111101101001000100010100101000001010100010001111011101100001001111011101101110101100011111011111101001100101100111110100100001110000111010011011001
101000010100000011110010000001100101011010111110101111111000111111101001100001110100101101110101110101111101111000111000111100010100111111011001000100101000100001000001001100001011101100110100010110110111010101101010110001101
101011111111111000100110111011110100010010000110001000001011110000100011111111010110101001000101100101000100001111101111101001110001100101001011101110101011101011101101101001111000100110000111000110010011010101100000011101001
101000011000001110101100101001000001110110110010101010101010010111111110000000000000001011011111001100010101100010000110000011000100110001101010000010100001111111000100101011001101110011101110010011011001000100111011000001011
101111001010111100111001101100011111000011111010100010101011000001100010111111111110101010010000011111110100101011010000101111111110000101101000111110101111000001111110100011101000111001000100111001001101110110001111101011001
100101101010000101100011000111110000011000011000111110111001101101001110100010000011101011000111000010110101101001111101101011000011011100001011101000101001110101000100111110100010011101110001101101101100010010100000111010011
110001001011010100101111010110011111111010110011100010001100100100011000101010111011001001111101111010100100111101000111101010011000010111111011001011101100000100010001100000001111000100111101001100100111011111101110001010111
100101011110010110001000010011000110001010011001101111011110111101001011111010010001111100010000011010101101100001010000100010111111110000001000011000101001011111111101001011011001110110001111100110110110000000100010101010001
101111001100110111111011111000010000101011001100101101001010001101011011000011010100000101011101110000100111001011011110111000101000100111101101001110101111000000100001101111011100010011100000110000010011111110111111101011101
100011101001110001100000001110111010101001101110101001100011101001110000011001011111110101000100000111110000011001000110010011100010110000111101100110100001110110101111000110010001011001111110011111111010000010000010001011001
101010001011011011001011100110001011101100100100000011101011001011000101011111001000100101010111011100011111111101110011011110001110100110011000110100111100011100101011111100111111001011000011000001100010111011101011011010011
111010111010001001111110110010101111000110110111111000111000011000011111110001101011101111110001111001000000001000111001000110111010101111010011111101110111011001101010000101100001100000011001010101001110001000111010011010111
110010110010111100010100011011100001110100010110001110011111001010110000010100001000001000111100101011111111011011101101110010011000101101000110001101000001000011100011010001110100111111001111110101011011101110010000110010011
100110000110000111000101111001111101000111010011101000110001101111100111010111111011111010000110000010001000011010001100111011010010100001111100101001011011111110111011011011000110110001011100011101001011001011011111110111001
101111111100110001110100001100011001110110011000100011100100100001001110000101100010000011110100101000101011110010100110100000010111111101100101100011010010000000011010001110011110010101110001011001101010011001000100100001101
101000000101111101010101101110110011100011111110111111001110111100011011111101001111010111000101111110101010000110110110111111110001100101001100111111010110111111001000101100111011010100000101001011101000111101110110001011101
100011011101101001000101100100010110111010000010000010011010000111111000001001011000010101101101100011101000111100100100110101011100110001011110110001011100100001101110100101110001000111111101100000100011101000010111111110001
101110000000001011011100110001010100001000111010110110110010110110001101101101011011110100101111001011001111110001110101100001000110011100000100100101001001101100000100110101010111111100001101110111111110000011010001000100111
101011111101011010010110111111110111011111100010010010110110110100101101001101010000010110000000011001011101100101100100101100010011000111111101101101100011001111110101111101000010000110111001011100000111101110011100010110001
101001100111110010110111100011000100000010110111011010000111100101100101011001011111010011111111111101000100101101001110100111111111110010001100000100110111011001010101011001011010110000011011011001010101001100110111110111101
101100001100000110000100001000010101101010000100001011010011001101110001000011000001111010000100001001110110001001011010110000001100011000100110110110011100010011000100010011111000011111001000010011010001100101110000010001001
101110111001011111110110111111111100111110111111111001011010011000010111110111111100110000110111101011100010111011010010011111100101011111110011100111000110111010011111010110110011011001101111010110011100111100000111111100011
101000010011001100010110000011000110001100100001100011011110110011011100010010001110011111100000100010111011100010010111000000110101000000011000101101110010001000110001010010100110000011101001010011001110010001111100000111011
101101010111100101110011011000010110101001110100001010000100100110011001011110101011000001110110101110000011001111000101111101110001010111011110100100011010101111100100011010001100101000100011011001100011000111100001110101001
100101010000111100011001110011110011100011000110111110111101101111000011000000100001111100011110101010111001011000010000001100011111110101000010110101110010100010001101110010111001111110110110001101101001010110001111100001101
110111010111110001001101100110111001111010010011100000001001000101110111111111110111000111000000100010001100010011011111100101000000100001101010010001100111111010111111000111110011000010010110111000111101011100111000101111001
100100010001010101100100101110001100001000110110001011111011111100011100000000110001010101111111111011100111111001110001111111110110111011101011011100101100001010000110010100011110011011110000001110011001001001101010101100011
101101111100010111001110100010100111101110011100111111000010000001001101011110010101010000000100101000110100001101000100100000011100100010001011000111101001100011010100110101000000110000111111011000110011101011100010100001111
101100100110110011100010111011101100100111110001110001011111011111101001010111011100010110110110001110100101100111011110110101001001111110111001110011001100111110011101111101101111111010000011110011100110101000101110111111001
100110001110100110001010011010001001110000010111000100011000010010001111010001000111111100100000100110110100110011001010010111101011000000101100011001011110110000110000101000111000110011111000100111001100001110101000010001101
110110100100101100101111010000100011110111000001101111110011111010101000010101110110001101111110110100100110111001101011010000100010011111100001011101001000100111111010101010100010011001001110101110011001111100101011011100001
100000111101100101111000010110111111100011111011001001000110110000111101110100010000100101001100011101101100011100001001011110101111011000110111110001101011101110000010001011101111001100011000100010110011000001101001000101101
111111100001110100010011110110110001001110001110011100010010000110011001010111011111110001011001111001000111000111111101000010111010000010011100000111001000101010110111011011001011100111010011111010010110011111111101110100101
100001001011000111000110000011100101111000100000111001111011111100110011000100010000011111010011100011101101110100100001111010001000111111000101111110011010001010111100010001011001110001110110000011010100111000001001000111101
101100011110011101111111111001001100011101111111110011001000000101100110011101010111000010010110001110100001100110001111001011101011110011110101000000111011111010000111110101011100011100100000111110011101100011100011011100001
101101010100111000010000011101011101001100100001000110011111110100001100111001011100011011010110111010101111001110111100011000001001011010100101101101101000100011110110000111001111000110101111100110111000110110111111010101101
100111110001101111000111010111010111100110101101011100110000010111111101110011011001110001010010000010000110011010000001011111111101000000101100111000101110111000010000111110011000011100100101001100001011100100110100000101001
110000000101000000011100010100010010110100100100010110000101110110010001000111000011100101011011111010110010110010111111010000100101101110100110010010101100100011011111110000110011001001110001100101111000110110010101110001011
110111111111010111111001010001111000010001101111110000110111000100110111011101111110101100001000001011111010010110010000010110001101100011110011011010100110101001111001100111100110011011111100001100001110110011000000011111011
100001100110010000101011111011001111011111000001000110111100011101100011000101100000101111101111101000011011010111010111110011100100111001100111001110110000001100110011001100001111110000110111100111101010011011111111010001001
111100110000111010101010100001100000000010010100010011100001110000111001110101001010001000111100001111010010010000010000111010110110001100110001101000100111111110010110011001100011000111100010101101100011010000110001110101101
101110100111101110101010001111110111111011111111110110001111100110001011100101011111111010000101111101011110110111111110011010010011101110011101001011110010001011000100110011101110011101001000100100111000010110100100100101111
101000101110001000101000111001000110010010001010000010111000110111100010001100001100011011110000100001000100100101010011001011010110101011000100011000011110100011110101110110000100110000011111110110001111110100101110001100001
101011100100101010101111100011010011000110101000101010011010010001111110111001111001000010011110001111110001101100010111101000010000100001110111111011000100101010000100100100111101111011010000000100101000000101100011111111011
101000110001101011101000110111011011101100101111111011001011011101010000110011011011111111000011011000111111100101010000101111010111111100010100001110010001101011110110001101100001000010010111111101111011111101111001000001001
101110111111001000101010010110001001001001100000001111100011010101010111100110001000100011111011110010011000110101011110100100010011000101000110100011010111111000010010111000110111011011110001010000110011010100001101111101101
101100100001101110101011000100101101011011111111100100101010010100010101101111101110101000001010100111000010010001001000101101111010010111110100101001111100011101011111100011100100001110000100011010010110000111011000000001101
100110110100101000101001101101111101010010100000110101101110110110110100001000001010101101100010101101110111111111100010100101101000110010110101111100011001000111000001001010101110111000111111001011000000110101011010101011001
110000100110001011101101100001011001000110001111100100100110100010100101111101111000100101111000101100010000001100001111101100001101111010000101000111000011110001011011011110100100001101110001101001011111100001000011111110011
110111101111111001100100111111001011111111011100001101101100101000101100000001100011111100001110100001011110101001111000001110100101111010111101010001111110111101110010010100110101100001010101001101110000101101111110000100111
100100101000001100101110000011101000100001000001111101101001101111100111110100101110001111101100111111000010111011011011100100110100110010011000010100010000001101100110110001100100101111000101100111000110111001000010110110001
101110001011011110100000101000001010110100011111000100001011000000110000011110100000101000100111110001110110000010001000111101111110100111001111110101011110100100101100111011001111111000011100110000011110110011010110010110101
101010101001001100101111111111111110100111110100010101111011111110111111001111111111100010110010000101010011111111101110001100101000101101100000100111001100110110101001101010011100001011110110011111110000100111010011010010101
100011101101011001100110000010000110101101000001011101011010000100001101100100000010111110011000101100011001100110000011100110001011100000111110110011100101110010101011000010110001011011000011001100011101110000011110011010101
111001100101001011101100111011010000101000011011001001001010110111100000110001010110000011001111111001001100110100111001110011101001111101101010011000110101010110100000011010011011000001110111100101000100011101110000111010111
101100110111101001001001101010011111101110110001101011101000110100110110010101011100101001100000110011111110010001100011011000101101010001000011001111110100010100111111111010110001011101100011110001010111000111000111101010011
100110010001001101011011100010110101101100011011111010001010100110010011111111001101101101111110000110000011011011101110001110000101000111011011101100000110110001100000110010010111111000001001111111110001110011011110000011001
110011010100011001110010001110100000100111001010000010111111101111011001100011100001001001000011110100101010010010100010101010111101011100001010001001110100011111001110011111000110001011101100100000111100111000010010111111101
100111010111111011000110111100101110110110011010111010010000101010011011001000111101011111011000000101101010110110111000100011100001001001111000111011011111010101101011000110011100101111001110110110001110001111111010001010001
101101010110000011101110100001101010010011110010001111010110001000110001011110000101001000011111111101111010110110001011101001101111101011101111100010001100010000001001110011111001100001111010011111101011100100011011100011101
101000011100111110101000001111101010111000100111100101010111101010000111011011110101100011110011000000110010010100101001111100100110001000000010110110100001111110111011011010000011111100110011000000100000110001010000111000101
100011110001100000001011111100100010011110110100110000010000111110110101001010010111110110000110011111100111000101100011000110110011011111111010010011111100000100100000001000101110010110010111111110110110011111010110001110001
110111000111111101111110000110110111001100010001111111011101100011100001100011010000010011101100111000101111101111111110010011111010001100100011000111000111010101111110101111111011000011010000100010010011001000010110111011101
100001101100010001001100110010100001100111010101000100000100001001001100111001011111011010000101100010100010100110000000111010000010100110001110010000010001110001000000111000010001101011011110001111011011011011010010011000101
111100001101000101011001111010001011110101010100010001110111111101111110001101001100010000101101001110101000001100111111100000111110110100111011110111111100011111011111110011000100001001000011100001010010010001111011001011101
100111111001111111000011001000111110000001011101111111000001100100000110101001011001011111100101101010111111111001101100001111100000011101110000110100000101000100011000000111101101111011111001001100011011110111100001111000101
110100000011100010011110011111100000111101001111000011111100101111110011101011010011001000110100101010010000100011000101111001111111110001000110010101110101110101110011111100100111010000001101111001001000110001001100011010001
100001111111001010110011000110110111110001100100011010001110100010011000101010010111011010010110001011010110101111110100100011000001000111101111010100100101000101000111000001110001000111111100001111101010011101100111000011011
101111000101011010000110010000100100011111110001111000101010001011001110111010110110010011011111101001010111101010000110101001011101011101001010010110110101011100011101101100111101011100000111100000101011000100110001111110001
100011011100011011101100111010101101000001111111001110100011111000011010001010010011110110011000101100010010001000110010101101000100010000011000111100100101000111011000101110010101000110110000111110101110010110011100100011101
101001000001001000100110110010100101111100110001011011111000001111000011011010111001100011001010001101111010111011100110101101110111111010110011110001101101110001001110000011010101111100011110000110100011110011001110101000111
111101101111111110110010100110110100100110000111000001011111100011111001001010001100101001100011111000001010110001001100111001000100001110111001100111100100011101100010110110010100010001110011011100111000111001100111101110001
100001001000000010011010101100010110110011010110011100010001111010001101100010101110001111110110001111101010011101111001100011011101100110001100001100110110110001111011100100110111010111000111000001101110101101110000001011011
101011011011111011000010101001010010110111011100110001000100100010101001111110100011111000011100100000100011001001000011001011010000110000100111011110010100100111011011001101100001010101101101111111101000100001011111100011001
101001110000100010011111101111111010000001001001100111111101101110101011000011111001001101001001111110101111101011011110011001011011111111110011110111010111101100001000011001001101000100000001100000101011110100010000111001011
101101000111101110110011001000101011110111100011110100001111001000111000011000001100011001101011100000101000001010001100111101001110001100011000010000010100001001101111110011100111111111101101001110101010100110110110011111001
101111011101001000000110011010001001000011111110110101100110011010001111111111101001001011100010001111101011101010111001110101100000101001001111010110110001111101000100010110110000000001001101011100100000101100010111000100011
101000010001011111110100110011101100011001001100010000110100111011101000111001001011101000111111101011001010111010010011000100111111100011100110010100111111000001011101010000110101101100011001010001111010001001010001110001001
101011110101001101100001100110101101011100011001010110010101110010100010010011011110001110011001001000011010010011000111101110101000111110110000111101100001101111000101011110011111001111110011010111010011111011111101011111011
100010010101100100001111001100100111000110110011011111110001010110101011000110010100101011001100011010110011000111111110001000100010000000011111100001001100100001110101010111000110011010000110010110000110001000110001010010001
101111010100110111011100011101110011101111100110010000010111000100101111110110110001100001100110111111100110010000000000101011110110111111111000001100011001111100010001000001010000110010111100110011011100101111100111000110111
100011000101110010010001110100011001100111001100110111010001011101100100010100100101111101110010000100001100111011101011111000011100100000001111011111110011001101111111111011111111100110110101111001110001100000001101101100101
111001101100011011010111010001011100110010011101100010011101010101110001011101110111000000111011110001111101101000111110001111001101101111100110010011000111100100101011000000110000110010100001011101000111111111111100001001101
101100111111001001010001000101001110011010110100001110110001010000011111001101010001111111101000111111000101001110000100100001100101001010110010111010011101110110000010011101100101111010001111010001101100010001010101100011001
101110000100011101111101110101100111001110000111111000100111010110111001101001010100001100001110000110010100011011011101110111110101011000011010001010110000000010111010110000001111000011111000010111001001000100010100111110011
100011110001110100100100011101110101100111110001101101110011011100000011001011010111100101011011110010110111010001001000010000100100001101001000101000010101011011100010111111011000011000110011000100011011101111000110010011011
101000011100100110001111000001010100110001011100001001011010000101011111100010000000110101011000111010010000010111100011111101101101111001101010101011011101001001001010000001110011111101100111111101110010100011110111011000001
101101010110001111011001111101000001111100000110101011010011110101000101111111111110010001000010101011110111110000111110100101001101010011001111101110001111101011011111111011100111000100001100000001011000111000100100010011101
100111000011100001001101010101111100000101101100111011000110100101010000101100000011010111111110001000110001100110001000001100011001000111101000100011100110001110010101001000001100010111111111101111001110101110111101110111001
110010011001110111100001010001000111111111100101110010011100001101111110000001011011111100001100111110011100101100100011011111111011111100001010111001101100101100110000011111111001010001100001001001100010100110100001000101011
100110111011010010110101010111010000110000110000100111010110111001000111111111001000000001100101100011010110111110111111000110001010001111011010001100101001101001100110111000110011111011001100011100001010110010001111011101001
101100101001011010010100010011011110010110011111101110010100101111010001000011101111111111110001001000010010011100000110010011100000100001001011101110100011101011001110101010000110101001011111110101011010111011111000010001101
100101101100011010110111111010010011000111010000101100110001100000011100011000001000010000000101011111110111001001110010111001111111111101101000100000110110001011101010100011011100001101011000100001010010011010101111000100101
101101101110110010010000000010110111111101000110001001110111110111111001111111101011011111110111011000110101101100011110101101010001010100001110111111100011111000101010001001001101100100010010001111010111000000100001010110101
100100100000100111011110111110110000000001111111111011000001010100000011000101101001010000011100010010000100100101001100100100000101000001101100100001001110001110100011111111101000101111111110111000010101111110110101110011101
101110101011101111000011100000100111111100000000010010011100000101010110010101001101010101011001110111010001110101111001110110111101010100111001110101011000100010111110000011001011101000001100110011110000000010000101100110001
101010101110001010011001001111101110000111101111110111010111111101110100110100011001000111010011000100010111000101100011000111100001111111100011010111010010101110000011011000011111000011111001100110111111110111111100110100101
100010100110111000111111011100100011101100100010000110000110001000110101110111110011111110010111101101110011011101001110010011001111000010001010000001010111100111110110011111110001011001000011101100000001000100000110100101111
111010110010001010101000010101111000100001111010111100101100101110011101010000111010101100110011000101010110010001011100111001011000011010111111111011010001110000010011010000000100011101011110101110111100011101110000101100001
101010011011100011100010110000001110101011011010101001111001101011001101011110100010001001111001101101000010110111010001111101011011010010000000011001011101011111011001011010111101000111011000100010010111111000111111101101101
101010111000111001101111100111011000101001010010001111000011001000011001000000110110111011011100111001011110111100010111010001010001010110101011001101011001001011001101001110001001101100010010101011010001000011100000100111001
100010001110001011001011001101010011101100010111100110011010011111110011011111110110010011000110010011010010000001110101000111011111010011111111100101001011100001100001100011101101111001110110111001000111011111001110111100011
101111100011011010011001101001000111000110110000110010111110110001100110010000000100110110010011010110000111111111010100011101000010011001100010110100011011001100111111001001000100110011000100011101111100010001011100010001011
100001111011010010111100001011111110010110100110111000101100000100101110111010111101100111111010010011111100000110000110110001111011001100001000000111110010011110010101011101110111100110011101110100100001111100000111000111001
111101000010010110001110111010010000111100101110011111100111111110001000100010011001001100001000110110000101111100110010011101001001100110101101010110000111011011000001010100010100001110110101000110101111000111110001111101011
100001011111110111100100110000110111101101100011000110110000000111111011111111001101011001101011100110110000001001111011000001101100110011111111111100111101000001010101010111010001111100110100010110101000010000111011000101001
110111000001000010110110010101100100000100111011010010111011101101001001000001101000000011001010110100011111100011001011010100001101110110000110000101100001101101111101000101011101100101100111110010100011111110010010010001101
100001111100011000010011011100101101110101101001110110000000100100011101011101001011101111100010000101110000110110011001111111101000100110110000110101001111000111000101110001001000110001001110100110111110010011000110111111001
111100010111111111011011000110000101000100001100010010111110110001000101000100011110001000110111110001000110011111011100011000001010001100011111110001100001010010010100011101101010011101100000101100000011000111111100001000011
100111000110000010001001110011010111010110100101011010011000111111101101010111111100111010011100011100011111001101010111001101111011011001111000011111101100011110110111000000101111010001001110100101111010011100011001011011111
101101101100111011101100111001110000011110110111010011010010100000101001010001001001100011000101000111110001100100010001100111100011110011010011001000000111110000100001111110101100010101100111101100100010110001001011010010001
101000100101101001100110101100011010110000100010011011010111111110001011111101100011001111110001010011000100110001000101110011001000100110010111011010101100010111101100000011100111000101110000000110111010100101100010010111101
100011110101101100111110100111011011100111101110110001010001000011111000011001001001011000011111111010011101111111111100111010011111101111000001000011111001010001111111111001110001110100111111111100110010001100111110110000001
101001100100100110001100110011010001001100101100100111011100011000011111001011111011001011001100010011010100001000110110011010110000001011111111111110000011011100010001011100011100111110011000011001100111111001100100011111101
101101001110110011101001111010010111011101100101101110010111111111010001101010001001101111011001000110000101111010000011001000100111111001000000001000111111001111011011000111000110000111010011000011101110001100110101110101101
111101011000100110001011011000110001010000101101001100110000001001000100001000101100100100011011111111110100010011011111011111101100001100011111100011110001100001001010010001110011010101110111111110001000100110100100000100001
110001001011110010111001010011111111010111101001011001100111100011111111111011101110110110110010000000111110110111001000010000100110111110110001111110100100111101101000111100011001110101000100101000111101110010101111101101111
100111011010000110011101000110000110010001001011011011110000110110000000011110001000010000110110111010000000100101100011111101110010100000011011000110001110001101001011111001011100000100011101100011100001011010001100100100101
101100010011010011001101011100110100111011011001001000110110110011011011000010101011111101100100011111111011101100111111000100011010001110110000010000100110101001011010010011001111111110111001001010001111000011100101101110001
100001110111011011100001010001100101101011001101101110010010011010011011101000101110000001001101000101000010001001110001010101011011101100100111111111110011101011011010110111100000101000101100011110101000011110110001000111011
101111100100010000111111000111101100001000011000111011011011001110110010111110111000111111011101110101010110111101000100010101001000101001110100010101011000111011001010110100001111100011100101110100111011110000000111011100001
111000001110111111100001111101001001101101110010100010010001100010110110010000110011110100010101100101011110101000011111010001111110111011100111000100001110001001101010100111111000001000110001100001110000111110111100011001111
100011111010110001110111001100011111100111000110101010110100110110010011000101100110000101110000101100001010101010111010011111000010010010101110010001100011011100001000101100011011111110011011001101011110100010010001010011011
101110000010000100110001011001110000110001011111101000110110110111011001101111001111101100111010101111101000100010001010111000011011011010101000111101101110010111111101101001000010100011001010011001001000101011110111010110001
100111101000110110000100000011100110011011000000001111100011100100001101000010011101001110001110100000111011111011101000101011110001000010101101100100111000110000101000100011111110001111101010110011100011101000110100010100101
110000101111100010111111111011001111001001111111111010001011001101111101111010110000011011100110101110001000010001101011100010000101111110101001110110011010110110100011111110000100100101001010010110101111001110000101110110101
111110100011001011100000010001011011101101010001100011111001011000100001000010111011000000110011101011101111010100101111001110111100100000001100100111010010100010101110110000110001101100011011110110000001100011111100010011101
100000111110011001001111010100010000100100000100001010001101010011101101111110011011111110111001100001000001011111100110011000101110110101111110110100010110101110100010100110011111111001111000010011101101111010001111011001101
111011100011011111011101011111110101110101111111101000100111000110100111000011000010000110011100111011011101000001110100111101101010011101000010110101010111101100111010001111110001010011101111011000111001000010100100011100101
110011001001110001010101000100011100110101001000111110110011010010110100010111110111110011010110101001000111111101000101111001000011001000011000100101110000000101101000111101000101000111000101011010110011110110110001001110001
100110011100000100010001110001001001100001100010011010111001111000010101110010110100011000000010101101110110001101101100010011101001101111011111101100111111111100001110100000011100011100010001001110100111100100011111100110111
101100111111111111111100111111101101001100111111001010101100101010110001011000100101011111111010100000110100100001000110110111101101100101110000101110100010000101100010101111110111110110111101100110110011001101110000110010011
101001101101000000000101100000100101011111100011101000001110100011100101001110101101000001010010111010010101111111110000100101001000110100100110000000001110110111111000100001000001100000100101110100100110011100011010011111001
101011100101011110110001001011110100001010001010100011111010110111001111100010000101101101010110001111110001001000111111101100011110110110101111111111100100100000001101101101101100101110110001010101110000110111001011000011101
101000110001010010011101111000010111111000111010001110001010010110011010111011111100111001000010101100011101100010011000100101011000010010100100000000110101111111100100111001101110111100110111010001011111100010011011110110001
101110011100000111001000001011010100011011110010111100101011011100111000010000110110001011111111100101000100110111001010110101001101111010110110111110011101010100110110011011001000110001100100011111001000110110110010000110111
100011000111110011101111101111010001001011010110001001101001001001110011000110000010101000001000110001010110000101101010000101100111000010100000100011110001000001110011110010011011100101101111001100011010000010110110110010101
101111101100011000101100001000011111101010010110111011101101101100011111101111111110101111100010010111110111111101001011111100110001011110101111101000000111011111011000000111001000101111001000011001111011111000010010011010101
100000100001001111100111011101001000101000110011100011001000100111011000000001000100100110111111010011000101011000011010110111100101000100001000001111101100000000001111111101101110001010011101000011000010001111110110110010101
101011111111101000110001001001101010101110011000001110011010110100001010111111010111110010000000011001011101000011110010000011001101110101111011111000111001110111100100000000101100101000110001101011011111101000010010010110001
101001000110101010110101100011100011100010111111111100110010010111101010100000010001111011101111110011011001011110000111011001101100110100100010000010110011011110110101111110001001111011110111101110010110001101011011011111101
101100010100100010011101111110111010001010010000100101100111010110000010101111111100100011001001000110010011000111011100001100100110010110101110111110011010001100010000100011011111110001000100000100110100101101001001001101001
111110110001111111001001000000010010111011000110001100110110010011111110100100001110101010011100010100110111101101010001111110110111010111100000100011010010101001010101101000010001100100010111010101100001100001101011100101011
100000111100011011100011110110110110110001111111101101100011111010001000110001101000101010110110111101100110001000010101001010111100010000111011101000010111100011111111001101110100111110111110011101111011111100111000110000001
110110100111000010111110000100100010011111100000100100111000001000101111100111101011111010110000001100110010111011110101100000000101011010001001101111110110001110000110011111000110011000100011001001000010001110011110011111111
100100110001111010010110101111101111001000101110110110001010111111100001110011001000000010011111111001111000000010110100111110110101011111101100100101010011011000110100111110011111001111101001101011010110100011001011010000001
101101100101100000110000100001001001100010100011110011101110000010111100011110011011111111010000010011101110111110100110000011100101001101101101110100011000011011110001101100110001100001101100101010010100111111100011011111101
101111001100101111100111111100011101111110101000011000100100111000010111001000111110000100010101000110100011101100001111111000110001100101001000010110111111001000011101100001100100110100100110111011110110011000111001001000101
100001100110000110001100000111110101010010001111001110110110001101010001101101101100101101110111111110001011001001111100001110011111101100011011110010000011101111000100111101101110011110110010100011000111001010001101101010001
101100110111111100111111010001000000011011111011100010010010111001000101100101001001100100100010000011101001011011000110100011000010000101111000111010111010101001110110011000101111000100110110101110011101100011100001101010101
100110010011000001100001011100011011011000000010111000111010011101111100110001100011101110111010101001001101000010010100110111111011110101101101100010110000101100010011110011100100010001100010001100110100001110111111001011101
110011011110011111001101010111111011001101111010001110001011001100010110111111001110001100000010111101011001110110110001110011001001010101000100101110100110100111011001000110110111110111101111111001100001111100001000011000111
111001001100110100011101000011001001100001000000100011111001111001010110100001111000100111101110010100011011100100111111010110011101000101011110100110101110110011011100010100010100011100001000001011001011000110101011111110011
101101100001100001111001111010011101001111111111101110001100001101010000101100011101111100000111000111110010001110000010000100111001011101000000110100100010011001001111111111010001001001011011100010011000010010101000000111001
101001111111001011101011000000111101111000110000100110101101100111011011111001010000010001011100010110000110111010111010111101110011111001011111100101111011111101101001011000011101100011010000111111011111111011101111110101101
101011000001011001001001111111111001100010011010001100100111110010001000000011000110110111110001111100111110011000011010100001100111000011010001110100001000000000001100010011010111110111010101100000001000101001101000010101001
101011110100011101011100001100010011001011001010111001110001011011101111110111110011100000100101000101100011001110110010110100101101011111000101000111101111111111100101000111000100011100011101001010111010001100000011010001101
101000011101110001010111100001010110011001101111100011000100010001000000011100011110001111101111010101001111100011100110100111100001010110011111011101101000010000110101111110011101001111001001011111110010100111101001111100101
101111001000100111000010111111010000111100100110001010011111010101110110110001010000111000001010010001100101111010001110110110001011010100110001000100001011010101110001000000110001100001100011111000000111110001111100110110101
101011101011101101011010001100010101101110110010111011111011011100010010100111010111101101111000111111110000100000101000010100101110010001100101110111011010010101100111111011100111111101111010001101111101011100001110010010001
101000101001101000001110100110110111101000011010100010001000000111011010101110010010001001011011101000111010001011111011000101101100111101101100000110010011110100101100001011001100000100001110100001100001000111100111000111011
100010101101001011011100110010100010001111110010110110101111110011001010000010111010101011010010001010001010111110001011111100111001101000101111111100111010000110111101101010011110110111100100111111001101011110110101110110001
101010100111011011011001111000101010100000010110011100100011011001101111111010100000111010010110100011101110110000101110001001110011000011100001000101101010111110011000101110110100100010110001101000011001000000100100100011011
101110110010011110010011011111111110111111010111001001111001001100101100011010101111100011010000111110100111100110100100101100010110010110111101110001000010001011001011100010000101111000111111100011011011111101101110101110001
101000011010110000110110010100010000100000010001101011001101100110101001001010101001001111011111110000110011001100110001100101010011110010000100010111011011100011101010111011110001101110100000111010010001100001001000000010111
111010111010010101110111000101000111101111111011001001100101001100001011101110001101011101000000011010011010011111111111110001011000111000111111010010010000111001100010001000111111000010001110010010111100001101011111111110001
110010010011010100010000010111101101101000001010011101001101100001101010100110111001000100011111000010111010110001010001010111110010001101100011011011110110011100111111101110000010010111111011010110000111111001011000000011101
100111010111010101111111110000001001001101100010111001100101111111001010110010011101110111000101111110001010100100000100011100011111011111001001010000000011000110100000000111111000110100000001010010110001000011010011110110101
101101110000010100010000111111111101011000111010001101101100000011111000111011001100010001110100000100101010101111111111010001001100001000011100010111111001111100111011110000001011100101101101011011111101011110010110010000101
100000011111111101000110000000000100010010011010100100100111111000001110101011011001011101100110110101111010001000000001010111100001101110111111111100001111100001100010011010111010110111000111010001100001001100110010111101101
110111000110101001111111111111110101110111001010111110101100001111100010001010000011010100101100111101000011111011111101000110111111100010011000000110100011001111001110110011100010100001011110010100110101011001111000100100101
100101110100001011010000110000010001000001101010010000100001101000101111101010111111000110100001100001011010000010010001010000110000111000110011110100101010011100011000100111001010001101001000110111100111010011011110101110001
101100010001111011000110000111011111011111001111000111101011000011100001101011110001111100111111101101001110111111010111111010100110001011100111010001111000110001110011101100011111011001101011100011001110010111000010001111111
100110110111100001111111101110001000010001011101111110101110011001111011001001010100100001100010001101011100101000010000011111101111101001101110011111011111100111000111000101010001111100001001001010011011010000010111100100101
110110010001001100110000111000101111110100011000011000101100111011001010011100000110101111001000111001000101100010111111001000101000101111000000110001010000001101101110010101110100000111111101111110110010010111110001110110001
100000110100011110000110000010100000000101000011000010001001100000011000110001010010000000011010100011010000001010000001100010000010100000011010000100000110101000000000110100000101010000000000000000011000110000010100000000100
111111111111111111111111111111111111111111111111111111111111111111111111111111111111111111111111111111111111111111111111111111111111111111111111111111111111111111111111111111111111111111111111111111111111111111111111111111111
