1111111111111111111111111111111111111111111111111111111111111111111111111111111111111111111111111111111111111111111111111111111111111111111111111111111111111111111111111111111111111111111111111111111111111111111111111111111111111111111111111111111111
0000010100000001010000000001010000010001010010000110001100000100000000000010000000100000000110000010001101000001000101001101000110001100001100000000011000000011111100000000011000001000000000000010000000001100101011000010000011000011110001000001000101
1011000101101100011011011100011111000100011000110010100001110001111111111010101110111011010000101000100101011011010000011000010000111001101001011111001110111001111001101111010011101011111101101011110110100001100000011010110110011001100100011100010001
1111110111001001001111000111010001111101010011111000111111011111000001000010100010001001011010101111110100010010011111000011111011110011101011000001101000101100110011100001010110001010000111001000011100110101101101110000011100111100101111110111011011
1000010001111011100001101110000101100001011010001110100000000001011100011111101011101111001011111100110110110110110001101111000010000111001001111101000011101110100110111101110110111010110001101101000001111100100100111101110001100110000101000001110001
1011011100000010111101100011111101001111010010111011110111111011000111110001111011000011101110000110000011100100000100100001101110111101011100001101111110100010110110100101000010010010111101100111110101000111110110000100110111110011110100011100100101
1010001111111110000101001000100101011000010110110001100001010001010011000100110010011001101000110011101011001101110111111101000110100001010101111001001000101000100000001101011111000110101000110010010111010000100111110111100101011000010110110001101111
1011011000100011101101101010110000001110110010100101001100010111111001110110000110111100001011111000111000011101100010000001111100101101010000110011011010001111101101111101000101111100100010011011010100011110001101010110001100001011110010011111000011
1001110010001000000100111010010111111100011010101100011111010001101100011111011111110111101010011110001010111000111110110111000101111101010111100110010010111000111111000101101100000101111111010010010101110011111000010000111001101000111011001000011001
1100100111111101111110011111011101101001110010001111110110010100000111000001000100010001111011000011101011100011100010011100010000010001000000101111000111110010001010010100100101110100110001000110110100111001010011011111101100101010001001100011111101
1110101110001100000011000100001000101011011010111000100011110110110001111101010001000100110011101001101111001110001010111001111111000101011111101100011101100111100000110110110101100001100101111100100110011011000111000010000110101010101100101010001111
1100000100101001101001110111101010001010001010110010101000100100100101010101011111111110010110001100100110011010101010000011010001111111000011001001110001001100111111110010000100110101001101010001101111001001011101011000111100101111101110101110100001
1001111101101111001111000100001011101011100011100110001010101101101111000101000000000111000100100110110100110010111011101000010100000010011110011101000100011110110000011011101110010111011001010101000011101101001001001110011001100001101000111000101101
1101010001000100011100011110101001001000110111001111111110101101001100010001011111110001110101110111100101111010010000111010110111111011010000110101101111110000000101001000101111011100010011010100011110001101100011100111001011111101001011100011111101
1000010111010001111001111000111011011110010001011011000110111001011001111111110000110101100100011100001100100011011110001011100101100010010111110001100000100101101101111110100110001001110110010111110000111000110110110001101001100000011001001110000101
1111010001111101100011000011110001000011011011011000011100110011010011000000000110011111001101011001100110110110010111101110001100101110110100010111001110101111000111100000110100101011010011000001000111101010110100011101000011001111111100011100110101
1100011011100001001110011110011101101110001010001101111001100111110110011110111111001010011101001011110010000110110000100111011110001011100101000101100010100011011100001111111101111010011001010101011101000010010001011001111001111000000110110001110001
1001111011001011011100111010110000100111101000100001100011001101100011011010001101100011000101101000111011110100111011110100001100111011001101111101001010101001010001111000100001010011001101110111010100011110111111001011001100100011110011110111011101
1101001001111001010001101000100111110010101101110100101110011000101110000011100101001001110001101110011011010101100010000101101001101010011001010101011110101111010111011010001111000111100100011100010101000111100010011001100001101110111000100100001101
1001101100011011010101000011101101011000100111011110100100110010101011101001110001111100111111001011010001000101001110111111001011000010110011000100000100101000010001010011100110011100001111000101110001010000001000110011001011001010001110001101100001
1011001111001110010111110110000101000010110011000110110101110110101001001100111100000110011000011011011101011101100000000000011010011000110111110001101101101010111101000110001100110110100001010101100111111111111111100110011010011000100111111100111111
1011100001101000110000100100110101011110111000010011100101000010101101011110000110101111001101001001001001000100111101111111111010111111100100011111001001001011100001011110111001100011111011110100110010000001100011001111111110111101110000000110110001
1001111100101011100110110001110001001000011111011000001100011110101000000111110011100001100111101101101101110110000100010000001000101000101101000001011011011010001111001000010011001000010001000110010110111100101001011000110100101000111111110110000101
1101000001101000101110110111011111101101110001111111111001000010101101111100011001110111110011000100100111010111010111110111101110100011101001111101110010001010111101101101110110011101010101010111011100101110101100010010010101101011101000010011111101
1001010101101110111000100011010000101000011100110000011111111110100111000111001100100100011001110001110000010001110011000100100111110111000011000101100110111010100001000101100100110001000111011101011001100110100111110111000101000010001111011000110001
1011010111000010010011101110010110101111001110010111000001000010110001010001100110101101001100011100111101011100111000011110110000010010011111110000001100101000110101010111001110011101110110011001000011110100110001000011101101011110100010011110100111
1011110001011111011010000010110100100011101011010001110100011010111100011100110010100001100111001110010001000101101111110000011111011000111000011111111001101111100101110001011011110001100010110011111110100101100100011110001001010000111000110010101101
1000100101001101001011101000100101111001000001000100011111111010100111110110011000101011110011100011010111111101000001011111000001001111100010111000011011000100001100110101011001100100110110100111001000001101001101010000111011010110010010000110000001
1110101101100001101000101101101100011101111101011111001100001000110011000011001111111110011001111010010000100001011100011000011111100000110110001110110010010110100110011100001100001110011100001101100011100001111111110110110010010011011011010011111011
1010100100101011001010100111000111000101101001110001100110111110011001011111011000000100111100010011111110001111000110110011001000111110100011100100100110110000110011000110101101011100110001111000001110111111100000010011100111010110010001111111000001
1010111101101010011110101100011101110001001011000100110010000111011101000001000011110110010111010111000111100001110100000111111010000110001110110110001110011111100111110011100111000101100100110011111100100010101111011001001100011100111111100001111101
1010000100111010110000111001111000111111011010010110111010110001001100010101111110010100110000010010010000111100110111110011000011010011111000010110100000110000001100011000110011010101101101100110000101101000001001001101011001110001100000001101000111
1011110110011000111011100011000011100000011000111110100010011011100111110111100011000101100110111000111110100110010011011001011111011000101101110100111110011011111001011110011001110111001111001100110001101111101101100001011011100101111011111100010001
1010110111001111100010110110010110001011001111101100001111111000110000010001001011011100001100101111100010110011011001001011010001001010101001000101100011001111000011010011001100000110011000011001111011000100001001111011010011001100110010100101010101
1000100101100000001110000100110000111111101100000111111000000011111111011100011001001110111101101000111010010111011101100001011011101110001101011111001001100110011110011011100111110100110011110011001110011101111100001001011010011001100110001111111101
1011101100111011111011110110011111110110100001110010100011101011000101001001111101100011100001000010100011010001000101111111010000100011101101000010011100111100111010110000001100011101100111010110011100111001000101011101001000110011001111011011000001
1000001110001010000000100011000000010100111111011000001001111110010001101101101100111011001111010110101111010111110101000010000110101001000001110110110110010001100010011110100001010001001100000010110001100011010101000001101111100111011010000010010101
1011111000100010110110111011011101000001100000001111111100000010111011101000001001101000011011010010000100010100000101010110111111111101111100010010000111000111110111000011111111000101011101101000100111101110010001111111000001101101011000110110111111
1001100011111111100100100010001111111101101111011000000111101000101000101110111011001111110000011011011101110001111101010000101000000001000110111011110101111101000101111000001001101111010000111111101100001100111111100011111101001100010011100010000011
1100110111000110001101101010100110000100111100010011110000111111101010100111100011100100010111111011110001010111010000011111101011111111110010101000010101000100010000101011101011101000010111110000001110101001100011001000000101011001111011001011111001
1110000100010000101101001111111100110110011001011010011110010110101011110100001000110001010000101000000111010000011111010000001000100000111010101101110100010111111010001111001010101011110001010101111000101111101001011111110001110011100010011000011101
1011111110111011111000011000011001110011000011001010110111010010001000000110111110011011111110001111111100011111010001000110111110101010000010000100000001010010000010111000011010001001100100000111000010101100001101001000011111100111001110111010110001
1000000010110010010011110011010011011001011111100010000100011000111111111100010011011000010111101000001101000001000101111111100010101011111111110111110111111011011010100011111000111100111101101100010111111001111101101010110000101110011010010011100101
1111111000100111000111000111000110001101110001111111010101111101110100000111010111010011000100101110100101011101111100000100001010101000011000000011011100001000011111101110001101100110001111001001011100001011101001001010011010100011000011011110001101
1000001110101101011100011101111111011001000100011001010100100000000001110110010010010111110001100000110111001100001111110001111010101011000011111110010001101111110000101011011001110011100001101011011001100010101011101011010010111001111110010000101001
1010100011101000011001110000000000011101011111001100010110101111101111100000111000111110000101111110100001100111101000011111011010111111111001100010110101000010000110101000011011011010111100111010010011111110000011000001010110001100011000110111111101
1011111001001011110011000111111111010001010011101110110100101001001000111111100011100000110100000011111100110100100010110010010010000100001100001000100101111011011100101101000001010000000110100011110110000010111110010111010011101111001011110001000101
1011001100011010000110011100010000010111000110001000111101100011011010011000101000001111111111101001100110010101111010111000110111010101101110111110101111001000010101100111010100011101011110001110000111110110001011111100011010100011101000011011010101
1001100101001110111111011001011101110011101100111110001100101011010011000010111111111000011000111100110111010100001110010010010100010101000111100000101010011111110101110011111101000111000011100110111101000111101000010001110010111000001111001001010111
1100101101100100100000010011000100111000101001100100100110111110010111111110010000001110110010010110100100010111100111000111010101111101110011001010101000110100000100011000001101110001101001110100100000010100001101011011000110011111111000011100010001
1110100001110101111011010111110110001010001011001101110010100010110000010100110111100010110111000000101101110000110001110011010001000001011001011011101011100101010111011110100111000100001111000101110111111101111001010001101111010000001101000111010101
1000111111000101000010010010000110111111111001100000010110101010011011000101110100111010000011111110000100011010010100010110011101011111011101110001101000001101010101010100110001010110111100011101010000001001001101011011001100000111011001111110011101
1010100001111101101110111011011100011000011101001111110000001011000001111100010101101010111010000011101111001111011111010011110001000100010000111011001010111101010001000111111101011111100001110001000111100011100101010001011001111101000011000011110001
1011101100010001001000011001010101110011010001011000111111101001111111000001110001001011100010111011000001100110011000011000100111110111000110001010011110010001011111110100000001001100001011000111011100101111110001010101000011000001111010011000000101
1011001111000101011111001101000111000110010111000011100001111100010000010100111101011011001110001001110111110010110011001101101100010011111111101010111100110111011000100110111111011001111111011101000001111001011101000111111111101100100010111111111101
1010011011111111000001100101110001101111010101101111001100110001000111111110100100001001011011101100011100011010010111100100001101011001000100001010101001100001001010001100100001110011100000010001111101010011000001010100000000111001101110010100001101
1010110000101010011100111100011100000110000100000100011110011011101100001010101111101101000000101111000001010011010111110111111001011101010111101010001011001101100011111110001101000110101111110100000101000110011011110101101110110011101011000101101001
1010100110001010110110001111000111111100101111111101110111001000111001100010101000100101111110101011111111000110010011010000011011000100010000101011101000011000111110000011101100010000100010100101110101101100110010100100101100010111000001101100101101
1010101100101010010111100001110100000101111000001001000101101010100011111010001110101101000011101000000001111100111001011111001111101111111110101110001111111110011000101000100111111111111010101100010101100001100110101110100101010001101101000110100101
1000111001101011000100110111010001110111100011101011010000101111101110001011101000100100011001101011111100010101111101010101100101100000011000100010111100000111001110101110110100001100001010000111011100111101001100001000110111011011000111011100110101
1011100011001001110110010011011111010010110110001010011101100011001010101001100010110111111100101001000111000101111001000100110101001101110011111010110001110101100011101010010101011001100010110101001110000101011111011011110001001011011100001001100101
1010001110011100010100111000010101011010000011011010111000110110011000101100111110010000100110001101010001101100110011010001100100011100100110101010000111100100111000001011010001110011001111110001100111110101000110001000011101100010000101101011001101
1011100011000001010101101110110000001000111110010010001110010100110011100110100100111110110011111001011100001110100111010100110101110110101100100010111110001101101111111001010100100111111000011101110011000111010011111111001100111110111100111001011001
1000101001111111110001000010010110111111100000110110100011010001111111001100110001100000011001010011000111100010101110010110100100100000100110001111110000111000100010001011010110101111100011011000111000011110011001100001100110100010101110001101001011
1110101101000000011101101011000010010110001101100111111001111111010000011110100111001111111100010111110010001010001010110011101110101111101110100010000111100010001010101000010011100011001110001110001111010000111101001100101100001010100011100001101111
1000100100011111001100101001111111000100101001001100011100000100011010110000101100011000010111000100011011111111111000111001001100101000100011101000111100111010111110101011111001001110011011100011101001111110000101011101100111111000111000111111100101
1101110111110001100110001101000011110101101111011001000110110101000010011110101001111011000011011110111000000110001110001101011001111010111000111111100110000010100010100010001101011000110000101000101100100011110100010100110001001111110010001000110001
1000010000010100110111111001011001100101111000010011101100100001111111001100101011000011101001011010001111110000100011101101001011000010001101110001110011011111101000111110111101010011100101101110100110001000110111110110011101101000010110101010011011
1111011111010110010000001011001101001101000011111000100001101111000011011001101001111110001101001000101000011101110111001001101001110110100100100100111000001100001111100010011001000110111101111100110010111110100100010100111000100011010110111011001001
1001000011110111010110101011101101011000010110001110111111100011011001110011101100100010111101100011101011110001000010011011001100100011110110101110011110101001111100001011001011111100000101000001111010110000101101000101101110110111010010010011100011
1011111000100101011100101001000101001111111100100000101100101110001100110110000110101010001000111110001000010111111010110011011110001010000110001011000010101011010001101001100001100111010001011011100010100111101111101101100010000101011011110110111001
1000101110001101001110101101110101100010001001110111101001100100111110010111110110101011101110010010111111010010100010010110010010111110110011111001111010100010000111111100101100110010011101001110001110101100100010001100111011111101010001100100011101
1010000011111001100100111001000101110110101011110110000011001101100011010001000010001010001011010110100001011000101111010110110110000110011111001100010010111110111100011110100110011000111001100100111100101001111010100110011010101101011101001101110001
1111011010001011110110100011011101010000100010100100101001100100001001011101011111111010111001010010110100001110100110010010100011010011000001100001110110100000110001001010110011000010100011110101100001101100000010110111001000000101010001011001000111
1000010000100000010010001111010101011111111110001101101100110111111101000101011000001000101100010110010111100100110000110110101010011001110101001011000110110110010101101010011011101111111111000101110101001111111011110001100011110100000101011011011101
1101010111111110111011011000010101010100010000111101000110010110101101110001001111011111100101110011000101001101111111100100101000111100110101011010011100100010110111001011010001111000100010011101000111011010001000100101111110010101111111001000011001
1001011110000100100010010010110001000001010111110001011111110000001001011111100000000110001100100111101101011001000010001101101111100110010101010010111001101011100010011000011111000010101010110100010110010000101110111101010000110000110001101011110011
1011001000110101101110111110110111011011110000010111011000011011101011000000111111011100101110110010111001010011011010111101001000101111110101110110101011001001101110111011111000011110001000100111111100111011100100000100011110011111100100101010000111
1010011011110100101010100000100100001000111111010011110011010001111011011111100001001001101000111000010011010111011110100001011010000011000100100100100011111100001000100000010011110011111111110010001001100010110111110001000000110100001110001011110111
1011010001010111101000001111101101111110000010011000010111010101000010010001001101100011111011100011000110010001000000101011001010110110011110110101101001000101011011111111000110011001100001111000101011110110100100100111111010000101111011111000100011
1001110100010010001111111000101001100011011010110011000100010111011110110100011000111000010010111111101111011101111111101111101010011100110110100101111101010111001000011001111111001101001100101011111010000100101101101100001111110101100000001110111001
1100010111111010111000011110101111001000011110110111111101110010010100100111111110001111010110010000101010010100000001000110000011110001110000001100010100010011011111001101010001101001011110000001000010111110001000100101100100010101001011100010001101
1110110110000010001011000010000000011111110000100101000100110110110001101100011000111100010011000110100010110111111100011100110110000101100111100111000111111010000011101100000100000011010111101101011110011010111010110101110101010101011000111011101001
1000010010101111100001111011111010110000110111110100010110100100011011000101000010110001011000011110111000100000010111110111111100101111001110110011110110000010101010001001101111110111010010001001001011001000110010000100010001010101111110001111001011
1010111010101000111111000000011110100110100100010001010010001101110000010101111011100111111111111010110011111101000000110000000101111010011000111001000100111111111110111111001010010001011010111101101001101010100111111101011111011101000011100001101001
1010000010111010000001111111000100101110001101011111011011111101010111111101000001001100100010101010011000011001101010011011110001010010110010011111011101110100000100010110011000110101000010000100101100101110110001000111011000001001011000110111001101
1011111010110011010100110001110111101010111001000011011110000001000010001101101111011110101000100011001101001111101111011001100111000110000111001000010000010001110101010010110011100101110111110110100110000100011111010001001111101100011110010011011101
1010001110100110010110010100010010001000011011111001110000111111111000101001000011010000101101101001100101100001001100001100111100011111111101101011111111000111010111011010011011001100010010000100110111010101010000011101100010001001110111011000000101
1010100010001110111111010111111010111101110010001100100111110110001110111011010110011011101100101100110101111101011001101110011001000110101001001011000011111110010010010011010010011111010110110101110001010111010111110100111010111100110001001011110001
1010111010111000101100010100001000110101000110101110001100010100100110100011011100110001000110100110000111000100011111000011001101110010000011011000011010100010111000111000010110111100010010110111011101010110010011000101100010100110011101101110011101
1110101011100011100101110101101111100101011111100011111101000001110011101110010001111011010100110111111100010111110001011001100100011000110110001111110010001000101111100011110100101001110110011110001101010010111001010000110110110011011000100011001101
1100101001001110110101000001000011001101000001111001000001110111111000001000110111101010011101110100001101110000010101111100110110111111110000111001000111011110000101001111010101101011000011000010100001011010011101111110110100011000010010111011100001
1001101100011010100001111111011001101001111100001100011111010010111111111011100000000010111000010001011001011111010100101110100010010100011110001011011101000111110101011000010101100010011111101010111111010011001101100010010111001110110110001000101111
1011000111010010001111100001011100101011010111100111010000011000010100001110001110101110101011010111000011000001000110100110111010110001000010100001010101010011000001010011000100101110110001101110100001110111011001001011000101100010110011111110100011
1001010100011000100110101101001001100011000001110001011011001111000001100000111011111000001001011101111111011101111110110100010010100111111011110111010100011001111101011001110110100110110100000100110100000101000011011001111100111010000110001000111001
1101110101111111110010001101101011001110010100011101000011100011111111110111110010000011111101001000010001111000010010000111011011101100001000110010010001111101100001001101000010110100010111110101100111101101011010011101000110001011011100101011101101
1000110000010000011011101000001010011000111111111001111110001001100000100100011010111110000101100011010100110011011011110010011001001001011110011010110100000100101111100101011110011101110001010100110001111001001110110001110000111011110001100010000001
1010011101110111010000101111101110111010011000001011000000101111001110110001000010010000110001111111010110010110000000111010110011011011000011011110100111111110111000110001000111010000111101000110100100001101100110110111100101110001100101111110101111
1011001000100011011110001000100110100011010010101011111011111000011010011111111011010110011111000001010111000100110111100010000110010011101111010000111100000100010010111111011100010101100101110010101111101100110100010000101100000100101111000011100001
1011101111101110010010101010111100110110010111101010001010001101111011001100001001010011111000011011000101111101111100001111011111010110100101010101110001110110110110000100001001010111001100011010101000100110010101111110111111111110100000011001110111
1000100000100010111000111010000101110011010001000010101110100101000001101001101011010110001101111001110100101100111001111101001000010010110001010101000111010100010011110001111011010010011111001010100010110011000101100010000100001010101010111101010011
1110111101111010011111110010101100011001111101011110101100110001010100100011101010010100100111100011100110000110010011000101011011111000011101011101011100000001011000011111101010011010111001101110101111100111110100101011011101101010111011100101011001
1010010100001011000100000111100111011100001101110000100101111111010110111110001110110001110001001000111100110010110110011100001000101110110101011001001111101101001111010000101011001000010011101100100100001100011110111001001000101010001001110001001011
1011000111100011101101111111001110001110111001100111110101000000011111100100100110111111011101011010011001111000100111010001111110001000000101001011100000111101100001011010101001101111000110100101110101111101000010000011101011101011101011000111101001
1001101100111110101000000010011100111000001011001101010001111111000000001101110100100000011001001110110011101111101100010111101011101011101101100011001010001000111111000010001101100001110010110101010100000101101110111111000001101000101110011100101101
1011000001101000100011101110111001101111011000011100011111000001011101111101111101101110110011100011100110101000100111000000000011001000111000111110011011101110010001111111101100111111011010010001010111011100100110100001111101001010101000110110001101
1010010100001010111110001000110011000100001111110101001000011101000100000100110000111000100110001001101110000011110010010111111001011110010010101010110000100011010100000100100110001000001011011111000101001110110000101100001111011011101010100000100101
1010111111100011100011111010010110010001111000010001100011111001011111101110000111100011101110111100101100101001011011110010001111011011010110100011100110101001110111110001110111100010101011000001110101100010111111101111100110010000000011111011111101
1010110001110110001000100011010100111100000011011111110111000011010001000011111101001110001010100110100111111100001000011010100110010001010010001001111111101101000100011100000101111111101000011100100000111010100010001001110100111111011010001000010001
1010100100011100111110101011010110100111101110000100000110011111110101010110000000011000101000001110110100010110101111011010110000110111011011101100000001100101011101000111111100000001101111110110111110101000101110111100010101100001111110101101110111
1000101111010001100010001110010010110000100011110110111100110001000100010011011011011011111011111000010101000010111011001010111111100100001000100111111100111101010111010011000001101100100001000110001010001111100010000111000000101100000000100100010101
1111101101010111101011111100111010000101110110110110001001111100011111111001011001110010110001100010110001111010100001101010001100001101111110111100000110001001010110011010011111101101111100010011101011101001110111110010011111100111010101110110110001
1000001001000100101000010110010011110100010010010011101011000001111000001101001100110110000111001110011111010000101100101111100101100101000010000110110011101011010000111110110000100101010111111000001010001100000001011010110000110001111111000100011101
1101111011111101101101110000110110010111111011011000101001011111100010111101100110010011011110011100111000000111101101100000110100111101101011110010011000000010010101111000100110110100010000101111111010111111111100010010100110011100111000011101011001
1101000000001101000100000101100111000100000010011110101101010010001110100001001111010110011010110001100010101110000100111110010110000101001000011011111111110110110100010010101110100111011110000000101010011010001001010110101111000110010011111001010011
1001010110100101011111111111001101110101111111000110100100011000111010101111011100010011000010111111101111111100111110000111010110110101011101010010001000110010111101010111100010101100000011011110100011000000101011010111101111011110110110000011110111
1011110011110101000110010000011000011100110100010000110111111101100000100011000111111001110110000110000110001001100010111100010010010101010111010110100010011010001111010011001010100111111000010000110111111111100011010100000110011000100011010111000101
1000111001010001110011010111110011000110010001111111100101100001001111101001010001101100100011110000111100100011001010001001111011010001000001010100111111010011100010011001011011110000011111110111100110000010111001110101111100110010101110010010011101
1010011100011100011010010010000111110011011011010000001100101011011000111101110101000110101001011010011001111110011011101011001011011111111101010001101100010110111010111101110000011111010001000010001100111000011100100100100101100111100011111010111001
1011010001000111110011011000111101011000010010000111111110101001111010010100100100010010101100001111110011100010110001101011100010010010000001010101001001111100000010000100111101001101010101101011011001101101001001101110101100101101111000101000001101
1001011011101100000110001111110100011111110110111100010110001100001011000110101110111010100111111000110110101000111111001001101011011000101111011111101011000001111111010110011001101001010100111010001011000101101011001000100110001000101110001111100001
1101010010101101111111011100010001001011000100101101000010111111011001101100111100101010111110001010010010001010001000011100101110001011100011001110001010011111000100010110110011001011000110011010101010011101001001011011110011111110001011100000111101
1111010110100001000100000101000101101000011110100001111000100100011100101101110001101010000100100011011010111111011011010110100100101000101001100100101000110000010001010010000111011001111111001000101000111001011101000010000110000011100000111110011001
1110010110111111010111010101111101001011110110101111101111110101110101101001100111001011110101111110000010000101010010000110110101101011111101111101101111100101111111011011111110011100100011101110111011100011001001011110111110111001101010000111001101
1100110010000001010000010100001111011000110100100000000100000101100100101011001101100010010100101011111110111100010110111100100111001001000100000100100000110100110000011111010010110110001001100110110010001010011011111000000010101100111110110011101001
1001111011110100010111111111100110001110000101111111110001111101001101100011011000001111010110100001100111100001010110001101110010011011010110101110101111100110011011110000011010000111101100110011100110101111110010110011111000100110000010011000101101
1011001001100101011100010000110100100011110000110000011111000000011100111110001110111000010000101100001101001101110011111001011010111010010010101000100000001111001110000101000011101100000110011001001100100100010110011000011101101111111011011110100111
1001101101001101001101000110010101101110111111100111000000010101000110011000101100101010111111111110100000011000111000110011000010001010111011101011111111111001100100111101111110101001010111011100011001111101010111001101110001000100001011001100110001
1011100001011001011001011100110100111000000101001101101111111111110011001110111001100010000100000100111111110011101110100111111011101110101001100010000101000011110101110100000010001011011100000111111101010001000101100000100111010001101001100101111101
1000110111001011010011110001110110110011010001011001101000110000011011100010110011001111010001110110011000110110000010101110100010100010101100111010110000011001010000010111111000111111000111110001000001000111111100001111101101011111101101110101011001
1010010001111001110110110111100010010111011100001100001010011011001110111010011001011100011111010111001101100000111110101100001110111000101110110010100111111100010111000110101111110001110010011101011101011101101001011000001001011000101101000101010011
1011011100001100010100010000001111000001010111011111111011010011100100110011001101110001110000010011100100001010010000100001111100011111101000100111101100000110110001101100000110000100111011000001000111000100001011110011111011001110101001010100010111
1110010111101111010111011111111001010101010110001010000001010110110001100111101000000111100101011000110111101111010110111111000001110000000011110000001110111100011111001001010100111110100011111011110011110110111011000110000001100010101011110101110001
1000110000000010010001010000001011110111010000111000101101010110011011001100001111111100110111001010100011000101110100100011101111000111111110011111111000010001110001100011110101110100101010001000011001010110010001101100110101111010101011000111000101
1011111101111010111100010110100000110010010111101011111111010011001011011110111011010001100010011110111010010100000101101110000011011110000000110001101011000100010101001110100001000101101000101111001100010011000111001101100111000000101000010110011101
1001000111001010100111011110111110011010110001001000011000011001101001010110100001000111001110111100011011011101111101001000111010010010111101110100101011111111010101111000001101101100111101100011111110111010010100011000101100011110101111011100110101
1101010001100010001100001100100111001110111101101101001011001101001101010000101100010010011010011001001001011001010001100010001010111000001000010111100001100011110100110011111111000110000100101000011010011011110101110011100110111011101000001001100001
1100011100111000111101100001110011100100100100000111101011111001011001011011111001111000110011001101101101110011010111111111101010011111111011110001101111001001000110011011000110010111110110111111001011001000100100111110001100100010001011111011111011
1001110110001111100000111111011000101101110111110011001001000011011101010010010011101111111001100111101100010110010000011000111011010100010000000101000010011100010011001110010100110000100100011011100011101110111110100010100101110110101000101000010001
1011000111100110001010110000010010000101000000011010011101011111010001000110110111000001000011110011000110110100111111000010110001000001010111110100011010110111111111101100110101111110101111001010101000100010000000101000111100110110101110101111011101
1001110000110000111111100111011011111101101011110010110101000001010111111100100100011101110110111001110100010101100011111110100101111111011100011110110010000000000001000001100100000011101101101000111110110111111111101110100001100100100010000010010001
1100100101111110100011001100001110001000101010000110100101111100010010000110001110110100110010001100000001110101111010001100001100100001000001000011111111010111111101111111001101111000100100001101100000010000000110000011101111001101111011110110110111
1110101100100011101000011001100000101110101010111100110101100110111000111100101100100110010110101111111111000100110000100111111110101101111111101000010001110010101001000001011000001110110111100000101111011111010011011011001000011000010001000100100001
1000101110001001101111111100111111100110101110110101100100101110001110001101111001110111010100100000011010011110010111111100010100101111001000111111000100111000101011101100010011100010110000111111101010000011011001111000011101011111011111011101111101
1011100011111100100000000110010001110100100100100101101110000011101011100001010011100100010001110111010010110011000010000101000001100000011010010001111110001010001001000111111111001010011110001000101010111001001100110011110001001101010000000100101001
1010111000000110111111110011110100010001110001101100001111111000001001111111000110101101111101100101000110011011101110110001111111001101001011000100000011101011011101011110100010011111000011100010001010011111011111100110000111101001000101101110101011
1010101111110010110000111001000111010111010111000111100100011111111011000000011100100001011001001101101110110001000100111111100010011001101001111110111011001001110001000100001011110001101110111110111000110000000100001100111100100011111111000110101001
1010100010010110011011101100011101011101010100010000110001010100001000011111110110001111000011011001101000100100010101100011001011110011001100010010001110011111100111110001111001100101100000110000011111100111111101111001100001111010100001111100101011
1010001000110011001000000111110001011001000111111110011111010001101010110000110110111001011111001100001011111110110101101000011000100111111111011011101100110001001100111111001101001100111010011110110000001110000001000011111011001010101101100001101001
1011101101111001100011010100000111010011011100000000110001011100111010000110010100100011000010011111011000000011110100101111110010110000001001010000101001100101011110100001101101011110011011001100010110101010111111010111000001011010100100001101001101
1000100100011100111111010111010100010110010110111110100101000110000011111111010101111011111010110001001111101000010110100100011110110101100011000110100011001101000100001100101001010111001001100101110010111000100001110100011100011000110111100111011101
1110110111000110001100010110011101110010110000101010101101110010101110000100010100011000101010010101101000111111010110101101001100010111001001111100111111101001110110111110001011000101101101111100111010110011101100110110111001001110110000111110010001
1000010110010010101001010000110001000110100101100010001000011011101010101101110111001010000011000100100010100000010000001101100101011100011101000110100000001011000100000011101011110100101100001110001011100110100110010010100011011010011110000010110111
1111011100111000111011110111100111010100111100111011111101001001000011100101000001101110111111101110111110101011111011111001110111000001110101110010101111111010011111101110001010100110100101100111101011001110001111011010111110000010110010111010000011
1101000111101010100010100100001100011101100001110010000111101101111000001101011101100110000000111000100010101010001001000011010001111111010100111010001000110000110100000111011000101100110100110011001001011100111101001010000011110110100110110010101001
1001110001100011101110101101111001010001001111100110110011000100001111101001000100110011111110011010101000101110101111011110010101100001000110000011111110011111100001111100001110001110100110111000011101010001101001100011011000011100101100100110111111
1011011101001110001000000100011101110111100100001100111000011111101000101011110110111010000011001110101101100000100001001010111100001101101111111011000111000000101111101001100111111010101100011111000100010111100011111110001011010001100110101111100011
1011001001011000111111111111010000110000110101101001101111111000101110001010100010101010111001100110111000101111111101101000101111111101000000011000010011010110101010001011110100000000100111010101111111000100001001000011011010010111110011100011001001
1001101011001011110000001000010110011110010101111011000000000010100011011010001110001000101100110010010011111000100100001010100001100101011011001111111001110111100011011010110111011010101100000001000001111111011100011110001110110100011001110110011101
1100001001101001010110101011110011000011010100000010011011111110111001110010111000111111101110011011011000110010101111111011101101001101110001100101001100100000111011010010010110001010100111111011010101100010010101111000111000010111001101010000110101
1110101011001100000011101000011011101001000101111111110011000111101100011010001101100011000011001110001110000110000000100010000100011101100100110000011110110110000000010111000010111010110010001010011101001000110000110011101011110000011000011111110001
1000101001111111101001001110111001101011111101100011000110010000000111010010100100001001011001100010100011110011111111101000111110110101001111111101000010011111101110110100011010110011111010111010111001011101110101100110001000011111010011000001100101
1011101100110000101111011010001100101000001001001010010010111101111100011011111111111101011100111011111010010110000000001011100000100101111000001001111011011000100011100111111011100110000010010010001011111100011101001100101111010100000111111111001101
1001000110010110111000000011100101101111111011011000111010100100110001110010000000110001010110001001000011000010101111111001101010001101000011101100001000001010111010001100010000001100111111010111101000001001000111011110111100000101111110100011011001
1101110111000100011011101000110100100000011000011110001110001110100111000111011010000111010011101101010111111110111000001111001111011001011110100111011111100010001010111001011010100101110101000100101111101101010000010000100001111100001100001000010011
1100011101111111001000101101100111110111001111110011011100100110101100011101001111110010010110100001010100011000010011100100011100001011001010110001110001111111101010000011001110110100010001011110100001100111011011110101101111000111101001111111110111
1001001000110011101010111000110100010001100000000111010001110100100001110001101100011010110010111111010001001011110110110101010101111011100010111100100100010000101110111111100100111111010100010000111100110001110010100100100000010000001011000101100101
1101100010011000101110001110010101011111001111110001010111011101111111100100001001001010111000000100011111100001000100000001110000011010111010100110001111010110100010100110110101100010010111111011100110011101100110001110111111111110111010010001001101
1000101011001101100110100011010001000010011100011100010001010001000010001111111111011010001101110110111000111111011101111111100111001000101000110011111100010010111010001100000111001000110011011000001111010001001100111010100001100011100010111011011001
1011101001100001110010101001011111111011011001000110110111000100011000111000100001001011011000010010010010010001001111000010001100011010001110100111010110111011100011011001101100011111111010010010111000010111011101100010001011001011001110010001011101
1010101100111100111011101101011000001010001011110011110100010111111111101010001100011001001111011011010111011101100100011010111111001010100110101100000100100001001110001011101001111000000010110110001101110110000111001010101110011010011011011111000101
1000101111110001101000101101010011011011101000011000010101111100010000000011100111001011101100010010010001010000110001111010000110011010110010100101110101101100011000101010001011001011111110010011100100010010110001101000111000111000110000010001110001
1101101000010111001110101001010110001001111101111111010100011001011101111110110001111010100101110110110101000110111111001011110011110011111110110000100101101111111111101011111010011011000010111001110111011011110100001111110011101111111101010100011011
1000100011010001011100111011010100101100010100110110010110110011000101000010010101000000110001010110100101111100011001101000100110000111000010011110101101000000101000111000011010110001011010111011010001010001000111111000000110000010000001010111011001
1110111111011100010001100010010101111101000110000100110110000111110101111000110100011111111111010100101101000101001100001110101100101110011011001000101001011010000010001111010010000100011010010001010101011101101110000011111100111011111011010101001101
1010100001001110110111001111110100010111110111110101100011111101100100110010110111110000000000010101111000010111100101101010100101101000111001101101101011011111101110100100010111111111110011000100010111001000111000111110001001101000011001110101101101
1010110111100110100001100110000101000011010001000100001011000001001110000110011110010111101111010100010010110010110100100010101100111011101011100101001001001000111010110001010001100000111011101101010011101110011010100000101101001111000011100000100101
1010110001110011101111110011011111111010011011011111111110011100011000111111001100110101001000010111010110011000100110110110100110011010001000110001011101101010001010111111011101001110010000111111111010100011000010110110100101100101101000101111110101
1010011100111001101011011000000010000000110001000001000010110111111011100001100001110101011101110100010110111110110111100100101111000011101101111111000100111011101000010001110101011011011110011000000000110111101111100100110000110000001101101010000101
1011000110001100101010001101111110111110011101111101011000100011000011001100111011000101010001000101110011100000100001101101100111111110001100010001110110001001001111110101100100010011000111001110111110010000111000111101111110011111111111001010111101
1011101100100110001000100100010000101011001100011001011111101001011110011110011110011101010111011101000110001110101101001101110010000000100111000100010011011101011000000100001101111001110011100010110000111110001010000101000111110000100010011010001001
1000100111110111111011110101010111100001100111001011001100001100010000111011000000110001011110010001111100100111111001011001011010110111110101101111111011010001001011111110111111011100011001111010100101100011100011110101010000010110001010111011011011
1010110000110000100010100111110100110101110011100011100110100101110111110001111110111011001010110100010001101100001100010011011011100001000100101010000001000111101000010010000110010001111100110000101100001000111111000101010110110010111010000011000001
1010111101100110001110101100000110000100011001111110110011111100010100000100001100001001100010011111010111111001100110110110001001111101011101100010111111101100001111010111011100110100000110011111111110101101100000011101011100011011100011111001111111
1010001101001111011000100001111111011111011100001000111000001111110101110111111001101100110111000001000100000011110111100100101100011001010000111000011000111110111100010001000001100111110111001000100011101111001011110101010001001001101011001101000001
1011100001011001001011111111001010010001001111100010101111101000110100011100001111000001110101111101110101111110010101001111100111001011011010001111110010010100100001111101110101001100010011100010101011000100011110110000010111011011001000011101011101
1001111111000011101001101011100000110101100010111110100001001010000110111001100001110111000000110100011101001000110100011000110001101010010010100010000111000101101111100000100101011111011001111110001001011101110100100111110110001010011111110100010001
1100100001111001101100100001111011111100001110001000101101011011111100001011111100011100011111100101000001101010000101111010000100100010110110110110111101110001101011001111101111010000011100110111111101000101000001101100010011111010110000000111110111
1110101100101011001110101100010010001110111000100011100111001000100001111001100111000001011000001101111111001011111100101011111101111110010100011100100000011011001001011000100100010101110110010100010101111101010101001001011000010010000111010000100101
1000100110000001011000000111000110100011100011111110110001101110111100011100110011010101110011011111000100011010001110100000010000000011010101110001101101110010011100000010110001110100000011000001000100100001011111011111001111000111111101011110101101
1101110010111111001011011101101110111011001010000000111100100010001111010110011000011111100110011110010101001010101000110101011010110111000100011011100101000110110001111110011111011111011111111011110110001111010001001100011011111110100001010110100001
1001010110100001101110000000100010101000011111110110010001111011100100010011010010111000001111001100110101100010100010011101001110011100011111001010110100011110111100110011000010000110001000110010100111111101000101100101011010000000001101010000111011
1011000011101101000011110101111010001111111100000111011011001000110001010111010110101011111011100001110001111110111111001111100111001001110001111010110111110010000110011001111000110000111010000110001100010101011100110001000011011011111001011101110001
1011011010001001011000011101000011100110011001011101011000011110111111000001011111100001100010111111011111001100100001100010110001111011100101100010000110100111110111001100001110011110110011111110111001010000010110011111111001111000110011000100011011
1001110010111101110011000111011000110011001011110101001011110010010101101101001110001111001000100000001101100101101100111000010101100010101100101110111100001100100011101110111011010110100110000010000011010111110011010001101100001010100111110111001001
1100011110010100011001010001011111111011100010100001101010000111000000100111100100111010011101101011100001110100100101101111010100001110101110001000100001100001101110100010000011010100101100101000111110010010000111000100001111101010111100010001111101
1111000011010111001111111101001000000001110110001101101000110111101110110010110001101010110100101000111011000110110100000110010111111010100111111101101101110101001010111011011010010001101001101111100011011010101101101111101011001010000001011100010001
1001111010010011100010100001101011111111010010101101001101110011001000011010111111100000000101101110011010010010100101110010110101000000110001011001001101000111011000110001010010110111101011101100001001111010100101100001000010011011101111010111010111
1100101011011000111000101111001010001100011010111001011001011010011010110010000000110101111101001011001110111010110100011110100001111101111101010011111001011100011101100100011110100110001000111001111100110010110000111101111110110001001001000001000101
1110001001001101101110001000011011100001000010001011010011001010111111100110110110011100010001011001100000110010010101000110111100010001101001000110000011010110110001101111010000101100111110010011100110010110010110000101000000111111011011111011111101
1011011101100100000111111101001001110111111110101110011011101010000001001100010011001111110111011101111111100111011111110010100111000101000011101110111010000100100100000011110110111001100011010111001111010011111111101100011111100010010011001000110001
1000000100110101110001100001101100000110001100100011010001101011111101011111111001100000110000010000100000101110001000111010110001111101011111000010010011110101101111101110000100010011001010010001011000011010000000100111110001001010111001101110100101
1111110110010100111111001101000111111100100110110110010100001000110001001000011100111110011101111110101110100011101010000010010111010001011001111011011111000100111000111000111111010110011000110100011011001000111110110001011100011000101100100000101101
1000010011000110000001011001110100011001101100010010111101101010100101100011000101100011000100101000100110111010100011101011010110000101001100001010010001101110000010010011101101010011011111111111001011111111110100111100001110111111101110101111111001
1101000111111110111100011011010101000011111001111010101000111110101100111111010001001001110110000010110100010000111110001111010100101101100101100000110100101011111111000110001001010110000000011001101000110000000101100001100100100110001000101100001011
1001010110000000000101110010010101111001010011001000100011100000100111110001111111111100110111011011110101010111100000111100010001101101110101111110100110100010110001111100100011010010111111001100001010000110111101001011110001110000101010000110100001
1101111100101111111101000110110100001011000110011111101111001101110010000100110000001110010001110011000111010001111011110001111111100111010111000111101100111010000100110101110111011011100001011001111111111100001101101000011111100101111011010100111101
1000011001111000001101011100010111101110011100110101111000011101011000111110000110100011011100011110011110010100110001000101000010110010010010010010001001101011011101100100010110001001101101001011000100000111100100101111001100110101010001110001101101
1111010011011011101001011001010000100110110110100000010011111001011111101111111100111001010111001000110100110110000111010101011010011000111010111010111011100001010100001111010000111101000100011010010101110000110110100011100110000100010100111111000101
1100010110001010001011001101011110110100110000101011000110010011010101000100001110101100010001100011100101100111111101011101010011011110101000101010101001001100010001111100011111101001010101110011110101011110100110110110110011101111000110010001110001
1001010011101010111111100111000000100101100110101110011110110111000100010001100100101111000101111110101101001101000001000111010110000100101111100010101101100111111011000111011000001011111100010110000101010000101100100010111011000101111111110100110101
1011011001101010110000110001011011101101111100001000110000100110010111111011001101101000010100011000001101011100011111110000010011110101100100001110100100111110001110010010010011011000000111110111010100010111101001111010001001010001100001100110011101
1011001101001010011010010101110010000100001111111011111010101100110000010001111001000011111111001101011001011001001100011101011000100000101101111000101110000010100000111000110110011111110000110101010111010000101011011011101101111111001100101111000101
1001101101011011010011010100100111110111100000100011000010100001111111011100001011011111000001111001000011000011101001000111011110110110100100000011100011111010111111101111111100110001011110000100010100010110101001010001001100000010011110000001010111
1100111001001001000111010110110000010000111110110110010110111111000001001111101001010101011101100011111111101001101011110001000010011100001111111110101110010010011011000100000001100100010011111110111101111100101101000100011001111010110010111111010001
1110010011011101111101011100011111011110001010000100110010100110011011101000101101000001000101001110001101101100111010111101111011000101011000000000101100110111001000010001111100111111000110000000010000001001100001111110110011100010000111100011011101
1011010110000100100101000101000001000000101011111110111010110000110000101010100101110101110100011000100100000110010010000100100011110111001110111110101001100001101111011011000110001010010100111111000110101011111111000011100111001011101101001010001001
1000010011101110110001110111110101111111101000000100010010110101111110100010001100100111100111110010101101110111110111010110101110110001100110000010001011111100100001110010010011100000110110000011111111111000100011011001001100011110000100011011111011
1011111011001000100100010000011100100000101111010111010110011100010000111110101110101110001110000111101000111100010001110100101100011100110011111011101001100101111101000110111001111111100011111001000010001010101110001101011001110000111101110000001001
1010001010011011110110111111000110111110100010010011110111000111010101110000111000111000111010111101001010001001011101100101100101000101111000010001100011001101001101011110001100001000111000110011011000101010101100111001011011000111100100010111101101
1000100000110010011100101001010010000010111000111000010101110010011111010111110011100011100010001100011011101011011001001101110111010100001101011100110110011000011001000011011111100010001110010110011111100010101001101011110001101110101111011100000001
1011111111110111001101100011111010111010100010101111000100011000110001010100010110001111001110100111011001111010010011011001000010010110111111001110010100111011110011011010001110111111100011010100110101111110001011000001100100100000101001000111111101
1001000001100101100101001000100010100010001011100001111101001010010100000101010000111001011100110001010011000010110110010011111000110010010001100011010101101001000111111011100100010010111000010101110000100011101001011111001110111110001101110010000101
1101111100101100110001011110001111101011111111001101000001011011010111111101111111101101000001111101110110011010100100110110001101111011010100111010010000001100011101100010110001010110001111111101010110001110101101000001011000110011100001000110110101
1000001110100110011101011011111011001011000001011111011011110011110110001000100011000000011101000100000100111110101110010110100100111111010110100000111111111111110001001110111111010110100011000001010111100000100001111100010010010110111011011110010101
1110100010110011000001001000110010011010011101000000001000000110000100101110001010011111011001101111111101101100101011000100110110010001000110110111100000001000100100011100000011010010111001101111000000110111101101000111110111010000011001000011010111
1011111010111011110101101010011000110010110001110111111111111110111101100000111011110001110011000000001100101001100001110101100010110101110100100010001111011010001111111001010110011000011100101101011110010010000111010000011100010111010011101111010011
1001100010001000010111000011011101100110110111100100110100000010011000110111110001000100011001011110100110001101111100100000111011100100100101101110111000011010100010001011110110111011110110001001000011111000110011011111001110111110010110101000011001
1100001111101111010001111111010001001100100110001110000110110111001101111100011100011111001100010000111111100100000110111111101011001110111101000100011101010011111010111001100100101010000111011011011110001111111110010001100100001100110000100011111101
1101111000001010011011000000000111011001101100101011010100100101101000111001010111110011100101010111110001110111110100100000101000011010001101010101010001010110000010100011001101100011011101001000010000100010000110111011110101100101111110111110001101
1000110011101010110011011111110100010011101101111000010001101100101110010011010000111010110111110110000100010001010001110110001111110011100101111101110111110010111110101110011101101111000001101101110111111010110000101000110111110001011000100010101001
1110000111001010011010001000111111110111001001010011011111100110100011010110010110100000100100011100111111011101011111100011100000011000110100000000110000110110010100000100110101000001011011100101000100110010111111100010010000111111000011101000111011
1011111100011011001000101010010000000001011011010110010000110010111010010100110010001101101101000101100001000001000000001000101111111010010101011111100110000011010001010101110001111101110010110111011101100110001010001111011011100000011111001011100011
1000000101110001101111111011010111111111010010000110111110011000101011000101111010100100001001110101001101101111111111111110100100010011110101110001001111110110010111111100100111000100111000010011001100101111100011011000001000101111110110011001101001
1010111101000101101000010010010000000010010111110100101100111010001010011100001111111111100011100100011100111000010000000010110001000110000100110101100100011100110000100001101100010110001111011001100110100010111001110011101101100110010100111011001101
1011100001101100100011000110111010111110110100010101100101110011111010110001100100011000111110101110110110001011000111111010011111101100111110100100111101000001111011101011101001110011100010001100110100111000101100100110000101110011000001101001011001
1000101111001110111111111110110011100000100001011101110000010110000010010111001101001010010000100010000011011001101110000011010001101001100011101110000101111111000001001110001101011001111000101110100101101110000110001100111100011001101111100011011111
1110000110011010010001101000100110001011111101000001000111000100111111110110011001101011010101111011101001011100111100111111110100101011111010001011110101100011111101011100101101001100001111100010001100000011010011111101110111001101000011001001000011
1100111100110011010100101010101100111010000111110111101101111101101000100100110011000010011101101000111101001110010001100000010110001000100011011000100101001000001111000101111001011111101010111011111101101110011000000100000101011101101001011111101001
1001100001111000010110001011100110101010110000011100001001010001000010001101100111111110110001001110000101100000110111001111000111101110001010010010110001011111100001110101110011011001001000010010000000100110111111110111110001010100111101110000111101
1011001111000011110010101000101100101010011111000110111100010111011111111001001110000000100100011011110111001011100100011001111100000011111011000110011101011000111100010100100111001100011011110111111110110010110000111110111101000110110001100110110001
1001100011110110111011101110100101100011011001110010010110110100000001100011011100101111101111000000100110011010001101111100011001111110101001110111000111001010000111010110001101100101110000010100000110011010100110000010000001110010010100101100010111
1101101001100110100011001010110100101111010011011011010000010111111100111110010111101000001001111011101100110010111100000101001011000110001100100101110011101111010010010111111000110100011010110111010011111010101111111000111111010111010110101111010001
1000101100110000101010011010010110111100010110011010000110110100000110000000110100001101011100010010000111111110100101110111101000010100100110101101011010000000010110110000010010010110110010000010011000001010000000001110101000010000000110100010011011
1110100110011110101010111011010010010101110000110011111111100110110011111110110101111001001101000110111100000000110000010010100011111101110010100100011010111111011100100110110111000110011111111010111111100010101011111100001110111111110011111010111001
1000111111010010111010000001010111000001000110100110000010001110111010000010000100011101100111011100010001111111111110111000110110000101111010110001001000010001001001101100110001110011001100001000100000001111111110000111100000110000110110001010001101
1011100011011000011011111011000101111111101100101100101110111000101000111011111111001001110011111001010111001000011010001110011100101100101000011111111110110101111011000110011100111001101001101110111110111000000000110000111111100110011100101011100101
1010001000011011001011000001111100000010101001100101100100010011101111110000110001101011011000110011010101011011001010100111001001100110101111000010100011100100110010010011000110001101000011100011100011100011111111111110100010001111011001100010110001
1000101101010001100010010100000001101000001011110000110001000110000000000110000100001000001010000110000100000001100000110001100011110000000001101000001000001110000110111001010000100100011010001000001000001010000000000000001000101000000011001010000100
1111111111111111111111111111111111111111111111111111111111111111111111111111111111111111111111111111111111111111111111111111111111111111111111111111111111111111111111111111111111111111111111111111111111111111111111111111111111111111111111111111111111
