1111111111111111111111111111111111111111111111111111111111111111111111111111111111111111111111111111111111111111111111111111111111111111111111111111111111111111111111111111111
0010000000110000010101000010110001010100100000000001000000101000010110000000000011000000010000010001100000110001011110000000001100000000110000100000110010000000000011000000101
1010111110100111000001011000100100000101101101111101011010001011010100101101111110011111011011011100001101100100001100101111111001011010011010001110011000101011111000011010001
1010010000111100011101110010101101010100100101011001001110100010000111101101000000110001010001000110101001001111100001100100011011011011001011100111001101101110001111111111011
1011010110110001110100010110100111110101101101001011100010111111110001100111011101111101011101110010101111011000111111110001000011110001111001110101100111001100101000001101001
1011110010000101000111000100110000100100001001101001111011110000011100110010011001000001001100011000100100010010000000011111111010000100100011000100110011101001101101100101011
1000111011111111010001111110011110101101111011001100001001100101000110011000110011101101100101001110111101111111101101110100001010110111101110011101111010000011001000110001001
1110100010110010010111010011000000100111000010011111101101001111110111001011100110101111110101100110010001000100001000100101101110100100000110110000100011111001011010111101101
1010101010011000110011000111111111110011101111001011001001011010010001101110001100100010100100110010110111010110111110001101000000101101111100100110001110001011010010001101001
1010111011000010011010010001000100011010101011100010011011010000111011101000101001101000101110111011100100010110100111100101111111100100000101110111111000101110010111101001011
1010010001111011001110111100010001010010001001110110111001010110101011001101111100101110101010101011001110110010101100001101010001110111110100010000101101100000110110101101001
1011010100010011100010001110111011010111011100000100101011011100001001100100110001101100101000001001011100111010101101111001000111000001000111011110000000111111110000100111101
1001010111010110110111101010011110010101011001101101100001001001101100110001100100001001101111101101000110011010100000010011011110010101011101000011111111100001011110110000001
1100010010010100010000100011000011010000010011000101110111101100101110011100111111111011100110000101110011010010110111010110000100111111010001111000110001001101001100111111111
1101111110110101111110111001111001111111111010010100010011000110100011000110100000100000110010101100011011010110011100010111110001100000011100011110100100011101011001101010001
1001000000100100110100001100001100000010010010110111011001110010101001101111101110101110111011100111001010010111001111110000011011001111111001001010001111110101011011000000111
1101101111101110100101100111101111111000110110011100001101011010101100100111000110101100101001110101101010110011100000111111001110011010000011100011111000000101000001110110001
1000001000101000001100111110100010011101100011000111101100011000100110110010010100100101101101010100100010011000110110100001100000110000111110110110000011111101111100011111011
1111111010001101101110001010111000110001001111110010100110110011111111111000111101110100001101010110111111011010010010001100111111111101110010100011101010000100000111011000011
1100010011111101101011101000101110100111011010111000110100110110001000101110110001000101111001000110000011001111011011111110000011000001000110001000001110110111110101000011001
1001000111010001001000100010100000101110010010001101110101100010100010000011100111110111000011101100101001100110010000000111111010011111010010111111100110100010000101111111101
1011011100011011011110111110101111101100111010101101010101001110101111111000101100000110011110000001101100110100111111110010001000111001011110110001111100111010111101000001101
1011110001011011010000000010100100100110001000100100010101011010111000011110000110101100110010111111101110010101101000111110101011100011000100100101000001110010100101011100001
1001100101000010011011111110110001110011101011110111010100000010011011010111111100100101111000110000100111010100100010000100100010001110010101101101110111000110110100010111111
1100110101111111001010000100011011011000101110000001000101111111000010010100010001110101100011100110111100000110101111110001111110100010110000101100100110010110100101110001001
1110100100010001101000101101110001011110100011011111111101100011011110110101000111100100111111001100001001111110001000011111101100110110111110100110001100110000101100100101011
1010101101010100001011101100111101000010111001011000000100101001110000100101110100101110000100011111101111000011111011010000001001100010011011110100101001100111101110101101001
1010101111010110111000100110011001010110001101010011110001101100011011110001000110000011110001110100100001101000001011000111101011110111001001010111101111101100000000101101101
1000100100011100101110110011000011010111011001000111011111001001010000111111010011111111011111000001111101001010101001110100001011000001101100010000111000111001111111100101001
1101110101111001100110110111111111010101010011011100010001011111010101100011011110000100011001011100011001011110111011000101111001111011000001011110100010010011100000110101101
1001000101101011110000010000000110010001000111010001110101010110010100001001001000110001110011000101001101001100110001011100101100100001111111000010001111010110111110000101001
1011101101001010100111111110111100111011111100000111000100010000111111111101100011111101100111101101011001101001100101001110000111101011000011010111111000010100000111101101011
1011001001011010101100000010000101110000010111111100010111110111110000001000101010000101001100100101110011001111001101100011110000001010011000011100011101110111010100001001001
1001011011010010100101101111110101011111000000001101111100100001100111101110101111010100011110101100000111100010011001111000011010101010111010110001010001100011010110111011011
1101001001010110110111000000010001000001111110100100000110001100101100101000100110011110110000100111111100001000110011001111001011111110001111111011011011001001010100100001001
1001101101010010000011111011011111110111100010110101110111111110001001100011110011000100011101110100010111111111111010011001101111000010111000110010011010011101010101111101011
1011111001011011101000011001010000100100001010100111100100011111111100111110011011110101001001010110110000000000110000110011000001011000010010011011000010110000010101010100001
1010100011001000111111001101011010001101111010101100001101001100001110101011011010000101101100010110000110111110011110010111111100011111110111011001111111100111110001000111101
1000101111011110010011100001001011101001001000101110111101100110100000000000000011011101000001010011111110100011000011000100000101010000100101001100110000111100011111010101001
1110001000010111011010111111101001101011101110100110000100110010111111111111110111010001111111011000011000101001111011110101110111011101101101101110010110000111000000010100011
1011111101000100010000010000101011001001000100110011011101111010101100001000010100010111100011111111000010101100001000010101100011000101001000100011000010110001111111010001111
1010110001111101110101000110101110011101101101111000010001000010001001101101010001010011001001000101111111111110101111011100111001110001011010110111111110111100000010011111101
1000010111100001000111111110100110110101100001011111110111011111101011101001011101011010011100010000000001000010101001001110001100111101010010010011000100000111111010111000001
1011000000101111010010001000110100000100110111000010000101001100001011000011001111110010110111111110111101101000100011100111100110001111011010111010010111010011000010001101101
1001111101101011011000101101110001011110100010011000111101100101011001011111100001000110100000011000101000101111111001110000110011100001010010001000110011111110011111101001111
1011000100101001011101101000010111110000101110111111101000110111011101011000111100010010110101010011100010001000001100011110011001111101011110101111111010001000110000101100001
1010010110001100010111001111110010100110100010011010000010010011000101110010001111011110100101110110001111111101111111010111001101011001000110100000100010101011111110000101101
1010110011111001110100011100000110001100111110110000101011011001110101000111101000010000110111000100101000110100001101010101100101001011010010111110001110101001000111110111001
1000011000100011000101001001111100101001110000100110111110001101000100011100101011010101100010011111111010010001100101010000110001101011111010110111111010101101010011000011011
1111111110110110010101111011000101111111100111101111100011100101110111110001101110010111111010111000110011011100110000000110011111101010100010010011000000100101011010011001011
1001011000100010110100011001010001100001001110100011001000110100010001010100100100110011010010000010010111000110011111111111001100001000101011011010011111110100001011111101001
1101000011101000100101001011011111001100011000111010011110111111011100011110110101111000000111111111000101110011010001000011100001011110001011011000110010010110101000010001101
1001011110111111101101101001011000011111111010000010111100100000010111001010010111011111110100000001111100011001110101101000111101000011111110010011111000110011101111010111001
1011001000110010100111001101000011111000001011111010101001101011110011100011010000010000010101110111010001001101000100101110010101111111000100110110101101111011000110010011101
1001100010100110001100011001111110001011101000011110100011001000111000111001011011000111010100011100000101100101011110100011110001100010010001100110001000001001010010111001001
1011111110101100111001011011001100100010001011010000111010011110101101101100011011111110010101011001111111001100011000101000000100101000111111101100100011011101111110001100011
1010001010100101101011110011100001111110111111010111110010110000101101000111001000001100110101001011000011100111110011111111011110101111100010001001110110010001100011100101001
1010100010101101101000100110110111000000100110010101100110110111100000010101101111100111100101101011011001110001010110000001001011101010101000111011100100110111001001110111011
1000111000101000101101101100000100011101110000110101001111100101001011110000100101110011001100100010011011000100010010111101100010001000001111100000110111110000011101000001001
1101101111100010001101101001101111111000111101100100011000001100011000111101110101011000011111111110110010011110111010101000111110111011101000101110010000011111111001011101101
1001000101111111100101001101100010001110011001001101111101111001001010100101010001001111110100010000100111001010001000001011100000100010001011101011111101000010101101010001001
1011010101010001110101011000101000100111000011011101100001001111111010110000011101100010000101000111101101101010111111011011001111111110111000001010000111111010001001010111011
1010010001000101000100011111111101110101111001010000001111100000010010010111110101001000110101111100101000100010100011110010011100000100101111011010110000000010100011110100001
1000111101101101111111000011000111000100011101011111111101111101011011010000100001011101100101000110001010101110101000000110110101110001100110000010011111111010111110000101111
1111100100101000010001111010010001110111000001001011000101000001001001011101101111011001110001011110111010000100101111010100100000111111110010111011011000010010010000111101011
1100001110001111000100001000111100100110011111101010010000011111101101000100100110001100011111001010011011111101100010011101110110001100011010011111001011010111010111101101001
1001011011111001101111101110100110110100110000101000111011110110001001010111110011100111010001100011001110000001111010110001011100100101011011010001101001011101010010001001101
1011000011001011111000001000110110110101100110001011101011000100111111010100011000110101011100110111100000111100010011110111001001110101110011010100001101000001011010100011001
1011101001100001110011111011100010010111001111111001001001110101100010010001001110010001000110000001111111100101110110000101100011000100100110010111111001111011010010101111101
1010001100110100100110011111001011000100011000001101101100100101101010111111100011011101110011101101000100110001000100111101111110011110001100110000000011000010010111100000101
1110111110010101101100110001111001011101111010101001000110101101001010011000111010011000111000100111010001100111010101110001000010110010111001111111010110011010110000111110101
1000100011010111000110000100001100001101001010111011101100100100011010110010010010110010011110110110010101001110010101100100011010011000010011110001111110110010100110101100101
1101101000000010011111011111100110111001011010011000001001110111111011100111011010011011110000100100111101011000110100001111110010111111010110100100101000100110101100100001101
1001001111111010110100010001110100001011000011001111101011000000110010001110010011001110000111110001101101001101110111111000110110000010010110001110100010111110111001101111101
1101011000110010000001110100100101111010011111100010001001111110011000111100110111100000110100100111001001100101010101011010000110101010110010101000101011100010001101000110001
1001001010011111111111010110001100100010110001001010111100000111001111110101100001111111111110001110011011110101000100010011111100111010011010111011101110001011101001010010111
1011111011010000001100010011111111101111100101111010100111110011100101000100101100000011011000111100111000000101011110110110000001100011000010110010100010111000101011111010001
1000010001000111100101111000100001001000001100100010110100011000110000010110100101101000010011100001101111111101000010010011011111101110011110100110111000101110001000101011101
1011010111111110110000001110001101101011111110110110100001001101111010110100110111001111110111001101000110000001101000110110000000100100111010101110001111100111111010001001001
1001000100001100011110111011111100001000010010010100101111100100010011100101111100011000010000011100011100110100111111100100110110110110010000100100101000110010000011101100011
1101111101101001001100100000000111111111010111000101100100110111011000111101001001111011011111111001001101110111100001001111100011100011000111110110100010111000111110001111001
1101001111100011100101101110101101000000010100011101110110100101001110011001100011000010001010001101100100011110001100011000111001101001111100010011110111101101100011011001011
1000011010001111110100101000111000011111110001110001010100001101100011000011110110010110111000100111101111001100111111110010001100111100101110111000100011000111101000001101001
1111000000111001010110001010100010110000011111000111000111011000111010011111100110110110110011110011000001100001100000100111101110011110101000001110111000010000001111111001101
1001111111101100010011111010101110000101010000010101101110010010001011000001001100111100100110011001111100111111101110110011000111001010100010100110011110111111111000001100101
1011010100000101011000010011101011111111010111111101001000110111101001111100011101100001101111001100000110101100001000011001110011100010101111110011001100101000101010100101101
1001000001111101011110110111001010100000010000001000011011100100001100000111110001001111001100011111101100001001111111011101011001110110101001011001100001100011100010110000101
1100011011000001000010010001011000101111011111101011111010001101111111110110000111011000011001010000100111100011000110001101001011000100101100011100111111001001101110111010101
1101111000011111101010111101011101101000000100001001100010101000001001010010111101000011110011110110110000111111110011100101011001111101100001110001100000011101000100100011101
1001001111110001001110101001000101001011111101111100111010111011101100011010001101111111000111000100011010010000011010110001001100100001001100110101001111110001011101101111001
1011011010111101011100001011010001011001011001010110110010001111000111001011100000010001110000011101110011000111010000011111101110001111111001100111011000010111011001000010011
1001011000000001001001101010011011011100010011000010010111100001011110011000111111000100111110111001100111111101010111010000001011111000110011001100010011110100001011111110111
1101001011101101100011001000111110010111010111101011010001111101000100110010110011111110000010110011001100000100010011011110101001100010010110011001111001000101111000100000001
1001100001100111111111101011100000110000010010001000011101000001010001110110011000101011111010100111011001010101111001001100101100001011010100111011000011010100011110101111111
1011111100110001101000111110001111110111111010111111110000011111111111000011010010000001100010101101001011110100101101101001100110111001110101101011011001011111001000101000011
1010001110010100001010000110101000000000010010011000011010110000111000011111011111110111001110101001101110100110100101000011110010001111100100001001111101001101101011101111001
1000100011011111011011010010101111111101010111010011001111100110010011110010000000010010011010100011100100001100110001111111111010101100001101011100011001100100101000100001101
1111111010001010001001011000101100001111110001010111100010001111000110111000111111000110111000110110110101011110100100001011110010100101111101001111010011110001101101111100001
1001010010100010111101111111100101100000111100010101111010111101111110001011100011011100110010010010010111010100101111101001100111110001000101101011000111011011100100000111101
1100010111111110000100000001111100111110100001110101000010010101000010100011001001010001100111011000110001000001100101101100110101100101010001101001110001001000001111110101101
1110110110000011110111111101000110100010101100100101011111010000011000111010011101110111001110001101110101101101110100101110010100001111011111001100111100011111111010010001001
1000100100111000110000101100010010101010000111101100001010011011111111110010110100110001111010111000011100111001000110100011000111111010010001101110001111000010010000111100011
1101101101100010010110000111111000101011110011001101100000110010000000011110010110011100011010101111001110001011101110111011101100000000111011001011100101111011000101100111111
1100001001111111011111110000101111101000011110011001111111100110111111000011000011000111001010101001101010101000100010001000100001111111101010011000110000110010011100110000001
1001111101000100000011000110001010001110111000110011000000110110010101111001101001101101101000000011100011101110111000111010111111010000000010110010100110010111010110000111011
1101000000010111111001011111101010111010001011111011011101100011000101011100001100101000101011101010001110001010001110011110100000011101111010000110111111010010000011111101001
1001011111110110101100010001001000000011011001010010010100111111110001001111111111100010101110001110100100111011101011001100111011010001000011111110001100011011110110110101011
1011001100010010000111110100011111111111001100010110110110011000011101101000010000001110100110101000101101101010101000011001100010010111010111000011100001110000110010100001001
1011111001011010101101010111111000000001101111011100100111001010110100001101110111111100110011101010101001000000101110110011001110110011111101011110111100110110011000001101101
1000100011010010111000000110001011111101100001000001110001101010010111101000100100110001111000111011111011011010101100100111011100011010001101000000000110011111001111011001001
1110110110000110010011111100100010010100111011111111100100100011000001001011101110100101001010100010001010010011101001101110010111000010100001010110110011001101100011110011011
1010100011111111000110000101111111000110110001000001001101111111101111011000100100001100011110101110100010111111001011001000110000011110110101010100011011101000111000010110001
1010110111000010011100110001000010010000000101111100011100000000100110011101110111111111110100100110111110101000011010011101111111010000010111010111001110001010101111011100101
1010010001011010111001111011101110111111111100011001010111111010110000110101010110001010000101110100101000000011110010110101000001110111110000010110011000111010100101000001101
1011011101001110001100001001000000001100010111010011000100010010111111100001010100100000110000000101101011111110011110100100011100110011011010110100110010100010110001111111001
1000010001100011100111011101111111111001000011010110010101000110001001001100010001111111111111110100100010110010111000110101110110000110001111100101100111110110011011000010011
1011110111101000110100010100110000001111010110011111111101111111101100011110111111000000101000111110101110010110000011110001000011111100100110001101001101000111000001111000111
1001000010101101100101110110010111100110010010110000100001000110100101110010101010011110000010100010100011000000110110000111110111000001110010101001011000011101111100110011101
1101011010101100001100000111000101110010111110011010111011010010110101010110101000111000111111101010111001110101100100110011000110011011010110101111011111010000100110100110001
1001111010100111111110111101111101011010000000110010110010011000010001010000100011101010011000001010011100011111001111100110010011010010000010111000010000010110001110101111101
1011000010110000101100011000100000011010111111100110100110111010111111000111111001001010110011111011001111010001011011001100111001010110101010010011111101110111011000101111001
1011011110011110100111010010001010110010000100001100001111110010000110011100001101101011100110010001101001000100010010011001111101110010111110110110000001010101000011100110011
1000010100110010110011000111101111100111110111011111111000011010110011000001100100101011001110110100101011111111111010111100110000011010100010110000111111010001111110110010111
1111110001110110011001111101000100001100010001010010000011001110111001111111110110001001011010000110001000000000011010101110011111011011101010011111101010011101011000011000101
1000010100000011001100101100011101111110111101000110111111100100001100010100010100111101011000101111011111010111000010001011011001001000001011000110000000110101000011001110101
1101010101011001100110000001001001000010100101010100000110110111011001000001110101100001001011111001110001110011101111101000001011101011111001110011110110100101110111101000101
1001011101001111110111110111111011101000101101010001111100010011110011101100100100101111101110000011000100111010100001101011101011101011001100011001100100001101000101001011101
1011000101100011010000011100000010101110001101011111100001011000010110001101101110100000101000110110011110101000111100001010001001001000011101011100101101111100011101011010001
1010010111101001011111000001111110001010111001011000001111001011011100111001001011111110101011110010110010101110010111111110111100011101001001000110001111000111110001011000101
1011110010001100000001111111011011011000010011010011011101101001000110001011011010000100100000011000000110100011000101100000110101110111111011110011100011010000000101001111101
1000011011111110110100110000000011011011110111010111110000101111110010101110010000110101111111001111101100111001110100001111100100100100011010011010111000010110111111011001001
1011001010000100100110011111110110010010010100010001100101100100011010100000111011110000110001100110111001100011000101011000001110110001000010111000101110110010110001010011011
1001101000110101101111000110000100111011010110111101001100110001001010111111101010000101100101110000110011101001101111001110101100000111111110001110100011111110000100000110001
1111001111110101111111110000110001110000010011100001011110011111100010100010001011111101001101011101100110001101001100011100100111111100011000100010110110001100111111111100101
1000011101100100000110011111111111011111011001101111000011000010111110101000101010000111011100000111001111011111011001111001101100101001110011101010000110100111100010001101111
1011110101001110110010110000001100010001001100001001011001111000010010101111100010110110010111110001011000010110010011100011000110000011000111001111010100110100001010101001011
1001100100011100011010000110100101000101100111111011011100011101000110101001001110100010110000011101010011000100110110110110010011010110011100011000011101100001111000100011001
1100110001110101110010111110110111111100110011000011010111001001101100101101011000111000111111010100010111110001100010010111111001110110110001110011111000111111011111111111101
1110110111010000111010100000100110001110011001011000000001101111111001101100001011101111101000010111110100011111001011010000011100100100100100100110101011101000010000010101101
1000100100011110010010101111101100101010111101111010111011001000100011101001101001000001100011010000110101111000011011000111010110001101101101101110001000001011000101000100101
1101110001001011010111100011000101101000110100001110101110011010001110001111111101011100101110010101100100100011111001011100010011101000100101001010101011101111011111110110001
1001011111101010010011001001110001101010010111100010001000110011111011011100011101000110100011000111001110101110001101111001011000001011110111011000101110100001001000100111011
1101010001001000111001111100011101001011010110111010101010010110101000000101001001010110101001110110011000101100100100001011111111011010010010011110100100111101100010110001001
1101000111011111101100001001000111011001010100001011111011010000001101010101100011110011101100110100110011101001111111101010100001111000111010110100110001101001001010011101101
1001010000011000100001101111110001001101010001011011000011011111101101111100111110111010001110011101111001000011000010001000101100001110011010000101110101001011011011000100101
1011011111001010111100100000100101011001000101001000011110001100100100001110011000000010111011000101001100011001011011011101101111100111010011110111000101011011111110010110001
1001110001100010000101111110111101010011111111101111110110111001110101100111001111011010100011110001100101111101001000010001100000101101010110010000011101010001100011010011101
1101000100111111010101000000100001000110001010101101100010100011000101110001100011010010101000011111101100110111101111110100001111100001010000111111110100010111001001011001111
1001011110110001110111011111101101111110111000100101001010110110011100111011111001011110001111000011001001100010100100010111111000110111011110000000000110110010011101001100001
1100001000100100010001010000101111000010100010110100011010100110110111100000001101000111111101101110011011001010001101010011000010010001010011011011111110011000110101101111011
1110111011101111011100010111100000011010101110000101111010001100100000001011111001010000110100100100111010011000111001011001011111011101011001001110001011011111100101100101001
1100101000100101000101110100001111110010000011111100101011101001110110111110001011111110010001110101110010111111100011010011010001000001001011101100100001010001110100110101101
1001101101110101110111000001111100011011111010000110101010101011011100010100101000000011000101100101010110100001001001010110010111101011100010100001110101011100000110010101101
1011000100010001010001111111000001001010001110101110101000101010001111010001101111110110011101001100000110001101011111010110110100001110111010111111000101001001010111010001001
1010010110111101011101100000011111101000100000100000001101101010100100010111100000010011010101011111110011111100000100010010100001111100110000100001010101101101110101011111011
1000110010000001000100001111111000101101101110111111111001001011110001110110101110111001000101001100011110000101111101011010111111100001100111101100010111000111000101000010011
1111111011111111011111111000110010100111000011100000011011011001000101000000100100001101110101100101000010110100010001110010000000001011101101001001010110010000010001111011001
1000011010011010000000001101100110110001111001001011001000011101011100011110110111101100011100110001111000100111110111100111111111111011000001011111111100111111011011010011101
1010110011000010111110100101001100011101001101011001111111110001010111111011100101100111000110000101001111101100000100110001000010001000010111001100000001110001110010000110001
1010010111101010100000110100011001010101100001001111000000110111000101010010001100110011101100111111100010101001111110011101011110101111111100011001111100010101100110111111101
1011010001001010101111100111110011010100111011100010011110010101110001000110111110011000100111100011101000000011000011011001001000100001000101111011000111110100110010001000001
1001011100011011101011001110000111000101110000111010110011010100011101101100100111001101110001101001001010111010011000001101101011111011010100110000011100010110011111101111011
1101000111111011001010011000111101110101100110100010011001000101001000101101110100011101010100001101111111101011111101100000001000101000010110000101011001000111000000100010001
1001110000001000011000110011100000110100111100001011001101111101101010001001010001111001011101111100100000100011000111001111111110001111110011111111110011111101110110101000101
1101011111011111110011100110001101100110001111101001101100000001001011011011000100100011001111000110001010101110010011011100001011011001100111000001100111000000010011111111101
1000000011011000100110110011101100001111101000101100101001111011101001110011101101101111100110010111111110101100111001111001100001001011001101011100101101011111111000110000001
1111101110010010001100111000100111111000101010111001101011101011001101000110001111001000110100110000100000101001101100100011111101101001011001010110100100000100011110000111111
1000100110110111111001101110110100100010100010110011001011001001011101011110100110011010100001111101101010111011000101101110011000101101000011010010110110110001000011111100001
1010111100100101000011000010110110001011111110011010011000011101000111010100110000110010001011100100101111100011101100001000110010101001110111010110010011100111101010010111011
1010000101101100011010011010010111101000011011001110111111111001110010010101111111110111111010001101100001001110101111111110100110101101000100010010111001101101001011000000001
1011010001001110110010111011010000111101001001100100101000001100011000110001001100011100001011011000111011011100001000000110101100100001011101111010001100100001011001101111101
1011111111011000010110101000011110000001101100101101100011101111011111110111101001010001101001001011100011011001101111010000100111110111000100010011100110111111011011001000101
1010000010001111010000101111010011111111000101100000001110100010010101000000100011010111101101100010101110001011000001011110110001000011110111011000110010100010010001101101101
1000101000100000011010100000011000000000010000101010101000001000110000011010001010000100000001001000100000100010010100010000010100011000010000000010011000001000110100001000000
1111111111111111111111111111111111111111111111111111111111111111111111111111111111111111111111111111111111111111111111111111111111111111111111111111111111111111111111111111111
