111111111111111111111111111111111111111111111111111111111111111111111111111111111111111111111111111111111111111111111111111111111111111111111111111111111111111111111111111111111111111111111111111111111111111111
000100000110000000101000000110001000001110000000110000010110001000000001000001000010000000000101010100010000100010100100000010100100000001001100011010001010100101000001000010100010000001000011100001100101000001
101110110100111110100011111100100010100100111110100111000000100010111101101100011011111110110000000001011110001000101101111000110001110101011001000000100000110100011101011000001010101011011001001100001100011101
100100010001100010111000001101110111110101100000110101111111111110101001000111010001000010011111010101000011011010001000100010111011000101001011110111111110010001010001001101111011111000011100011111011001110101
110111011111001010011010101000010111010111001110010100001100010000101011010001011101101011010001011111111001110011111011101110001001011101100000100101010011011011010111100101000010001111000101000100010011000101
100000010100011011001111101011010010010011011011010111101001110111100011011101110100101001010101111000011100011000010000100011101111010001111111101100000111001001110100001101101110100001011111110101010110011101
111111110001001111100110001001111010111010010001010001100011000100001110001100010110101101000100110011010101001110110111111001100011011101000001101001101101101111000101011001001000111101110000011101010000110001
100000010111100000110010111101000010001010110111011101001010011101111011111001010000100101111110000110010111011000100101101100111001011001010100001011001000100100010101110011011011100000100101001001011011111011
101011110101111011111010001001011110101000100100010000011110110100101010001011010111110100000010111111010010000010101100000110101101001011010111111001100010110101011100110111011000111110001111100011011001010001
101001000100011001010011100011010010111111101101110111011000100110001000101111010000000111111010000011011000111111101110110110100001101001110000101100111110100001001110010001001010000011111000111111001101000101
101100011101001100000111001110011000000100001000111100001011110000100011100010011111111110001011111110010010100001101010100100101101001100111010101110100010001111011011011101101110111000000010010001111001011111
100111110001100111111101100110111111010101101011101001101000011111111110111010110001000000111010000100110111101101000000101101100111101110001010100000001111111010000011010001000010001011111110110100110011000001
110101011101110000110000101100011000010101001000001011001101110001011000110010011100010110100011010001100010000100011111111100110010101011101110111110111000001000111001010111111011111000100010100110010111111011
100001000100010101100110000101110011110101011111101001111101000101010010000111000101010011101110011111101110111111110000000110111010001000100010001100011011101110001111010110001010001110110110101111000100011001
111100010111011100101111111100100110110111000100001101000001011101000110101101010111010111001011000010100010100001100111110110010011011010111010100101001000100011100110010011011000100100000010101101111101110011
101111110010001110001000101110101110000011110101111111011011011001011111100001010011110010011000011010111010101101001100010011010110010010010010110111111110111000110100111001011111110110101010001000100001000111
100000111011100111111110001000100011011000100101000000001110001011110001111101111000011010111101110010000010111001011110111010010100110111010110010110000000011101100101101101000000000011111110111010110101010011
111110101000110101000111011011111001111110001101101101011100101000100100110100010011001010000100100111111110001011011000100011010110010011010111110000111111110001001100001001111111111001000010011010000111011001
100000001101100000010011010010001100011000100101000101110001111010101110010111010111101011110111101110000011101001001010101110010111011110010000011111110001000101011111101011000000001101101011000011101110001101
101111101100111111111010010110100111001101110101110101000111100010100111010101011110001000010000100000111010000011101011100100110100010000111111010000010101010101110001101010011111100100001001111010000100111101
100100000110100011001000110000110001100111000100100100011110110110110011010001000011011010111110111010001010111110101001110001100001111010100000011011010100010111000101001000110010110111111100001111111101101001
110111011100101001011010011111111100110001101110101111000000100100011010011011101001001010000010001111111000000100001100011111111111000011101111110010010111011110010100011111111000010010000111101100000100101011
100010001101101100011011001100000101100100111010100001111111101101011010110010111101101011111111101000011101101101111111000000101000011001001010000111010010011000111111111010001011011010101100001001110110101001
111010111001100111000001100001111100101110011010110101000010001111110010111000010100001011000001001011000111111001000110010110001011111100011000110100011010110010001100001000101010001011100101111011010110101101
110010011011001101111111110111000110100111001000100111011010111000000110001111000111111010011101011010010001000011011100110110101001101111111110010101111011100111011001101101100011111001101101000010000010100101
100111110011011001100001100011010000110011100011101110010010010011111111100001101100011000110100001011111100011010010001111100101100101000000010110100101011001100000011100000111110001101000100011111101000101101
101101000110000011001100101110011111111000111111000010110110110110100001001100100001010011100101100010000111010011010111000001100110100011111011100110100000011001111110111110010000101001011111011000101111101001
100001011111101010011110101000110000001110010000010110100000110100101101011110101011010110101111111010110001111111000011011111001110110110001000001100101111111101000100011000110110100011000000010010111000101011
101111010000111110111000101011110110111011010110111100101011100001101001001010111001110100001100001110111100110001111010010000011000110100101111111101100100000101010111000011100100111111101111110110011010101011
101100010110000000110011101001100010000000010011101001101110001111101011101010001100010101100110100010100110010100110010110101111011100110100000011001001101010111010001110111001101100000100000110111000010100001
101001010011111111100110001100101111111111111110000011001100100100001000100011100110110100111100111010101111000110011010011100001010001100111101110011011001110100011100010100011000101110101010010001111110111101
101011111000110000001110101110100101100001000000111111011001111101111110101000110010010001110001101010100001111111010011001111111011101001100001000111110011100101110111011101111110100010111111111101100010000101
101001100010010111111010111000110100001100010111100000011011000001000010111110011010111011100111101000111011101101011001101000011010001011111011011101000111001100100001000101001000110110000100001001001011110101
101101001111010010010000100010100111111101110011001011110010011111011010000111010010001001001100001111110000001001001111100011000011011010001001001000011100011110111101110001100010110011110001101011011001010111
100101011100011011000111101111110000010000011001101111000110110000001011110001110111011101011110101100000110100011100000111111011110011000101101101011110001110000100000011111110110100110011111001011001100010001
110101110001110010011101100100011111010111011100111000011100100111101000011100010001010001001100100101111111111110111010000010000111001101100111001001100100111110101111111000100011101100110001101001111001011101
100101100111000111011000110001000011011100001110001011010001110110001101000111011101000111011001110001000100001100001111101011110001100101110000011100111110100010100001000010001110001001111101001101000011000101
110100001100011101010010011111111001000101100011101001110111100010111111101101000001011110010011010111010110100101101000111000110111110100011111111110001100001000101100011111111000111011101001011100011111101101
100111111001111001010111000010001101110111111000101100100100001010110110000101111111000010110110000010010000110100101010001010010011100111010100001100101001111110100111110000110011101000001011010111110000101001
101110001101010011011100010110100001000000100011101001101111111110010010110000000001101110110100111110111111100110100010101011011001001110010001100101101101000011110000000101100110000011101010010000011011101011
100000100101000110001111110100111111111110101110001011001010000111011000011111111100100100100101110000100010101100111111101111001100011011011111110000100111011001011011111111001100110111001010110101001011001001
101111101101011111101000000101100010110000111000101010011000110010001101110000000110101101101100010111111000101101110101001000011111111010000010100111110001001100001110000110011101100100011010010111100001011101
101100001001000110001010110101001000100111100010101010111101111010100101100101110110100101001110110100001101101001010100011101011010001000101000111100011011100111100010110000110100110101110010110010111100001001
100111011011101100101010010101111101101100001110111010011000101011110111001100010011110101100011100110100000100011010001110101001000101111111010011001001000110100111000011111110001100100100110011000000111111011
110001001000101101111011010100100001001001100010110011001110100001100100011111011001010100110110001110111110111110010111100001101010100000001111000011101011100101101111110000011111001110110011001111010011000001
100101101110101000110010010110110111011011001010010111100100111100001101110011011100000110010100101000100110101011000100101101111011111110100101111010000010001101000000010101000000011010111001100010011110011101
101100111000100011100110110110110011011110011010110100110110110111101101011000000111111111010101111101110000100001011110100100100001100011110000011011111010111000011101000101111111110010101100111000111000110101
101110010011111000111100100010011001000011010011100001110100010001000101001111110110000110010100010101010111111101001000001110001111001000011011001110001010011011000111011111000000111000001110001111101011110101
100011010110001110110001111011011101111001010110001111100111010111010101101000110000101100110111000101000000010001101111011011111100011111001111100100101011010011110010010001101110001110100100101000001010000101
110111010110100010000111010001001000001101010110111100001110010110011101001010010111111001100001110101011101000100100110010000000101110001100011110001101111011000011011110100001011100010110001100011011010101101
100100010010111011110100000101101011100101010010110001111100110000111000011011011100010011001101000101111001111110110011011011101101000111111001100100100110001111110010000101111010111010011111111011110010111001
101101111010101000011111111111101001001101111000100101000101111111100011001001000001010111111001011100001111000010111010000010000101110000001100111110110011100011000110111111000010001011111000000001100110011011
100100101000101111000100000010001111011100110010101111010101111000001111111101111111010010001011001001100110011010100010101011010101100110100110001100011001111001010010001010011000101010001101111111001111010001
110110001111100011110110111000111100010110100110100100010100110010111000110101010100011000101001101111110000111011101111111001111100111100111111100101011100001101011011101000110011101000100100110001011000010111
100110100110001000010010011111100001010010101111110101010110000111110010000100010101111111101011100011100101101000101000001111000110010001100001110111001110111001001110001011100110001111110110011011001110110101
101100110010111111011011010101111011010110111101000101110011101110000111101101000100110000101000101001001100001010101101100010010111010101001100010010011010110011011100101001111100111000010011000011100110010001
111001111010110001001000010000100010000100110001011100111001000010111100100111110110000110001010111101011111111110000001111010110001010111011111011011001010000110000101111101000110100011011001111000110011011101
110011001011100101011111110110001111101101100100011001101101111010110101110010100111111111111010010101000100001100111111000000111100010011010101001001100011111111101100110111010110001110001011001110111001000001
100111101001101101010101011100111010001001001111010011000100001010000100111000101100000011011011000101010101100111100001111111100101111010010001011101001000101000001110010110010011100010111001100110101101111011
101100001101001000010000000001100010111011100001110110010111101111110101101110101110111001000001010101111101110000101100110000001111000010110101001101111110000010100011010000111000111110011100110100100100001011
101101100000011111011110101111101010001000101011100100110001001100000101000010001000011101011111110100000101011110100110011101111010011010011101100100000111011111101011010101101110100011001110110001101111101001
100111001011110001000000111000101011011110111010101110010111011001111100011011111011010001110000110111110001000010001111001100001000111011000000110111110100010001001110010100100000101001101010011101000000101111
110011101110000101111111110010001010010010011000000111010100001011000101010000010011010111100110000000011111101111100111100101100011101001111101110000010101110101100100110110111110001100001011000101101110100011
111000101000111100001101011111011010111011001111011100010101101001010001011111011110010000001111111111001000101000110011110100111110001100000101000111110100110100101101110010000010111111100011110101001000111001
101010111011100111100100000001110010000001100001000001110100111100011111111000000000111111111000100011101010001010011001000110000100111111101101011100010110100110111001000111111010011000111001100100011011101101
101010001000110001110101101100011011111100111101111101000110010001111000010010111010010000010010101001101111011011001101011111110110000000101001010001010011101110000011011100001010110010011100101111111011000101
101011011110011101000111101111001000010110110100110001111111000111000011011111101011110101010110101100000000001001100111001100000111011110100011000111011010001011111110001110111011100111000101101000110000010101
101011000011011001011100001001101011000010010110011011000001111100011111011000100010000111010111101111111110111101110001100111011100000111111111111101010010111010101000111000010001001111110101001010011111011101
101001011000001011010001111101101001101011010011001111101100011001110101001010110110111110010100000110001000100001011101110010001110110000000000010001000110100010001011110010110111011110110101011011000001001101
101011111111100010011011001100000011111010010111100001100111000011010001100010011100110011010001110100101110101111001101011011100010111111101101110101111100101000111010010110010001010100100101010011110111101001
101001100001101110110011100001010110001110110110111100110011110110000111111111001110010110010100011101100100100101011001000010111011100000101100010101000110101111110011000011011100010001101111011000111100001011
101101001100111000110110101111111100100110100010100110111000011100110011000001100111010000111111110000110101110100000011011110101000101110100111000100010000100000010111111111000111111011001000010010001001011001
100101011110110011100100101100110001110000101000001110001110111001111001101101101100011011100000111011100111000101010110010000001110101010101101111111111011101111010110100010010110001010011011110111100011011101
101101010010000110101110101001100111011111101111101010100010001011111100001000100111001011001110100011001100011101110000110111100010001010100100000000001001111000010000101011010010100010111010000000111111010001
101001011011111110001000000011001100000010100001100011111010101000110110111010110011101000011000111010011110110000111110100101001011111010110111111011011100110011011110001001111000110110110010111110000001110101
101011001000100010111011111010011101011000111100101001000011101010010000011111111000001111110011110010110110111011100011110001011000001000110100001010000110100110000111111100011011100010100111100011111100110101
101001101010001010101010101110110001001010011001111101011011001011011111110000001111111010110110000110010010001110001000011111011110111011100101100011111110101110101100000110110001111010001111001001000111100101
101101101011011010101000001100011111101111001111000001001110011010010001100111100001000010000100111111011000100110111111000010000010011000101100101011000010100011100110110110100101000011111110011101010110001101
101100101001010000101110100101110000001101100011011101100100111110110100101101001101111010111110010001001011110100100001111010111011001110100110101110011010101000110000100010101111010111000100110000010000111001
100001101101011110100000110100000111111000111001011001110001100000010110101001011001000010110011000101101110000101101011000010101011101100110000100100110000111110011101110110111100010100010001100101111011101011
111111000111000011111111110111111100000010011100010011011111101101010010000011001100011010011001101100100010110101001110011110001001111001111111101101110110100011001111000010010001111101111011111111011110000001
100001011110011011000100011101000101111011001111110110000010001001011011011001100111111011001101000110111010100101101000111011101101000011011000001001000111101011100001111011011011100000100011110001001100101111
110100010100111000010001001100010101001011100001010110111010111011110001111100110000001111100001110010110000111101101011101011001001011111010011111011010011001001101100001001011000001111101001100101100001100101
100111110001101111010101100110110101101001111100010010110010011000100111000110010111101000111100111010100101110000001010001000011011001001000110001011111110011100111001101111001101111000101100110101111111110001
101100011011100001111111110010110100101101000101011011100110110010101110010011111110001010000110001110110111000111111011101011111001101100011111011000011000110110001100100001100100110010001101100100010000011101
100101000000001011000100011000010110100001010111111010001110010110100010111000010000111011101111100100010100011100000010001010001100001101110101001111000010000111100111111100110110100111111001001111000111011001
110111101111101010010001001111010100101111010000001011011011010011111010011111011010100010100010110101011101110110111110101011011111111001000001011001011111110000110000010001100010101110100011011101110100010011
100011001100001110111111100010010001100011011110111010000001011001010011001001011010101110111000100101000100110010000100111010011010101011110100010011010100011111110111011011111011101010101111010100011101111011
101001111001111100000001111011011111001110011010011010110101001101000111101011010010100000001110101101101110011010110110011011000000100011000101000111000101010000100001001000110010001000001001010001010001001001
101100001011000001111101000010010011011000110011000010011111100100011100001000000111111011111100101100100011000011100011000001101110110110010111110001111101000110111101101011100110111111101011011011010111011011
100111101111101111000111011111011010010011100111111111010000001111110001111101111110001001100001100110111011111001111001101100001000100010111100011011000001011100110000101000101100010000100001001001010011000001
110000100011001100010011011000011010110110110000010101010111111000000111000111000000101100101111110100001000001100101100100111111110111000110001001110010111110001100110101010101110110110111101101101111001110111
100111110110011001111000010011001000010000100111000100000000010011010010010110011111101110100001000111101101100110100110110011000010001111100111101000110100010100110111101010100000110010000111101000001100010101
101100010100110011011111110111101011111110101110010101101101110111011010110100111010100010111100011110001101110110101110110110011011100001101100000011111101011110010101001010110110011011110110001011011111010101
111001000101100110000001010110101111000110111000110100111111000100001110110001100000111000100111110000100101000100100010010100111010111100100111111110000001001011010001011010100011110010100100111010011010010001
100011011101110010101100010010100000010000000011110101100000011101111000011111001110001111110000010111111101111101111011010101101010000110110001100000111111100011011111010010001110000110101101101010110010111101
101111001100111011101110111010111111111101111110000111001010110001000011110101100111111100000111000001000100010001000001011101001011010010010100101111100011001001000100010111111000111110100100001110100110100101
100001100110001001000010001010000000100111100010101110011111100101011111000100110010001001111101111101010110110111110101000000011010011011011110001000001001101101110001010001000011100000110111100100001100101101
101100110111101101111110100000111110001100001011101000110000111101011000010101111000100011000000001111010010100101100111111110110011001001000110111011111100111001011101111111011110001010010000110001111001101101
100110010001000100000111111110100011100101111001000010100110001111010010110001101011111110011101111000011010001101001100001100100111101111110010110010001110110011001001100011010011011011111010110111100011100001
101111011101011111110011000011101000110100001101111110101111100010010110011100001000011011001101000011111011011100011101101001101100001100011010010110101010010111100011001000011000010010001110100100001110001111
100101001111011000011010011000001110011111011001000010101000110110110011000111101111000011101001011110101001000001000100101111001101100101011011010110100011010011001001011111110011110110100010001101111000111001
110001100010010011001000111111111011001010001011011010101110010010100111110100001001011110001101010000001101010111110110100011011000110001001011110100110110010110011111001000110110000010111011111100011101100011
100111110110110111101111100100010001101000111011001110100000110110110100000111011101001100100101011111011101011100011100111001001010010101101010000101110000110100110001101010011111010110010001000111000100001001
101100000100100010001010110001000101100011101001101100111110010110100101010110010001100110110101001100001001001001011001101101101110111111101011011101011111110101100100100011001100010011011100010001110111111101
100101110101101010111000011111110100111110101100100101101000110100101101111100110111110010010111100101111011101011001011000001000011100000101000010101000100000101001110111111100101110110010101111100000110011001
110100011101111010001101111000010110000000001110110001100011100101100100011001100000111011110000110100010010111001100011011111111001101110101111110001101101011101011010110000110101100011010111001111111100110011
100111001001000011100100000011010010111011101000100100110111001101110110110011001010011000010101100111000110001100111110010010001100001100100100010111000101001111010010000101110100101110010010011000000101100111
110101100011110110110111110111011110001000111011111110010001011101000100100111111011001111010101110010010100100110100110111000100110111001101101000100010101100011011011010101000110101100111000110011110100001101
100001111110100100010011000101000111101110001010000011111011000101010101101110100001100010010100111010110001110010110010111101110011110011001001111110110100111000010001010111011110111001100011110110010101111001
111011000100001101011001011101110010000010101000111001100001110101110101000000001100111110110110101010111111011000111010011000011000000110011011000010010110001111110111011110000000110011001001100100110100010011
101000010101111001001100010100011010111011101111101100001100100100111101011010100110010000100100001011100010001111100011001101110011111111001010011011010011101000100100011000111111100110011100110001110111011001
101111110100110011011111110101000011101001101000001111111001101110011001001111111110110111111101101000001000101001110111100100011110001011101000111001111010000010001101010010010001101100110111100100010001001101
100100010110011011000101010101111111001101001011100101001111000111001011111100000010010001000001001010111110101101000011110101000100101000001111101100011000111111100101010110110101001110110000001111110111100101
110001010011010001110000010001000000011101011010110000011000010001101001100001111011011100011111011111100011100100011001000111110101101010101100000111001101100000111101010111100101011000011101111100000110110001
100101011000011100010101010111111110111001000010011101001011110111101011001111101011110111110010010001101000110101111100011100000100100011101001010011100111001110001001010100001100010011001000110001010000011011
101111111111110111010111110100000110010011111111000101101000100011001000011000001000000100011000110100101110100101101111111001111110111110001101011010110010011000100011110101111111111001100010100101111111110001
100000000011000101010011000101010011010110000000011101111110101001011011111110101110111101000011110110001010001100101010110011000010001000100111011010011010110011111110000100110101101100111111101111000001000111
101111011000011100011000011101111011010010111111001100000010111011011010001000111000010001011111000111111011111110001000100111101011101011110100010000111010110110000010111110010000000110010000100010011100011101
101001001101110001111111111000101000011010000011100110111010001010010011100011100011010111110000011101000000100011101010001100001010001000010110111011101010010011011010100011011101011111010110110110110111110101
101101011101000111100010001110001101110010111010110011110010101110111001001000110110010010110101111001011110001011001011111001111010101011010110001001100011011001010010101001000101000111010010110000100000000001
100101000111011110001000100100100111000110011010011010000110100000101101101101100100111010010111010011010100101001101010101101000010111110010011101101001110001111010110101101110101010010011010011011111101111011
110101110011011000111011110111101100011111001011011010110111111111101100111101101110101011010001000110000101111101001010100001010110011000111001101101011100100110010110111100010111111000110011010011011001000001
100100011000010011100010010000100001110001101010000010100011011000000110000101001000001001011101010100110101000111011010001101111111001011101100100111010001110010110000110001010000001111100110010110010011011101
110111011111111001001111011110110111011101001011010110101001001111110111110101011011111101011001010001100100010011000010111101100001101000000110110110010100011010111111100111011110111000001100110010110110010001
100001010000001101011000001100100101000100011001110010111101100000110100000001001111000001001011010111111110111001111110100100001011001101110110100100111111110010101000001100010010011011011001111010010110111101
111100010101111001011011100101101100010110111100111010011000110110000101111111101000011111101001111110000100011100011000101111101001011100011100101101100000000110001110111111010111000001111011011010110010000111
100111010100010011001010101101101101010010000110010011001110010111110101100011001011110000001011000000110101000111000011101000101011010111011001101001001101111100100100110001000101111111000010000010000110110001
101101011101010111101010000101000001111011011111010111100111000100011100101001100000111010101001101111110101111110011110001010101010000001001011001011100101000110110001100101010001100010011111011110101100111011
100001000111000011001011111101111111101001010001011100110001110101001001101101001111100010111011001001000101000100110000101010101010101111101011101010110111010100011011001101111011001010110001010111111001100001
110111110001111010011000110001010000101101110101001001111100011101100011001001011011001011110010011101011101010110011010101010101010111000101000001000100010010001111110011101100001011010011100010000001011001101
100001011100011110111010010111000110000100000101100011010111001101111110011101000010011110000110110001001111010011000011111010111000011010001011111110111000110111000100110100110100011111001110111110101110011101
101100010111000010001011010001111100101111111101110110000011100101000010110101111000110100110010010101101000011001110110000010001011110011111110001010001110111100010001110110011111110001100100000010101100110001
100101000001111010101110011011000111100000000100100000111001110101011010100000100010100001100111010100100011111100110100111111101001100110000000100011100010100001111111000011001000000100110111101010101001100111
110111111100001010100010111000010001101110111110110110001011010001001000111110101110101100111100011101111110000110011101101001001011001110111111110110111010101111000000010111101011111110010000111000100011101101
100011000111100010111010001111111100100110100010011111101000011111101111100010101100100110100001111000100011110011001101000011011010011000100000010000010010100101011101011100001000100011011101110011111110100101
101001010000111111100010111100000110110010001011001111001111010000100000001010111001110111101111010010001000111001100001010110001010111101101110110111010110110101000111011001111010101011001100010110001000110001
111101011101100100001110100001110010011011111011100110011001011110101111111010001100110010000000000111111110001100111111010011101010001001001100100110010011100100010110010011011010111001100101011110101110011101
110101000100110001111100101111000111010010011010110000111011011000111000011011100110011000111111111101100010100110000100011110001011011011111001101100111000101101110010110111000010001100110101000000100100110101
100101110110000111000101100100010110010111010000011111101011010011100011001001110111111111100001000100001011110011010001011000111110001011000011001001101110001101011010010110011111100101110111111111110101100101
101100010011101110010101110101111100110111010111000010001000000111001111101100100000010100001100010111101001011001011011001010100000101000011110011101100011111001001011010100110001110101010000010001000101001101
100111011110001000110100100101000001100010010011111000111011111110011000100110111111010001111111110000111100011101110010011011110101111111001000110001001000001101011001010110100111000100011111000101101100011101
110001000111011011110110001101011111111010111010101011100010000100111010110010000011010111011010111110000110110001000111110011000111000000011011111111011111100100011101110100101110011110110101111100100111000001
111011110001010000100011011001010001100010001010000001101110110001100010011010111001000110001000100011011110000101010101000110010001011111110010000000010000110101110001100101100010110000100000000110101110010111
100001011100010110111001001011000100101110101011111100100010111111001111110010001101111100100010001001001100111111010101011100111101000010000110111111110110100100110111001101101110100110001111011110101100110001
101100000111111100101101011001011110101000101000000110110110011001101000010111111001000101111111111011100110010110010001000101110101111010111100100011000111101110010010011000001000101111101000001000100111111101
100111010110000001101001010011110100100011111110110011100011001011000011010000100011110001000000001000110011000100110111110100010100010010000101111001010001000011011000110010111011101000111110111011110110000111
101101011100101111101011110110100101111011000100011001001111101000011110011110001110110111101101111101111001110001111100010101010101010111101100001100011101011001001111111110100010001010001100001010100100110001
100001011001101000101001100000001100100010010101001101011010101110111000110011111100010000100100000100001100111100101001000111000101110101001111100111111001001101101100000011101110101011100111011010001101111101
101111010011001010001100101011111110101110110111101001000010100011100010111000100001011110110101011111100110001101100011111110010100010101011000110000100011100100100111011000001011101000110011110011011001001001
101000010111011110100110001010000010100100100001101011111000111000110110001110001111001000110111000010110011100111001111100011110110110001000010011110001000110110110110011111111011001110011001100110011011101011
101010110101011100110100101010111000110101101011001001101110011101100111100011111000011011100011111000011000110000011001001001100110011101110111001011111010010011110100110010100000011011011101001100110010101011
101011100001001001110001111010001111111100111010011100001011010100110100001000011011010010001001001101011110011111111101011100111100110001010001111000100011011000010001100110001101110010001001011101100110001001
101000001111101011000111010011011000001110010011111110100010000110010101011111000010010110111100011101010011000000000001000110000001110111011011000010001111111111011111110100111100100110111011010101001111101101
101111111010101110011100011111010011100011011000101010110110111111010111110001111011110110000111111001000111111111010111110011011111100001001001101111111000100001000000110001100110001100101000010100011000001101
100100001000100111001001000001010110110110001010000010100010011000010011100100001001100100101100000011110110110001010001000110010000111101101100001000011110101101111010100101001100101001101111110101000011111001
110110100011110001101011111100010010010011101111111010101011001011111001001111101011001111111001111110000100100101010100011100110110000101000111111011001100100100001110101111011111101011000010000001111111000011
100000101001011101001010101111111010111011001100011010101111101000101101011000101110011100001011010010111101101101111111111001100111010001011101000001100101110111100010101010001010001000011011111101000110011001
111010101111000101011000001000000010000000011001001000100101001110101001000010101000110110101001000110011000101000110000110011101101111111001100011101110100010010001000101000101000101111110001000111010010111011
101011111000010101001111101101101111101101001101101111101100011100100011111110101011100000101101110011001101101010000110000111001000110001100001111001000101011011111110101101101011100000011101010011011000100001
100010001101010001100000100111100001000111111000100011000101110001101000110010100001111101100100111011101100101111111111110010011010010101101111000011011101011000011000101001001001111101000100011010011111101111
101110100101111111111110110011001101111110001110111000011100010111101110000110111111000000110110101000100001101100101100010110111111000100100011101111010001001101001101101011011101000001101111111000110001100101
101000110101100001101000111001011100001010100100101111110101110010100011110010010010011111100000100010111101100110000110110010000111101110111110001000010101100111100111000010011001011111001010101111100100110001
101011100100110100101011101101111001101000110101100010000100111010001000011011011000111000101010101010000100110110110010000111110010001000100000111011111111110010110000011010110011010001100010000001001110011101
101001001110100101100000000100001111001011110100001010101110101011011011010001001101101011101111111010101110100100011000111101011000111110101111101010000001011000011111111111110111110100110110111100011011010101
101101011100101101001101111111100100011001000111111011100010001001111111011111101001100010001100001110100110101111110010110000001111100100101000100011101101001101001100000001100001100110110100100110110001010101
101101000101100101011111000000110101111101011100001001101011101100010000001000001100110110111001100110110000100000011110100101111000110001101110101111001101100001111001111101001011001110011101110010110100000101
101001110101110101011110011110010100000001000001101100001110000111010110111011111110010010001011110010011101111111000010001111000010011011000110000000011000111011000011000100011110011011011000011010010111111101
111011100101000111001100110011000101111111111101100111101100101100010100011001100011010111101001111011111000100001111010100100011111000010010011010111111110110011101111101111011100111001001011111011011100000001
100010101101010001100101100111111100110000000111001110001001111001110111001100001111010000001100101000110010101100110010110101111001111110111001110011000010000110001000101010001001100011101010110001000110111111
101110000001011100001101001101001110100111110000011100111011010011010001100111100110010111111110101110010110001001100111111101000011000010001100011110011010110100111110001010111011001011000010000101010000100001
100111111111000111111001100000011011101100011111110101110001010110010100111101110010110010000010100011011111111011001111000101010111011011100101000100110010011101110000100010011001011001111110101101111111111101
110011000001110100011011101101001000100001010110000000100100010100110110001100011010111010111000101110010000110001011010010001010001010000111111110001110110110001010111101011001100011101000011101000101001011001
111001110100000001110011000101100010110101010011110110101110110101110011100101001010011110101101100100110110100101001000111111011100011110110000110111010010100111000001001111101111110101101000001110001100000011
111100011111111111100110010101111110011101011001100011101011100100011001110001100011000110100111110101100010101111100011100000000111000110000110100000011011101110010101011100001000000100101010111011101111010111
111001000100000010001111111100100011000111001100001001000010001101001011011111111111110100110011000100001110100110111110111111110001010011111110111111110011001100110101010001111010101110111110110000100001110101
110011101101111010111100000110101111110011100111111111010110111101100010001101000101000101111001011111111000110010000000100000011111011001101100011000111001011001100101110111000011111010010000100101111100110001
100110001001000010010001110010100101011000110001000110011100100001111110100000010100010101001101000000001101111000111010001111010001001100100001000010001101001011101101000110011000110011011011101101000110100101
111100111011011111000101011000110000001110011011010100110001101111000010111111110110110100011101011111101001010011110011111000010101111110111011111111100101101110000101011100111010000111000010001001010010101101
110001100001000101111111011111111011100011001001010001100111000011111000001000100010110111011001000110001011000110000111000011110100011000001111100010110000100011110101010111100011010001111110111011011000111001
100111001111110000000010010000010010101011101100011111001101111000110010100010111000100001001011101100101001111100111110011110000111001111100011001000011011111000111100010000110111011101010000001111011111100011
101100011000011111111000110111010110101000101101111001011000001110011011111110010011111101101010001001111011000111100010111010101101100011001001111011001001001110001110111010011110010100011110100001010011001011
100001011011000100001101100101010010101101101000000011001111011011010001000011010110001101101010111011000010010001001010001000111000111001101100001111101101100011100100000011011000110111000011110101011010011001
101011110011110101100101001101011000101111001010101011100001010000011011011001011100100101001000100011110110111100011011101101110010001100111001100101000100111001110101111110000011100011111000000101001000111011
111111000110110001110100011001001110101000011111111000111101010111110001001101001101110111011110101110000100100111111011001001010111111110010011110100010110001100010111000011111110111010001111010101101011100001
100001011100011101000101110011101100100011110000001111110001000100010111101101101001010001001100100010111101110010101001011011000101000011011110000111110111100110110100010111000100010000111011011111101001001111
110100010001000111011101100110001001111111010111100011000111011110110010101000100011011101011001111010000101011000001101000011101100011001000110111100010010110110010001010110010111000101100010001000001101101101
110111111111110010000100001111011011010000010000111010010100000010011000101110110110010001001100010011110101001101011101101010001101111011110010001001011000010011011111110100110100010111001000111011111001000001
100100001000011000110110111100010010000101110110101010111111111010111101101000100000110101100101110110010101100001010001001111100000101000011011101101011111011001001010100101110001110010011111110010000011111111
101101011011010011100100010001110111011100000100101010001110000010000001001011111110100101110101000000110101001101010111111000111110101011001001101001000110011101011000101100011111011010110101100111011000100001
101001000001011111001101010101100101001111111101100010100100111110101111011010000111101100110111011011100101111001110100010010000110001001101101001101110000110001000010100111000010001010110001001101001110001101
101011111111000110011001110111001101011010010001001011110101100111111000010000110001001101100011001001101100001100010001000111110011101100111100011000011011100111101110110011011011100010010111011001101011111101
101010101011110011011011100110011000000010110111011111000100110000000011111111111101100111001001101100100111100110111111111100011000111110010111110011001110001100100100011001001000101111010010010011100001000101
100010000000011010001110001100110011111000110101000110011110011101111110100000011001110000011100100111110000110010011000010101001110010111000010010111100100111001110101111101101010100011010110111010111101010101
101111110101011010100010111101111110001110010101101100110011010001011000101011001101000111111110110000011110011000110011010001100011000011011000110001110101101011000100000100111010110110010100101000001001010101
101000011101001010111010100001000000100011110100000001110110010111010010101001111001010010001100011101000111001101100111011011001001111001111101111101010001000000010111010110011010011100110101100010101011011101
101101000001101011110000101111011011111000110101111111010100110010000111101100110011111110100101110001110101100000001101001111101100001100010100000100011111111101111100010011001111000101100101101111101010010001
101001110111111000011111101011011010101110000111000010000101111010111111001110100111100010110100100111010001110101111001100110000111100111000111010111011000001001001001011001100111101100110100111000101011010111
100011000100001111001000001000001010000011111110011000101100010010000010011010101101001000110110001100011011011111001011110011101110110011110011011110000011101100011011001101110010001110100110010010001001010001
111110011101100010011011111111011011011001001010111111101111000111011010110010001000011111100111111001010000010001011000011000100010110110011001001011111110100111011011111100011011100110001111010111101101011101
101011010100111010111000110001110011011101101000100010100001110100001000011011111011110011001101100011000110110101001011001110111010010011001101100000001000110001001000000111110000110011011111010001101001000101
100010000110001010101110000101100110010101101011101000111100011110111111011000000010011001011001001111111111100101100011101100100011011000011000111110111010011101111111010000011110111000001110010100101011010101
110110111111101000100011110100001100110001001010101010001111001100110001110011111111001100011100011000001010001101110110101001110110001101110010000010001011000101100001110111000100101010100100110110111010011101
100010101100101101101000111111111110100111011000111011100001100001100100100110101011100001110111011110111000111000010000100011010010111000111110101011011011110100101100010011110101100011111101100010100000110001
101010101001101001001110011000100000110010001110011001111101111111001110001110000000101111000010000010100011110011011111111000011010000011100011101010001010100110101101011001100101111110000101101010001111111011
101110001011101011011011000010101110011000100011001111000100010001011011011011011110001010011011101000101110011110000110001101000010111111001001111010100010101110100111010011001100000110110100111010101000110011
100011101000101111000011101111101011001111111111100011010111000101110000010010010111111000111001001111101011001100110000101001111110110000011101010010111110100100110001011110011001010100010110011111111010011001
101011000010100101101001100101000011100001000101001000010001101100011111011000110100010011101101111100001001101001111111101111100011100111111000000110001000110001111101000100110011010101110011010000110011001101
101000011010110000001100110000011000101100010000011101010100001001000000010010000001000110000000000001101100000011000000000000001000001100000011010100100010010100000001010001100110010000011000000110000111100000
111111111111111111111111111111111111111111111111111111111111111111111111111111111111111111111111111111111111111111111111111111111111111111111111111111111111111111111111111111111111111111111111111111111111111111
