111111111111111111111111111111111111111111111111111111111111111111111111111111111111111111111111111111111111111111111111111111111111111111111111111111111111111111111111111111111111111111111111111111111111111111111111111111111
000011011110001100100000000100010011011000000001000011000001100000110110001000000001010000100000000011010001000100010001000010001100000010000000001000000100001000000001100010001100001000110000110001100011010000000100001010001
101001001100100110001101010001000110010010111101011010010111001010010100101110110111000111101111011001000100010001010100011011011001111000101011100010111101100010111111001010101001100010010111100100001001000110110110101000111
111101100001110010111111011111110000110110011001010000111100011011000101101000100011010011000010001101101110111011110110111001010011000011111110111110100001111110001000011000100011111111000000001111101100010110010010101010001
101101111011011000110001110000010101100011001011110110110001110011010001101101101110011000011010111000101010001010000010001100000111111110000010100110101111000111100011111111111110110001110111011000100111110011011000101111011
101001000001001101100100111011011111001001101000000100100111011001111111000100111100111111011110101110100011101010111111100111111110100000111010001100100101010010111110110000000000100100011110010010111100011110001111101000011
101011011101101111001110010001000110011111001101111110101100001100100010010001110001100010000100100100111110001110010000110001000010001111110010111001110101011000001100000111111111101111001100110110011001000011101011001101001
101001000100101010011011000111110100111000011001000011100110100110001011111111000111101011111101110001100000100111011010011101011010111100000110000011100100001011100111011110000110001101100110110011000011111010001001100001101
101101110110000010111001111110010101101011010011011001110011101111111001000010010010001001000001010111001111110010001011000100001000100101111111011110101111111000110010000100110000111000110100011001111110001011011100111111001
101100110010101010001101100010110101001011111110011100011000101101010011010110111110111101101111000100011000011010100001110111111111110101000001110000100110001110011010101101111111101010010111111101010110111001000110000001011
100110011011111011100001001000010001101001000110110111011110100000010111010010111000110101000100011111001011001110111111100001000010010100011100010101110010100111011011101101000110000011010000011001000010001101110010111101001
110011001000110001111101011101011111001100010010100011000010110111010010011010010011100101110111000001011001011100011000111100011011000111110110110101011000110000010001001001010011110111111111001101011000100100011010100001101
100111101110010100000101110001011000011111111000101001110110110101011010110011010110101100110001111100011101010001110010110111110001101101010010000100001111111111111100011011011000010100000001100101011111101111010010101111101
101110100011011111101101000101001110110100101111101100010110100101011000011000010100000110011100001101110001000111100110010001011101100000011011111111100000000010101110111010001101000101111011110101010000100001000110100010001
101000111010000000111001011111100010110001100000001110110000101101001011001011010110110111001111100111000111110110001111010100010100111011010000010000111101110110001000100011101001010100001000100101010101111101111111110110111
100010101011101101100011001010001000100100101111111010011111101100011111111110010011100011100001110110010100011100111000010111000110100010000111011110000100111100100011101110001011111110111110001101011101000100000010000010011
110110101000100101001111101000111111101110001010100011000000001001010000010100111001111010111100010010111101001001101101110001111110110111111101010000111110001101111111001010111011000010010011111001010000010111011011011011001
100110001110101100011000001011100011001011111000001001111101111011110111000111101100100010000111011000110001101100100000111011100010010001000000000110100011100001101000011010101010010111011011000011000111110001010001010011011
101100111000111001110011011011001000011000001101101111000001000001100101110001001110101010110001001011100111101110111011101001001011010101101111111111101001001111001011110010001000110101011010011111111101011101011100011001001
101001100011110011011110001110011111111011101001000110011111101111001101010101011000101011111011101010001100001000110010100011011001011101001100010000001101101010011010010111101111110001010000110000010000000101010101001111101
101011001110010111000000101100110000000010100011111100111000100011011000011101000010101001010011001010111101111010010110001111011100011001111001000110101001000000111011000010100110011011010111111111010111110001010111100100001
101111011000110001011111101001111111110110111001100001100010111010010011001001111110101100000110011010100100001011010100100001010111110011100011111110111011111110110010011000110000110001010110100000010100111111010010001101111
100001011010011101000001101011000001000100011011001111110110101010110111111011000010101111111100110010110111101110010111101100010000110110101110000011110010100110100110111110010111111011010010001011110110100001011000101001001
101101010011000101110101001011110101010101001001011000000011100010010100001011011000101000001101111110100001101100110011000111111010010000100100111001100110001100101110100010110010000010011010111010000100001101001101111011011
101001011001110100010101011000100100011111101101001110110111001111010001011001001111101010101001100000101111001001111001011100000011000111110101101100101111011101100010001010011010111110110010010010111101111001100100100010001
101011001101010111010101111110101101110000100001100011100000011101011011001101100100001011100011001110100000011011001101000111110111110001000101101110100100001001111011111010111010000000110111010110101111000011110110101111101
101011101000010011010101000000001111000110111111101001110101110001001111101000110101011001111111011000111011110001101101010000010001011011011100100000110101101011001010001110110011111111100100010010101000011000010111101000001
101000101111010110010100011111100110011110011000111100011100111011100100000010010101110011000000001111110000110111101001111111011101001010010110111011110111000000011000100110010110000110001111111010000011111110110001001011111
111110101001010010111111110000110100110011000010011001000110101000110101101111000101000110010111011100011110000101001011100001011000011010110010001110000011111111001111110011010111110100101010001011111111010000011100011000011
100000101101010110000001000110011101100111111111001111101100100010010111001001111101011100110011110001000011111100011010101100001010110010111000100100111001100001100100011001000011000110100000101000110000010111110111110011001
101101101100010011111100011111000001001110000101100011001001101111010110011011000100000001111001100111111000010001110010100111101011100110010011110001101100101100110101001101011110010011101010101010000101110100010110000111101
101111001001011000010111111001111111101011010100101001011011000101010100110011010111111111001101001100011111010101000110110011001010001111011011011111100110001110110101101101010000111000111111101011110111000101110000111110001
101000011011001011000100001011010000100000010101111100010010010001010110000110010010001100011001011101000110010100011100000110011010100110010000000000101111111010010001000101011101101110010100001001010110011100000111101011101
100011111111101001110101100011010110101110110001010111110110111111010011110110111010100101110011000111010100110111110111101100111110111100111011111110001100011011011111101101000001000011000001111101000010110111101110000010001
101111000101001100111101111001010110101010100101000000100100001000011001100100101011110000000111110011110101100100000000111001110000110001101010000011111001000011010000111001111111011001111111100001011010010000100011110110101
100000010100011110011001001100010010101010101111011110101111111011001100101101101001011011101100011001000100110101111110110011000101100111000010111000010011111110010110000011000010001011010110001011111111010110111000010010111
111111110101111011001011011111010110100010111000011010000011000011100110101001001100010011000001001100010101100001100010010111101111001100011110101111010110100000110011111110011110111000010100111000000100000100011111011010001
100000100100000001101010000001000100110110001011110010101000011010001110111011011111011110011111100111110100111111001011010010001100011111011010000110010110101111111001100000110000101101000101101110110101111111010000000010101
110110101111111111001011011011111101100011100010000110111111111111111000110011000001001100110000110001000110001000011010011010111001110110001011110010110010101000011100101111100111100101110100000010011101000011011011111111101
110110100011000100011010011010011000101001111110110011100000100000001011100110011111100101100110111101010011101011001110110000100011000100100001011010111000001011010110100100001101110100011111111011001101011010001110000101001
100100111010010001011011110000110011101111000010011010001110110110100010001110110001110111001100100001011000101111100000011111101010010111110100001010001011111011000110101101111100010110111000010001100001001011100000110100011
101111100010111111001000100110010110000110011000111110111010010010110110111000100100010010011001101111001110100000111111011000001110110000011111111011101011001110010010100000000111000010010011000100111111101000111111100101001
100110001110100101101110110011010011011100111111110100101011011011100100011101101111011000110011000011100111110110100011000011101000111101011000110000101001100000111010111011110011011011000111111111100000001010101010001101101
110010111100110000100010011001011000011001100000010001101000010000101101110000101110001111110110011000110100010110101001011010001011100101001010000101101100111101110010001000111000011111111100000100001111111110100010111000101
111000100001111011111011001101111111110011001111000111100011110110101001000101100100100010000100111111100101010010101101110011111001110101101011111111001110011001010110101010011111110000000101110101111100011000101110010010101
110011101111000000011011101000011011000110011011111110001110011100111011111100001101110110111101100000001101011011101100011110000011000100101011000010011011000011000100101111110001000111110000110101101001001011100111010110111
100110000100011101001000101111001000010110110010100010111011000001100011000110111001000010000111101111111101000001000111000000111110010110101001011110110001111111011111100000100100011100011111100100101011101010110001010110001
101110110111111001100010100011100010110010111000110110110001110111001110010011110011111011110000000100001001111101011101111111100000110110101101000100100100110110001000110110101111110001001100001110101001000010010101011100101
100100010100001100101111111001111110011110100010000010010100010000011100111001100111101000111111111101101011000111000100110100001111100100100101110101110110010100100010010010101001100111101001011100001101011111000101000110101
110101010101101001111000011101000111000100101111111011011101011010111001101100101101001101100000110001001010010001110110000101100000110101110100010100010011000001101111011110100011001100001011010001111001110001011101110011101
110111010100101100110011000100010101101101100000001001000001001110000011000110101000011000111010010111011010111101010111101100111110011100111111000111011111111111111001011000111010011001111011110111000011000101000100011000101
100001010110100101100111110111110000100100110111101101101111100011111111110010101011001110100011110101001010110100010100000110000111000110001101110101000011000000001100000011101000111011001000010001010110011101110111001110101
111101110010110111001100010000111110001110010100100101111000111010001000000110101001100100001110000101101010000111000101010011110101110011100000010001111001011111101110101110001111101000011101011101010010110001000001100010101
101100011000010001011110111101100011100011010110110100110010101010101010110100101101001101011000111101001011110101111111011001010101011000111011111100101100010000100011111000100000001111000111001001010110110111101101111010001
100111011011111101001010100100001000101011010100010110000110001010111010011101100101111001110011100100011010010100000100001100010000011110001010001110100111111011111001010011110110100001110010011011011100010000111111000010111
110001010000001001100000101111111101111010010001010011111100101010110010111001110100000011100110110001010000110110110001111101011111010100101000100010101100011001001100010110010100111111010110111001000101111110100010011010011
100101010111101011111110001000000100110010111111111000101001111010100110000011000111111001001100010111111101110100011111000111110000010101101111111000100001001100011111000100110101110000010100010011110001000010001011011111001
101101011110001001000011101101111110000110010000110010100011010010001111111111010110001111011101010000110001100101000110010010000111110100111100001111101111100110111011111101100100010101010101110110111111010111111001000011101
100101000011011100011001001000100011111111000110010110111110000111011101000110010000100100011001011110000111001111110000111010111101000101100001100010100010110010101000000001110110110101010100000100000110010011001101011000001
110101111010010111001101011011101000000001111111011100110000111101010000010011111111101101110011010111011100011000011111100010010000010101001011001000111010011010000010111100110011100101110111111111010000111001011001001111111
100111100010110101100111010000001111010111000100001101100111100001000111111000101000001001100110000100001101110011000000101011000111110100011011011110011011001010110110010110011000001100010100010001011011101100011011101000001
110000101110000100110000011111100100011100010110100101101100001111111100001110000011101011001110101101111001000111111110101111111100010111111110010011001000011000011111010111011111111110110101000101111010001101110001101011101
100110001011110110011111111000111101110001010011110101001001011000000110111010111111001010011011101000001011101100101100101000010001110101011000111001101111011111001100010001000011000010100101011100000011011000110111001011001
110111111000010110110000100010001001100101011001000101011101110011010010001000100001111010110001100010111010101001100001100011000100000000010011101101000110000011011001110101111001101010001101000111111111000011100101011001011
100100001110110010000110001111101100101101111100011100010101000110011110100011101100110010100100111111100010001101001111101111111111111111110110000000010011111110010011011100011100101011111111110010001000010110001100011101001
101101100100111010111100111000100110101111000111110110110000010010110000111111001110000110101110000001001110111100011000100110110000100000000100111110111010000011010111000001010110001010000000011010101011111100111101110001101
100111110001100011100001100011101110100110010000100000111011111110010111100001011011111110111000111101011000010110110010110010100101101111110101100011101000111001010101011011000111111011011111010010101010000001100101100101001
110100000111101110001111001000100100110010111110111110001110000111000001001100010000101010011011100101011111010010110110011000001100101000111111001000101111101101010100010001101100000010001001000110100010111111110100001111011
100101110110001011011001111110110001111010010100100011100000110001011111011110111110000011001011001101000011011010010111011111111111100010000010011110100001101001010110110111111001011110101011111100111110100011000111111110001
101100010010111000001100000100010100101011000101101001111111111101110000010111100011010111101001011101111001010011000101000001000000111111111010111010101100100011010100110000010011111011101001000110101010111001011100000100111
101111011110011101011110110101111110101011110101101100100000000100000110110000001001110000001101001001001100011001111101111101101110001000011010100010100110001110010110011011110110110001001100010000000010011100000001111101101
100001000111001001011000100100011000001000100100100110101011010111110011100111111100011011111101100011100111111100000000001001000111101011001010001110110111111010110011001000010010100100011101111011111111001111010111000001101
111101010001101011010011101110110011111110101110110100111110010000011001001101000111001000000001101110001101001001011110101011010010001011100011100100100100001010011001101010111010001111111000001110000101100001110000011111001
101001011101001010010110000000010111010010001010010101100011011011110011011001010001101111111111001011100001011011110000101001011010111001111001101101110101111000111100101110101000100110001111011000110101001100100101110000011
100011010101011110110111011101010100000111111010110100001010001110000110001100010100101100000110011000001101011000110111111101111010101100001111000101010101100010010110111000101111101100100011010011100100011110111100111011001
110110000101000100100001000111110101110001000010100111111011100100101100111001110110100001110100110011011001000010010010001100010010000111100011011101010100101111110000110010001000001001101001110111001101110010000110001001101
100011011101110001110101010100000101011101111010001100011001110001111001101011100100111100100101111110011011011111111000100111010111110001001000001001000110000001100111100110101011111011001100010101011001010111110111101111001
110110001101011111000101011101111101000100001011111001001101010101010011000010001101100111101100001000110010000010001111110001010001011101011111111011011111111101001110001100111010100011011111000101010011010001100100101000011
100010100100000010010101111001000001011111100011001011100101000111000111111110111101110100001111101011110110101010101000100111011101010001010000110011010100001001011010100111100010101010010001111101011011000100101110101101111
111011101111111000111100001011011111000001111001101010110001010011011110000100010100110101101000100010010111101110101010001100011001000111000101100110010001101101001000110100001110101011110100010001010001011110100100101000001
101001000010001111101111101010000010010100001101101000111101011001000100110111010110100100111010111111010000111100100011011001110011101101101111001100111011100111101101100001111100101111000101011100011101110000110110001010101
101101101010100000001000101011011011111111011100101110000111001111110101100100010110001110001110000000011110010001111110001011000110101001111000011101110010110100001000111101000001100110010111011001110000011011100100111110101
100100111010110111101010101010001001100011010110100111110001100110010001001110110000100011101000110101000011011011000110101001101100101101000011110000100110100110111011100111011101110000111100010011011111011011001101100000101
110110110011110000101010101010101101001001000000110000011100110010111111011100011111110110001011111111101001000010010011101101001110000101010110011010001100101100100000110010010000010111101101110110000001001010011101110111101
100010011000010110111010101011111100011101111011100101110110011010000100010001010001100100111010000001101101101111111001000101100100110101010011001111111110000110110110111000111111110011001001010111011101100010110000100110101
101111001111010110100010001011000101000100110000111100010111010011010101111011110100101101110010111100101101100100011100010100110101100101011011100101100100111100011100001101111000111010011011010100010100111010011110110010001
100011100010010100101111101001010111010110011110000111000001011001011101001010000110101001100110100110111000101101000111110110010111001101011001110100001101100001001111100001010010100000111010010110110110010011011000011010111
101000111010111101100000101101010001011111010111110110011011001100001001011000111110111011001110110010001010100101110000010011000110011001001100110001011100111111101000111111000110101111110010110010100011010110001101000010011
101010001010001100111110111001011101110000010000010011110001100111011011010011100000100010011100111011101110110100011111011001111100111101100110011011010110100010101010001100011110100100010110111000101110010011100101111111001
101111101011100101101100110011000100100111111011011000110101110001110010010110001010101111000101100000100011100110110001001101101101100001110011001001000000001000100011101001111000101101010100001111100010111000110100110000011
101000001000110101001001100110010110001110000001111110011100011101000111000110111110101100010001111010111000101110000101100100100001001100111001101101110111111110111010001011001011101001000101011000110110101110010110011111001
101011101101110100011011001110110011111010111100000011000101000100011101110010000011101001111111000010101101101011110111110110101111011110001101001101011100010100001010101010011010101011111101001110010000100111010011010001101
111011000100100001011000011000010110001010110110111111110101010111110000011110111010001011000010010110100100101000010011000100100001111011100001011000010001000111101010111010111010101010001001100111010111110000010111110100111
100010010110101111001011110011110100101000100010011000100111010110000111000011100010111001110110110010110110000011010110011101111100110001001011011011010111110100101110110010000010101000101011110010010011011110110100100110001
101111111100100011111000010110000101111011101011000010001100010100110001111001110110101100110100111010010111111111110100110101000110000101111111001110010011010110101000100110111110001111101000011000111001000011100001101111011
101000010001110110001111011100111100010010101111111111111001110111111100001100010010100110100101101011000101000100000101100000010011111100110001100111111001000110001010101110101010111001001111110010001101101001101101001011001
100011000111011100101000010001110110110110001100000000010011010011000111011111010110110110101100101001110101010001111100111111111010000110100100110000001101110011101011101100100010001011011100011111011001101101000100011010011
101111111100011001101011111011100000100100101001111101010110011000010001011000010010010000101110001100100101010111001001100000110000101100001110100111011100011011000011001001101011100001011001000011001011001001101111110010111
101101100111010011001000100010001101101110100011000001010111001111111101001101111011011101100011101110101101011100011011101110100111100111111010110001000111010001111010011011101000110101001101111001101010011011001001011010001
100100110000010111011110001110101000100011111111011011010101100001100101100101000001001001101000000010101001001001001000001010111100110001100010011111010010011100001110111010001110111111100101011101101000110010011100000010101
110110000101000100001100111010111111101001010001011110000101110100110100110101110101101011001110101010101011101011101111111010001110011100101011010000010110110111101000101010111010011000110001010001001111100110111110101111101
110111101101111111100111100000110001111100010101000011111101000110010110110100100111101011100011101110100010101000111000000011100111000110001011000111110010010100101101101010100000110010011011010111011011001110101000111000001
100000100101100010110000101110010100110111000101101000001000010111010000100110001100001001001001101100101110001110000011111000110011110111101001111100110111010001100101001010101111100111010001010001000010011010001010001011101
111110110100001010011110100011000110100011111100111011101110110001110111101110111001111101101100111001101000111100101011000010011000110100001111100001100001010111110001011010100110001111010100010101010110110011101011101001101
100010111101011011000100111001111110001010100110110000100011100100010001101000100011000101001111100011001011101001111110011011111010010001011100001011101111010100011111001010110100111010010110111101010000100110001001001101001
101010000111001010010001101011100011011000001100100110111001001111011100001010101110011101011000101110011011000011011000111110001111011111110101111000101000010101000011100010100101100010111100011001011111101110111011011101101
101011110011101010110111001001001001011111100101101100001101100001000001111111100100110001001010100010110010011111001011100000100010010000110001001110001011110101011001101110110101101010111001110011010101100000100010000100101
101000011010001011110100011100011101010001110100101111111000111111101111000001110110100111011010111011100110110001101001101110101000110110010111100011111000100001001111001100100101001010010011100111010000110111101110110110101
101111001010111001000101000111110001000100010110100110001010100000111100011100000100101101110010000001001100000100001100100010111111100111010100101001001110111111100100011001101101011011010110001101011010010000100010011100111
111000011010101101101111010000110111111111011110110010101110101110011001110111111101100001000111111011011001111110101110111011110001110010010110001100011010100001110101110011000001001110011100111101001111011110111011001110011
100011001010000100100010011111100011000001000100111110100100100011001011000011000000111101011110000001001101000011101000001000100100100110110011111110111010001100010001100111111101100010110001100101100110000100100001100111001
101111011011111110111011010000001110011111101101101000110001111011101001011000010110011001001000111111100101011000111011101110001110101100011001000110000011111111010100110001000111111000010111110000110011010101101101110001101
101001001000110000101010010111111010110000101100000010111101101010001101111011111100110011101111110001110101011110001001101011111010101101001100010011011001101001011110111011010010001101000101100101111010010000111100111101101
101100011110100110100011000100000000000101100101111111100001001011100100010010011001100110100000000100010111000011101101001000010010000101111111111010001100001101001000101011011000100111111101001101000011111010000110100001001
100110110010001111101111110110111110111100110111000001001111011000110111010110110011110110001111110110110001110110101101100011010111111100001000010010111110100001101011100010011111110100000100011001011110001111110011101111011
110010111011111011001010100011100011110001100010010111011000001110110110010110010111100011111000100010111100100100100100111110010000110110100011010110011011111111001010110110110000010101110110111101010110100000111000001000001
111010001000010001100000101011001001100111111000111100010010100010010000110010110111001010000010111010010110001101110110000011011010100011111001000011001011000010011010000010011011010000010010011000000100111110011011011011011
111010100010110100111110111010011100001100011101110001111111101011011111111000010010011000111110011011000111111101010110111010001010001001001111111111100010011000110010110111001001011111111011001111110001100000110001110010001
110011111010100110000100110010110111101101000101100111000001001001010000111101011000111111100111001110010000001000010011110011100011111101100110000111110110111111110110010001101101000001000011111000011111001111100100100110111
100110001111101111110001100110100001001001110001001100011101111101010110011111111101110001110101100011111110100011011000000110111110100100110100110011110010101000010111111100001001110101010110000011001100011101001111101100101
101110100010001011011111001100101100011011100111011101110001100001000011001110000111000100000100101001000110101110011111111100001100001101110001111001100110100011010010000111101101000111011100111111100111010100011000001001101
101100110110111001010001011001101111111001001100010100011101001101111111100100110001010101110001111100010100111000110010000001100001100100100111001100001100101010011011010011000001011100010001101000110001010001110011011011001
100101110110101100010100000011101000101101011001110101001000011100100001110101111101011111000100010110110101110011111000111011110111111110101100011111011001101111111000011001111111010101110111000010011101011011100111110000011
110100010000100001000111111111001010001001110011010001101111110110101100110100000101001110011111000111100100011010001111100010100010000010100001110000011101000000001111111101000110000100010100011111011001001110001101100101001
100111011111111101010011000101011110111011100110000111001000100100101101100111101101100100110001010011001111010000100000001110101110110110111100110101001101110111100010000101110011110111010110111000001011100011011000001111101
101101010000011001111110010000000000110010001110101100011110001101101000101100001001110111100101111110011010011111110111111000000100010100100110011101101001100100111010101100011000010101010110101011111001111011011111111011001
101101010101000011000011011111111010100110111010111001110100100101001010001001111011010000110100000110111000110000110100001111110101110101110000110001111011001110001000100111001011010001000100101000011101001001000000011000011
100101011111101110011010001000001110101100100010011101100001101101011111011011101010000101100110110010001101100110011101011000011101010001100111100111000011011000111111110011101011011101111101101101110001101101010101001101111
110100010000100110111011111011100010100001101000110001001011111001010001110000001011111100001100011011100101001111010001001101010001011111001110001100011110001010010000011000001001010100011001000001000111101101111101100101001
100101110110110010110000010000111010111011101010100111111010110011000101000111111010000111111001110000110100011000010111011001010111000011011010111001110111101011110111001111111011000111001011011111011101001001000100110101101
101100100010111010011111011101100010110010001111101100001000100111111100010010001010110010001100111110000101111101000010010011010101111010010010010011000011001000110001100010101110010001100011110001001000011011010111100100101
101110111010001111000011010001001111100111111000001110101110001101001111111110101000011000100110011011111111000101011110110111000100001010110111010110011000011010100101111000000100110111001001000101101011111010010000001110101
100010100011100100011010000111011101001100010010100100100100111000011000000000101111111101110011001000110000010111001000100101111110101010010101010010110010111110001111000011110001111100011111011101001010000000111111111100001
101010110110110111110011111101000101011001000110110101110110100010110011111111100011000111011001100011100111110010011011101100010000100011010001011011100110000011011010011110111101000001111000010101011000101111110000000101111
101010110100010011000110000001110101011101111100011100110100001110100110000010001001010011001100111011001100011010110010001101000111111111010111001001111111101001000010110010000001011111001011010101001111111100010111111100011
111010100101011000011111101100100101000101000110111001100101111000101100111011101100011000011001101000011001011011100110111001101100001000000010011100110000101101011010100110111111011010011001110001100100000111010000000111001
100010001101111111110110000111101101110101010100010011001100011111101001100011001111111111001100101111110011000011001100101111000001100011111110110110010110111001001110101110100001000011001100011101110101110011010111110001011
101111111000110011000000101110001000010101010101110111011001110000100011001110011000101001101110100000011011111110011001100011111100101111000010000011010110110011100100100000001111111011100111011000010001011010010001000101001
100001100010100110011101101000111011010101010111100101001111000110101111101011010010001101101000101010110010001100110011001000000111111000011000111010010010100110111101111111111100010010001101001111011100010010111101011111101
101100110110001110110100111011100001110101010000001101100110011100101000001000010111100101001101111010100110100001100111011111110000110011111111101010110110101100110001000011000001000111011101100010000111110110110001000100001
101110100111011010010110100010110100000001011111111000110010110001101011111111010110110100011000100010101110110111001100010001011101100110100010001010100100101110100101011000011111111100010000111011110010000100011011101101111
100100101101001011010010101110100111111101000000010010011000110111101010000110010000010110110010101010101000010001011001110100000100101100001000101010001101101010001111011111110000001001010110011011011000111111010000101101001
101101101101100010000110101000101110000111011111010111000010100000111010110011011110110100011110101111101111111011000011100111101110100110111111100010111001000011011000010001010101101011010111001001001111100110010111100001101
111001000001110110110010100010111000110010010101011111111111111110110010011000010110100111000110100101001000101011111110001110100000110100010001111110010011111001010011111100011101000010010001111101100000110000110101111111101
100011011111010110011110111110001011111010110001001110000000010000100110111110110000101101110100110000011010001010011000111010111111110111011100001011110110011101000110001001001101011110111101100001001010111101100001000011001
101001000110010100111000010011101010001010100101100100111111011011101100100011100111100101100001111111010011100000110011110000010011000100000110101010000110110001011100101011100101111000110001001111111110101000111101011000011
101101110010110001100011000110100010100010001100110001100001001000001001101011001101110101001101100001011000111111100111000101000110011111110100100010110100010111010101101001110100001110000111011100010000000010010001001111001
100100011000110100101110010000111110111111111110011111001101101011111011101000011000110100011111001101001101110000001100010101110100111010110101111010011101010101010001001011010110100011110010010001011011111011110111100011111
110111111110011111100011011111110010100001100111010101100111001110001011001111111010010110111100011001100001100101111111111100010001101000100101110011000101010100010111011001000010111000111110110111001010001010000100001000001
100100010011010001111001110000011010101100001100010000110011101000101110011000101011010010001001111011001111001111000000000111011111101010001100100110010101010101000101001101011011110010000110000001101010101110111111101011101
110001000110010100011101100101001010100110101001111010111010001011100010110011100010011011011011001001011000011010011111110011001100001011111110110011110101110111111101101101110000011110110011111111101000100010101000111001101
110111110111010111000001001101101000110010111011100011101010111010111010011000001110111001110000011101001011111000110000011001100111011001010000011010000100010010010001100100111111000011111000001011001111110110000010010011001
100011010010010101110111011000111011111010000010001000000010001000010011001010111000100011100111011001011010000010100101111100110001001100011111010010111101011011000100110110100001111000001101100010011000010011111111010110011
111000011010110100000010001110011000010011111111011111011011101011110111101111110011101000101101110011110011111110101100000110011101100111000010010110110001001001111110110100101100001101111001111110110011000110000001011100111
101111011000010110101110111011001111010111010010000010010010100001100010001000000110001111100001000111000111000010111111010111001001110011111000110110100111101011000010000110101111101100110011000110111001110111011101010001101
100001001111110011101010001001101001010100011000111110110110111111001010111101110100111000111011011101101100011010010000010011100011011000001110011100101101001001101011101100101000100110010111010010001100100001011001000100001
111101100100011001100011101011100011010001011010100000100100000001011110100001100101100010001001001100100110111011011101011000111110010010111011010001100001011100001011000001101010110011000110011011011110101100010011111111011
110001110001011100111001001010110110011111001110101101101110101111001100101101001100001110101101100110110100010001010001001111100000110110011001010111111101000111111001010101101110011010011100110010011000111111110111000100001
100100111111001110001111011000110011010001100110100111001000101100011001100111011111111000100101110010100111011100011011011100001110010011001100010110000111010000001101011111001000110010110001110111001110100000011100010001111
101110100001100111100100011010011000010100110010110110011011101001110011110010000110001011101100011000001100010111111010001001100011111011100001110100110011010111011001001000011010011010010101000101100100101111000001110111011
101100110100110100110001110011001111110110011011100100111001001011100110011011110100101001100111001111111001110100101011111011110110000010111111100101111001010001110011111010110010110011010111110001110110100001111111011110001
101001100110010001111111010111100010000011000001110110101101011001001111000001100001101100110100011000110011100001100000100000010110111110000100001101011101110100010110001011100110100110010100011011010110111101000000001100101
101011001111010100010011010010111010111111111100000100100001001011011111011100111101000110111101110010010110101011001110101101010000000000101101111001000000100110110000101000110011101100110001010000010010101101111111100001101
101001111000011111011000011010101010000011000111111110111011011000010110001110001111111110000001011111000110001011011010100111111111101011111001000011111110110010011111101010111000101111100111011111011010000000010001111111101
101100001101001100010010110010001011110110010010000000001110011111110000100010100010001011111111000001110100101001010010110110000001111110000011011001000010011010110001101110010010100001101101000010001011010111000100000100001
100111100001011001110110110110101000000100111011110101100011010000011011111111111010101000000001101100110111101100000110000010111100110000111110010011011011001110000100100011011010111100100001011011101001111101111111110110111
110000111101110011000010100110101111111101101000011111111000011010110010010000000010100011101100000110010000101111111110111010100110000110100000111110010001100100101101111010010010000110111111110010001100101000000001100110001
100110101001000110011110101100101100010001001111001000001101001110000111010110111110110110000111111111011110100000100010101110110011111111101101100010110100110111101001010010111111010010000001000111011110001011110111001100101
111100101011011110110010100001111001011011100001100011101111100011101101010010011000011100111100001100001000111111101010000100100110100011000101101000010101100100001011010110000100011111111100011101000011101000110100011111101
100001100010010010111010111101100011010010001100111110100001111000101000011011110010110001100110100110100010110001001011011101110110001001011100001111110111001101111010010010110101000100001111110001111010001010011101110100001
101111001010111000001010011001001110010110101110011000111101001110101011001000110110010111110000110000111111100100011001110001000000111101001111111000010001101101010010111010100101110001101000000100001000111111001001000001111
101100011110110010100011001101011000110011100011001011101001011100101110011010000111110000100101111111110000001111111100000111011011110001011000000010111100101001000110101011101100011111001011111111101111110000011011111100001
100101111000100111111001101001001110011001111001100000100011000110100010111111111100011010101101000000010111111100000111111101011001010111010011011110010110101011110100001000000111001010011011010100101100000110110010000111101
110100001101111101001101100011100011011100001101111110001111101100101000001100001001001110111111011111010011010101111100001100001101000010011110010111010110100010100110111111111101101010110000000101101001110111100111010000101
100111101001000001100100111111001010001001100100001100101000000101101111111001100011100110110001010110011001000001000101111001101001011010111000110000000100111110001100110001010000101010011111110001000011000001001110011110101
110001101011101100101110110001111011101011110111111001101101101100111000011011111111110010100100010011001101111011010000010011111011001110100011100101101101100010111001100100010110100011010000111101011111101011011000111000101
100100101011000110101000010101100010101111000110001111001001000110110011001010001011011010101111111001101000001000011111000110110011101100101110001100111001001110101101101101000011110110000110000101010000111110010010110011101
111110101000011100101011110100001110100010010000100011011011011110000111100010101000011010101100001100101101101011110001111110100110000101100111011111100011101000100001000101010110000100111111110101000110011000111011100110001
100000101111110001100011000111111100111010111111111001001110001011111100111110111010110000100110100110001001001011000111000000101111110100110001111010001111001011111011011101011100111101110000010101111111000011100011001111011
110110100101100101111110011100001001110010100001101101100100100010110110011000110010100111110010110010111111011001110000011111100100010110110100110010111001011000100010010101110001110001000110110100110001111111001110011100011
100100110001001111000010111001101011100110101011000101110111111000100011001101100110001101011011111000000000011100111101010001110001011100100110000110001100001010101110110100011011000111101111100110011100000000011000111001001
101101111011011010011010100011100011001100001000011101000100011010001001100100001111111100001000101111111111110110000111000100010111011001101111010111011110111110101000110111010010011100101111001111000101111111111011101011101
101001101110010000110010101110111010011111111111110001011101001110111100110101111000000111011101100001000010010011110001101110111101001011000010010001000110000100100010100011000110110110000110011001110100001001000010100000111
101100101100110101111010100100110010110000010000111011000001100100000111100100011110110000010001101100011011000110111100101010101001100010010110111101011100110101111011101001111110100000110011001011010110101011011110101110001
100111100001110100110000110110010110010101000110010011111111110110110000001111000011111011010111001111111001101110000110101010000011111111110100100101000111100101010001001100011010111011111001100010010011101001010000000011101
110000101111100110011111100111010111010101110111011000100011010011100110100001111001111011010010011011001101000011101110100011110111000100011101101101110001101101000100011001001010110000001100111000111001001101010111111000101
110110001000001111000100110001000001010100011101001110101001011000101100111101001100110010010110111001100101011000100010111001010000010001000101000000011100100101110111110011100010011111011001101110001101100100010100001111101
100011111011111101110101110101011111010111000101100010101100001110101110101101100110000111010010001100001101001110110110001100010111111011110101101111010110110100011100011000111011001000001011101011011000110110111101100010001
111000011000001000110100000101110001010001010101111000101111100110101000101000110011111110011011101111011001100100000111100101111110001010100100100011000010010001001001001110110001101011111000000010010010110100110000111010111
101111001111011010100101111100000100010111110100001111101000101100101011100010010111010010111010001000010011110111110001110101000100100010001110111001111111011111101011100011100100101010101101111110110111100101100111101010001
100001101100001010101101010111111111111100000101011000001011100001111000111111000001000110001000111101110110010101011011000101010001111110111010100011000011010001100010110111001111101000100100011000010001001100001100100011101
101011100110101010001000010100010001000001111111010011111000111111011110000111111100010111101111101000100011000100000001011101011111101000100000110110011010010100111110010010011110001110101111000011111100011111111001101110001
101010110011101011011111000111000101101111000110010110001110001000000011010010000111010000101100000011101111101111011111000111010101001011101011100010111010110110010000111010110100111010000001111110000111110000000011100000101
101000011000111001010001110000011100100011110100110011011100101010101001111000110011111101100001111110001011000001000011011110010000011010101000111110101010000111011010000010000101110011011101101010110000110111111110111111101
101101111110011101110100011111110110101001000001110110011001101110101100100011111001000111001111000010111010011101110110001100111110110010101110000100001011111101001011111111111100011010001100000011100110010001100000000010101
100101000011001000010111001000000100101101101101100010110011100100100110111010001100010000011000011000101000110100010100111001101000100110100011010001111001100001101011000100001111010000100111111001001111011100101110111000101
110100011001101111000011101101010101111001001000111010100110110111110100110000111001011111001011111111100011100111011101100011000011101100111001110111100011001101001000010001100011011011111100001101011011000110100011100011101
100111111100100011101110101101110100011011011011100010001100010010000101100110110011010001011000100010001111001101001001001111101111000110101100111100001001111001011011111100111000010001010001100100010001110100101010001011001
101100000101111000100100100100010111000010010010001110111111011010111100101111100110010101001110101110111001100001100011101001000010011100000110100001111100000011011010000110011111111101010111110111111101010001111010101010011
101101011100001110110101110101011101111111010110111000100001001010010110101000111111110101100110100000101100001011111110001100011010110001011110101111000111111001001110110011110000010000010101010001010001011100010010111110111
100111000111100010100101000101001000101101011100110010001101100011010000101010001100000100110010101010100111111000000000111111010010011101000010100110010000001101100110111001100111011111110000011101000100000111010110000000101
110001010001111000110101010101011010000101000101100111111101111011010111111011101001111110011110111011110000011101010111110001110111001001101110110010111110111001110000011100001101011000111111000101101101111101010111111111101
111101111101011111100001011111010010110000010001001100000100110001010000010010001011010011000110001001100101001001011100000100100101101011100010011010001010000011011111110111111101000010000001110100101101000101010101100001101
100100110000010110001111000001010111100101111111100110110110011101011111000110111010000111110011101100101101101111000001011110110001001000111011011011101011111110000000010000010001111111111101100110100111010000010100001011001
101110011011010100111011101101000001111100010000111100110111010001010001111110001010101110011000000110101001000010011111110000100100011110001011001000100000110111101101000111010111010100001001001100110100011111110111011001011
100111000011010101101000111001111111000101000110001001100100011011000100100011101010100011001111111100101011111011110000110111110111110011011000011110111110010010000111110100010110000001111011011101100001000000010011001101011
110101111110010100100010011100011000010101111100101101101101110010011110101010100011101001100010100001101010001010000110010000100100111010001111110010010111011000101100011110110000101100011001001001111111111111111000011001001
100000001010110110111011001111000010110101000111101001000001000110110100101000111111001100001010001111001011101010111111011110101110100010100000111011010011011101101001000010111101111001001100011011000110000110001111110011101
111011101010010010001011100001111110100101010011001101111111011110110101101010000000011110101110111010011010001010001011000110101000001000111110000001011000010000111011111010011000011111100111110010010000110100100001011010101
100010000011010111101000101011100011101101011001100001010101010000010100111011111101010000111100100010111011011011100001110000101111011110100011111101011101011101100010101010110011110000001101000110111111110001110111000010001
110110110110010010101111111000001110001001001100111111000001010111010110010000110001011111100001101110101010001000110100011110100010000011101000110001000111000100001110001010011001000111101001011110100000011111100001011111011
100100111100111000000010001110111000111011100110011001101101011101010011011011100111011000110111000110101011011101100110110000111011110110001110011101110001110111100011011011001101011100101011010000110111011000111100010100001
101110100001111111111010100000100010100000110011001100001111000100000110010010001110010010000100010100001001000100110010011101100010000010111011001000010101100000101001010011100101001001100010010110100100010010100111110001101
100011101111010100001000111110101110111110011011100101100001110101111110111110101000110111111111010001101101101110011011000111001110111110001001101111111100111110111100010110110111101011111010110011110101110110001100111111001
101000001100000001101111100000100011100011010010110111110101100100001100101000111011110011010001110111111001001011001111110110011100011011101101100100001110100010010111010010000011001010001010011001010101100011011110101000011
101101111001111111100011001111110111001010010110100100011101001111111001100011110000011001000100011100011011100001100100010010110111000010101100110101100100101011010001011011011010011010100011011100000100110110001100001011111
111001100011010100111001011000100110011010110110101101000101011100001011110111000101011101101111001001000010110100110001011010110001101000100110010100110001101000010100001001110000110010111111000111111110100100100001101000001
110011001011000001101101110010110000111011100000101001110100011001101010110110010111110101001101100011111110100110011111000010100100001110110011010101111111101101111110101100110111111010011001010100011000111101111111101101101
100111111001111100100100111010110101101000001010100011000101110011101000010010110100000101100100111111000010101111001011111110110111111100011001010100101000111001000011101110011100000011010011110001000011100001000100100111001
101110001100000110001110011010011101001111111111111111101101010111001101011011100101101100110110000000010110001001011000001010100011000101001101000110000010001011011001000011000110101010010110111111111110110111110001110001101
101100100111101100100110110011000101011100001000010001001000010001100111001001110101000110110010101111111100101011000011011000111110010101111001011111101111101001001101111111110011101010110000101000100010000100100100011011001
100001110001101001110010010111110100011001101101000101011111010100110011101100010101011110011011100010001101111001011111001011100000110100100011010000111000001101100100001000011001001000100110001010001000111101101101111000011
111111010100101011011011010100010111110011000101111100010100011110011001101001011101001011011011001010101000110011010001100010001111110111101111010110110011111000110111100011011101011111101111101011111111110000000100101111011
100000000110001000001000000101000000000110010001000001010001000000111100001011000001100000000010011000100010000110000100101000101000000000001000000100000110000010000100001010000001000000001000000010000000000101010110000000000
111111111111111111111111111111111111111111111111111111111111111111111111111111111111111111111111111111111111111111111111111111111111111111111111111111111111111111111111111111111111111111111111111111111111111111111111111111111
