11111111111111111111111111111111111111111111111111111111111111111111111111111111111111111111111111111111111111111111111111111111111111111111111111111111111111111111111111111111111111111111111111111111111111111111111111111111111111111111111111111111111111111111
00010010000010000101000101000010110001010000001100000100100000000000001100000000000000000110000000000000010000000100001010000010000101100010001100110000011001000101000110001000001011000001011000001101100010000000110000100011000000000000100010001100010101101011
11011000110110110000010001111000010100010111100110110001101111110111101001111101111111110011110111110110110111010111100011111000110101001010100110000111001100010101010000101011100001101100001010100001001010111010010110101001111111101110101000100111000000001001
10001111110000111111110100110011000111000100110010100100101100011100001011010100010000111001100100010010100110010010001010001101100001101000110011101101101001010101011111101001111101001111100010111100011010110011000110101101100000100011101111110011110110101101
11101000010111100001000110011001110011110110011011101101100101000110111010000110110110011100111101011011101100111010111000100100111100111011111000001001101111010101001000101100110100011010111110000111110011100111111100101001001110101000000000011001100010100001
10100011010101101111011111001100011000011111000000001000110101010110100010110010000111000110100001001000101101110010001111110101100110010000101101111011000011010001100011100110010111110000000010110101010110001100010101101100011010111111111101111100001110111101
10111111010100001100010001100110111111001101011111111011100101110000101111100111111101110010001111101010000101000111011000000100110011011101100001000010011001011111111001110011010100000111111111110100000100111101010100100111110010010100001111000101111010001101
10100100010111011001110101110100010001100100010000010001101100011111100010001111000000011011111000001111111101011110010011111110010110000111001111011010111100010001101101010111000101011110000100000101111110101001010110110000100111000101100000010100000010100111
10001101010010001011100100010111000100110101010111011111000111000000111000101010011101001001000011111100000001001100110110000011010000110000011001011000011111110100101000010101110001010000110001111100000000100011000100100110101101110100111111110111011011110011
10111101111000101010001111010011111111100111010100010000011101111110001111100010110101101101011110000101111111100001110011011001011111111111001100001111001010000110001011110000111111010111110111000111111111110111111101111110101000110110110000010011110001011001
10000000110010111010111001011010100001110001110101110111111001000111011000111010100000111001001011110000010000101111011001111100011000100001101111111100011000111111101000111110000001010000011101010011000000100101100001000000100010010010000111011001100100001101
10111111100111100010011101010010001100111101100100010101101011010101010010110010110110110011100000010101011101111000001100111110110010110100100110001001110010110101001110000011111100010111000100011001011110001100001111101111101011011010101110011101001111101101
10100000110001001111001001010110111110010001001110110100100000010001000110100110011100100110111111011101000100110010100110011000010110011101110100101111000110010100011011111000100111110011110101111100001100101001111010100010001110001011100010110101111000100101
10001110011011011011101011010110110011010101011010010110101111111011110110101111000110101100000001001111110110011010111111010011000111001100000101100001101111000101010001001110110000011110010100110111100111101011100010001010100011101000110110010000110010111101
11111011011010010010001000010100100110010111011010110010101100001010110011100011110010101111101101100010000011010010001100010111111101100111011101111101001101110101010100011010011101001100110110000000110000111010001011101010111001111110100011011110000110001001
10011000010010111010101111110101101100110010001010011010001001101000011001111000111010100000100111111011101110010110100001010000110000110010001101000100011000110101110111000011000001100001100011111111111110001000111011001010101100010010111111000011011111101101
10110011111010011010101100000101100001111000100011001011111011001011001100001110001011111110110000001000001000110111111111111110011110011010111001011111110010100100010101111001110100111111001000100001100011101111110001011010000101000110000110011001110001001101
10110110001011001000101001111101001111011011111111100000000010011110011111100011100011010010010110111111111010010011000001100011000010110010001011000100110110101101000100001100000110100011011110101100001001000100011101010011111111010011110010111100011100011001
10000011100011101111101011100001011101000001010000111111111110110110111000111000111001000111011110110000100011111001110100001001111010010111111011110001100110100111111110100111111111101010001010001111111101010001110001110111000001111010011010000111011001010011
10111001110110100001000000001111010101011111000101100000010000100000010010001101101101010010011000100110001110001100100111111101001000110110000010000111001100110011100110101110001000001011101011111001100001011101000111100100011100100010111011010110010011111001
11101100100000110101111111111001010100010011011101001111010111101011000111101100000101011010110010101111101100101110001100010001101110010011011110101110011001111001001100111000101101011001001000011101001111000101011100001101110110001000110001110100110110111101
11000110111010011100001100010011010001000110010000011000010011001010011110000110101101110010100111100100100101101011111001010111100111011001011011100010110011101100011001100010100111011101101010110001011001110101011001011001100111111110011101100101100010011001
10010110011111001111100001010110010111111100111111111110111001111010110000111100111000111010110000110101110001100001100011010100110001001100010000110110100110000111000011101111110000010101000010010101001100000101001011001100110000101011001001001100111011000011
10110011001100011000101111010100110001000110110001101100011100110011100111110001110010011010100110110001011111001100001110010110011101011111110101100110101100110001101111001011011111110001111111000101101001101101101110011110011010000000011011101110110001101111
10011111101001010010100100010001100111010010010100100001110110000111001110000111100111000010111100011100010010011111111010110011001100001101100100001100101110111100100110011000001100010111000001101101001111001000100111000011001011010111110010100010011100100001
11010001001011110110111101011011101100011011010110101011100011111100011000111100001111111110001111000111011010111000000010111011100001100100001111111001100100100110110010110010100001010011101100100111011100011011110010011001101001110100000110110111001110111011
11000101011001100100000001110010111001111001000110111000001010000101010010010001111110100011100011011100000010001111101000001000111111110111011000110011110110110000111010100110101111110110001110110010010001110000011011011101001100111101111110010011100010000011
10011101011111001111111111100110011011101101110010001111111000110101110111110111000100101001001001000001111110101000101011111110100011000100010010100110000100100111101010111110111000000100100011110110111011000111111001001101011110100001100000110110111011111001
10110101000010011010001000001111000011000100011110100100011111100100110000000000010001101101011101011111000100100010101110000010001001011110110110101111110001101100001010001100100011111111101001100010100001111100001101111001001011101111001011110000001000001101
10000101111010110000101011111111010110010111000100110111010001101110011111111111111111001101001001001010010110111110111000111011111101010000010110101000011111101110101110100101101110100000111100101110110100011001100100011011100001001011111001011111101111100111
10110100011000100110101001001110010010110001110110110001010100001011001000000001000010011001011011100010110011100010011011101000010101000110110010100011011000100000100111110101001000001010010110000010011101010011110111000010111101011000011100000100001000110001
11100101001011101100101101100100111010111111010010011101000111111011111011010100011000111011110010001110011010001011000000001011010001111110011010111001001110111111110001000101011110111111000111111111001101000111010101111110011001011101010101011101111010111101
11001111101110100101100100110001101010010001011010110001011100000010000010011111111111101001100111111000111010111001110111111110010111100011010010001101100010000001011101010100001000100101110100000101101001111100000100010011000011010001000101011000001010101101
10011010100100101100111110100111100011000100001010010101000101111110101111110000100100001100101100011011110000101100010101000110110100101000010111100100111011011011000100010111101101110000010001010001001111000001110101000111101110011101110101000010101110001001
10110000110001100110011000101110001001111111011011110111110101000010100100011010110001011110001001001010011111100111010101010010100101101111110100110101101001001110010111111110001001011010111111011101011000011111000001011110000010111001010111011111100100101011
10111110111011110111000011111000101011000010010000110011100100011000110001001010111111001111111011100010110001001100010001011000101101001001000101110100101101100110110000001100100011000010100011110001001101001100011111001100111010001011000011111000110001101001
10100000101001100001111110011010111110011011000110011001001101111110111111101010000011100100010011111110100100011001110101011101101000011101011100010110001001110100111011111001111110010111101001100111101001100111110110011001100011100001111010000010111111101101
10001110101100111100110011001011100000110011111111001101011001000100010001100010111010110001011001000000101110110011000111010000101110110001001110110100101011000101101000011011000010110110001101001100001100111100010000110011001001111111101011101110000001000101
11111100000110010110011001101000110111100110000001101101011011010111110100110111100010000111011101011110111100100110011100010111100010110111101000110101111011010001001111000001101011110000100100011001111110000001010111100110011100010001001011001011111101111101
10000001010011000011001011100010000000101100101111000101001110010100000110011110001110111101000001010010000101101111110001110001111010000100001010100111100010011111100011110111001001100111110111011100010100111111011110001100110111000101011010011000110101100001
10111111011001101111100011001011111110100101100001110001101000110101111111000011011010100001111111011011110001001001000111011101000011111101111110101110001110110000001001100011011100110100011110001111010001110001001010111001100001101100011010110010000100101101
10100011001100100000111001111111000011110000111100011101000010100001100011111011001000101101000000010000111101011100011110000101011110000101000000100010111000011011101011001001010110011101000100111010011011100101100000100011001101000111110010010111111110001001
11101001100110101101101101100000011000011110010111000111011010111111001000001001101011100100011111110110010101000110110100101101001100110001011011111010110011011001111110011111010011000001010110010000110010001100111111101011011001011100000111010110000011111011
10001100111111100101000100001111111111000011000001110001111111110001101110111100101000110101000011000011110001110010010101101101100101111111001010001010100111001100100011110001000111111111110011000111111110111110000001001110001100000101111101010010111010101001
10111110000000111100011111111010001101111001111101011101000111000101001010000110001010011111011010010110000100011011010000100001110100000001101000100000101101100110101001000101110011001000011001101100011000101011111101100011100101111101000000011010110010001101
10100011111110110001011000000000100100001100100100010101010010011101011011110011111111000010001011010000101111111001010111111111010111101011111111111111111000110000101100010100011000011011011100111001001011100010100101101000111111000101111101111000100110100101
10101000110000000111001011111110110110100110101111000100011000111001010000111000000110011010101001111111111100001100010011001000010000111000010000110000010010011110100111111101001111001010001101110011101000101000001100111010100011010100001001001101101100110101
10001010011011111101101001000011100100110010100001101111111011110011000101101111110011011011111101000100000001011111011001100010111110001101110110100101011011000110101100001001111001101010100001100111101110111101100110001110001001010111100011101000100101100001
10111111001111010000101100011000110001111010110100001000110001010111111100100110011000001011000100010001110111010001111100111110011011100101000010001101010001110010100001101011000011101011111100110101000010010100111111100011011100010010111110101011110101111111
11100011100001000110100111001010011101000010011101011010011101010101000110001100110010101010010111011111100001000100110110000011000001110100011111111001010101011010111111001001011001001000001101100001011011010001110000111001110001011000010100001001000100110001
10001000101101111100110001111011001111111111001001110011010101010001010010100101111110111000110110011000111101101110000011111011110100110101011000001101011101001000110001011100001101011111100111001111001111000101100110001100111111111101010001101101011110011101
11011010111001000001111100001111100010000001101111000111010000011101011111110100100010011111100100110010011000100011111000010010100101100111110010100101011000011011100100010111111001001000110011011011100001111100101100100110000000110001011101100001000011001001
10001110100011011100100111100010001010111100100001011100010111111001000011000001101010110100001101100111001011111001011010110110001111001110000111110111001111111111001111110000100011101011111001011000111100000110101101110110101110011011000111001111111001100011
10111100101110010110001101111011111010110001111100010101111100010011011000011111001010000101111111101111101000001101001110100100101000011000111101010011101000000100011001000110101001001001011100010010000110111110100111010011101011011011110001101010101100111001
10001001101000110010111000110010000010010111100111110100001001000111110011110000011011111100000001000110001110111101100100101101101011110011100000011001100011011101111101011100101111011100001111110110101100001010110001011001100001010010011101001000000110101011
11101011001010010110100010010110101011010010110000000111100011111100011111000111111000011001011100011100111100011001110001101000111001000110001111111100111011001001001101010101101000010001100100011100100111100000110101001100111111010111010001011101011100001001
11001000011011010100101111000000101111011010000111110000111110001001000001011110001111001011001111110001101001010011000100101110001100011100100100000110010001100011100001010101001011111111110001001001110000111111100101011110001000010010010111000001110001111101
10011111111011010001101001011010111100001000111100011010100100100011111100011000101001101011111000100111001011110110011111100011011111110110110001010011011100111110110101010001101010100000000101101011111011101000101101000111100011111011010101111111100111100001
10110001001001011011101011111111100001111101110001000010110101101010001111110011101101001001100010001101101000100100111000111011001011000010011111011110001001101000000101010101001010001111111111001001100011001010101001010000111110100011000101100000101100001111
10111100011101001111000010100011001011000101000111111110010101101111011000000110000001011101001111111001101110101101100010001001100000011011000011000111101011000011110111010111101000111100000010011100111010011010101011111110101000101001101101001110000101111001
10000110110001101100011110001001011110010101011101000111010000100010011010111100111101000111011010101100001000100111001111011101101101111001111001110010001010011110100010010011001111100101010110111111100010110010111000000110000010101101000000011010110101010011
10110110000100100001111000111100010111010111001000010010011011111011001010000101100001110011010000100001011011101100011001000100111000100011001100111010111011000100101110111000011010110001110100011010001010100110011101110010101110100101111101010000011101000111
10010010111111101111100011101111110010010011101110111010110000001001100011110111001111011000010101101111010001100101110011010110010011101001011110001000110011110110100110101111000000110101100101110000101000101111000100011011101100110100000111110110110001101111
11011011110001111000001110001000011010111010000011100010011111101011001000010001101000001111111100000010010101001100110111010011011010001011000111101111100110000100110100100011111110011101001101000111101101101001110110110001000101100111110001100011100111100011
10001001100100110011111000101101001010011011111010001110110000101001111111010100111011100000001001011110110111011110000001111001001010111110010000101000101111101110100101101000010011000101011001011100100111001100010010011101110111001100010100101001101100001001
11101100101110000110001110100101100011010000001011011100100110101100010001110110010000101110101111110000010110010111111100101011101110010000111110001110000110000110001100001111010111110101010011010001110110011001011011110001000110011110111110111111001001111011
10101110001010111111101100110100110111011111101011010101101100000111010100110010110111111100101100010101110100110000001110101001100111010111110011111100111100111100111111111100010100000001110110011011000100111111001000000111101100111000111010000100011100110001
10000110100011110001100001110101100100011001001001000001111101110001000110011010100100000001100001000100110101100110100110101100110011010100000110001001100101101001100000100001110001111101000000111000011101100000011111111110001001100010010011110101110110010111
10110011111001100100110111010111001101110011011101101111000111000101010011010010001101111100111111111110100100001100111100100110011000010110110000101011110000100011111010101100111111101001011110100010110001001011010011000000101011001111010110110001000011010101
10011110001100001110010100010100011001000111010001001000010001111111111110010110111100001111100010001000101111111001110001110011001011010100111111101000110110111000100010100110100000101011000111111111100111111010011010011011111010011101010100011111011000010001
11001100101111111011010101110101011011101101000111101011110100100000000010111100100111100011001000100011101100000011100100000110011001110110000010001101100010001110101110110011101110100001110100000111001110000011011010111000110011010101010001000101011111011101
11111001100100000001010101000001110010100001111110001000011110101111111010001001110000111001111110101110000101011111001111111111000011000100111010111101001111101100001000011001101010111100110101110010011100101110001010001110010110010100010111011100000010010001
10000011110101101111000101011111100110001100101100111011000010101000010010101100111110001100001100111000111101110001101010000011111110011101100010011001011000100111111111011101001010001111100100011000110110101000100011100011010100110101110010001001111110110111
10101111010111000001110100010000001111011110001001101011111010001011000110100110001100100111011001100010000101000100000010111000011000110000110110110011001011110110000110010100011011100010001110111111100100101111111000101001010001100101011010111011000000110101
10101100010001111011010111110111111010001111111011001010010011111001111100110100101001110001001011101111111100011111111110101111000011111011100011100111101000010100110010110111111010101000111010010000110101100110001110111101011111110100010010010001011111100001
10100101011100011011000100000100000000100110001001101000110110101100110001100101101100100101101000100100001101111010001000100001111110001110001001001111001101010001111010100000100000111111110000110110100001110100100010010001010001010111011011010101000001101011
10110101110111001000011101011110111111110100101101001010100100000110010111001111000111101101101111110101101000001000101011101100001000100100101111011010011001011111101010001010001110010100010110010010111111000101111011010101000100000011001011000111111100111001
10100100000101101101001001110010001010100101100001011110101111010011011100011010010011001000100110000100101111100011101001001110111010110001111000010010111101001000101011111111111011000111010011011010001100010100010011110111101110111001101001111110001110011011
11101110110000100111111011100110101000101101111111010100101000010110010001111000111001011110110000111110100000101001101101100100100010111011010011111010010001101110001001101100001001110010011011111011100101110111010110000011001100100011101101000010100011010001
10001000111110110010000010001100101110001101011000000101101011010100111011010011101100011010011111100010111110111100111001001101101110001110000110001011011101000011101100100110100011011010110010000000110101000100010110111110011001101110001001101110101000011101
10111011100010011011101111011001100111111001001111110001001001111101100011000110001111110011011001001000000010010110011011111001001011100100111100111000000001110111001110110010111000010010010110101111110101101101110000001100110011111100111101001100111111110101
10010001001011111000001100010011110010000011100000011011011101000001001110011100101010000110000011011111111011000111001001100011011000110101101110010010111111000010011000111000001101110111010100111000010100100101011111111001111000011001100100011001110001000001
11010100011000001111111001010110011010111110001011001110010100011111100011011001101000111110101110010000011011110001101101001001010010010101101000110111100001101000110011101011101000100100010001100011000110110101011000110011000011001011110001110011010100011111
10010111111111100000101011010111001000100110111001100100110001110000001001110011101101100010111000111011001110011100111001011101011010110100100011100011001100111101111001101010101111101101111011001111111110110101010010010111110111101011000101000110010111110001
10110011000000101011100001000101101111110100001101110110100111011111101100110110100100101000100010100001100100110110011011000111010010010110101111001110011110110000111101001000100000001000101110011000001000100101010111011100010001101001010111010100110100111101
10111001110101101001101111111100000000000111100100100000101100000000100110010110110110001010101111110111110001100011010010011110010111010110100110011100110010010110010101011101111111111110001000111111100010101101010010000001011111001101110010010110010110000001
10001100000100101011001000001111011111110010110110111110100101111110111111010010010111011011101011000101010100101001000111011000111101010000110100110001100111011111110001000000010001000011011011110000111010111001011011110101000000011100111010111111010011101101
10100111010101101010011110100110010010111010110010010000110001100010110000011000110001111110001001011100000111101101111100010011101100011111110001111011110001000010000111111111010100011001001010000110110011100011001001000111111111110110001110001100011011001001
10110011111101001010110000110000110110001010100111011111111111001010000101001110011100101000111101000110111100000101100101010111000001000000011100100011000101111011010011100001010110111101101000101100010110001111101101101110001000110011100100101001001001011101
10111010000111011010111101111111100100100010001101000000011000011111111111101011000110000010100101010011110001111100110001110001110111111111000111101110011100010001011001001101011100101100001111100111010011011100000100111000100010000110110101101011101101000111
10011010110010011010000100010000101101111110111001111111010011010000000010101001110011111111110001011000000111101110100100011100100100000011110011001010110110110100011111011101001101101001011000110100010110000101110110001011111111101100000101101110000101010001
11001000011011001111110101010110001101000010010011100000010111110111011010001011011000110001100101001111110000001000101111000110001110111010011001011010000010000110110000011001100001001011110010010101110000110111100111011001100010100101111100100111110001010101
11111111111001100000010111010100100101101011010110001111110001100001001010111000001011100100111101011000011111111010100001010011111010110000111101011011011011111111100111110011111111100001100111011101011111110100001100011100111000110001010111110000110111011101
10100000100011111111000110010101111100101000000011011000011011001111101010001011111001001110010001001011000001100010111011010110100010010111101001001000001111000101001100010111000001001111001110010001000001000101101101010110001101111111000000111110100101110001
10001110001010100011110000110100001110111111101010011111000011011010101111101000011100011011010111011001111101001010100001010100001011010100001011101101111000010001011101110100010111011000011010110111110101101100111001010111101100000000011110001000101101000101
11011011101010001000011111110111100110001000111110110000010110010000100000101111000111110001010110001100011000011111101111010101101000011101100000001000110011111100010101000101010011011011110010000100000100100001110011000100100110101011000111101101101100011101
11010001001110111111010000010100110011101010100010100101110100110110110110100001110001100100010100111111001011110001001100010101111101111000111111111110010110001111110100011101111110010010000111111101111110111111000111110110110011111111010001000001101001110101
10011011011100010010010101110001111011000010101000101100011101100011110110111100100100110111110101101001101011000101011001110100010100110010000110001011010111100001000101110001100000110110110100000000100110001000011100010010011000000010011101111101001011010001
10110011011001010110111100011100101001111010001111101111001001001000010011100110001111100011000101000011101110011100010011000101010101100111111100100000010000110111010001010111001111100100010001111110110011101011110001011010111111111011001100000111101010010111
10011000001011000010000101001110001100011111111000100101101011011101111000001111100110001110011101010110100010110111110110011111010001001110000111101011111101100110011111000000011000001110111111000000111000101000110111011010000100001001111001010011000011010001
11001111111011011111110111100011100111001100011110110000100010010100001111011000001100111000111001010010111000100000010110110001011111011010110000111000001100110010110011011111111011111100100010010111101110101110010010010010110001101100010011011001111111011011
10011100001001110000100010111000101101100001001100011110111111000101100011001111011001100011110011011000011111111101010010000100010000000010011110011111100110011010011000000001101001100101110110111100000000100011011011110110010101100111010110001101011000001001
11000001011100100110101000001101100100111111100101000010010001101111111001100110001011101000000111001111000000010001111010110101010111111011010111001000111100111011001111111100001100110000000010001001101101111010001000010111111100110110011111011001010010111011
10011111001101101110101101100100110110010000110001111011011100111000011101110000111000111011111101100001111011000100101010011111110011011111010001100010010001110001011100000111101110011101110111101011000111000010101010110010000111100100110001110011010110000001
10110001100001001010100111110110010011000110011100100001001110000011001000011111101110011001000101111011011001111101100011110000011000010000011100111111000111010111001001110110000111001000111100001111110100011110101110011000110000101101100100110110010011111111
10000101111111011000111100010011011011101111000110110111100111011111101101000100000011001101110000000000010011000001001110000101001011110111110001100001111101000001100011010010111101101110011001100100010001111000100111001111111010001001110110010011000110100001
11111100100001011011110001000110000001100101111110011100001101011000100111010001111001100100010111111101010110011111011000111111100010000100000101101101010001011011111110011010010000100111010011111101011011000010110001011010100011011011000011011010010000101011
10000110111101001000100111111100110100001100000011001101011000010010110011011111101100110111010011000111110100110001010011100010111110111101111100111001000100001001000010111011000110110011010111010001001001111111100101000010001001110010011011010011111111101011
10111110010001101110001110101110011111100101111001100101110011010110111001000000100110010010011110010011000101110101010110111000000010010000000110110011011111111100011000001001111110111001110001010111101100110000101101010110111111000111001110010110000110001001
10100011000100100011111010000100110000111101011100110000100111110110101101110110001100111011000000111000011100000101000100000011111011011010101110000110000011001111111111011100110000101100111100000010001110010110111001010110010000011111100010110011010000111101
10001001111110111000110000110101100110000101000110111110001100010100100100010011111001101001111011101111110001010101111111011110011011001110100010110011111001101000100001000110011101100110000111101110111011000100001101110011010111111011001010111001011011110001
10111100110010001110011110010001101111110001010010000111101001010101101111011001100011101100001110100001100111111100000000010110110001100011111010011110001100001110001011110011000101001111110000100100100001111111100100011000010000001010011010001100001111000101
10110110000111100011000011011111001000111111010111110011001011000101101100001101001011000111100010001011001100000111110101010000110111111000001011001100100111100111101000110111110101100010111110110101110111000101110101010011111111101000110011011001111000010101
10100111011100111001111001111000011010010001010010011001101001111100100001111111011010011101111011111000011001110000111111111011100101001111101001111001101100110000111010010001000100111000001100100100100011010000010111010110001010001111100110001011100010111101
10101101001001101100001100110011111011110100011000111100111101010110101111011010010000111000110000001111110011011110010000010000101100011101001100011011100001111110100011110101011110011111011001110110101001011110110110010110101000111000001111101110001111101001
10100001100011000111100110100110000010000111111110001110011001000110100100010000111111110010011111101100000110000011011011011010000001000001011001000011001011100010001001100111010111001100010011010100101100010010000000110010101011101101111010001100101001001011
10110101111000010000110010001100111010111101000011101011001101101100110001010101100001000111000001001001011111101011001010001110111111111011010011111110011000001011101101001110010100011001010111000101101111111011111110100110101011001101100010111001101100011001
10100100011111111101111011111001100010101000010110000011100001101001111111000101001100011101110111011011110000001001101011100100000110000010010110000010111110111111001111011000110001110011010001011101101000000011000011111100101010011001001010001011000110111101
10001110110000100000011001100011110110001110110011011001111111001011000001110111011111110000010011010000010111011101101000110111110011111110111100111010000010001100011000010010011011010110011101010100100011111000011110001001100010110011111011101011111100000001
11100111100110001101010011001001100011101100011110011101000100011001010100000100010011000111111000011111010001000111001010010000111110000010101101101011111110100001110011010111110010000011110001010110111110001101001000100011111110100110001001101010000110101111
10110010001111111101110110011100111110101001001000110001010101011101011111101101111000010100001111110001010101101110011011011110010000111000100101000000000100101011000110010001100110101110000111010010001100101001111011111110000010001100101101001000110011100101
10100110111000000111000011010110100010001011101011100111010001010001001000111000110010110001100000000101010111101000110001010111011011101111110001011111110101111110011100111100110010111000111101000111101001101011100010010110111000111001101001011111111000110101
10001100110011110100011110010010001000111010111001001101011111010111011010001110100110010101101011011100010010001011110111010001000010000001000101110011010101010100111001100110011000100011100001110001001011101110101111000100101111110011101101001000101110100101
10111101100110010001110000110111111111100000001101011000010000010011110011011000101111111100111110010111111110101000011110010101111110111011010100011000010100010001110011110011011111101111001100111011011010100110101000010001101101010111001001100010000110101101
11110000101111011111000111110100011000110111100101001110111011111001000111000011100110001110011000110010000000101111000100110100110000100010011111001010110111110111011000011001000001001100011110001001000010110010101110111101000101000100011011111111110010101001
10000101100010010001110000000001010010100100110101100000100001101100011101111110110100101011110010011000101111111101110001100110011011101110110001101010110110000100001111010011111101100101110111101101111110011010001000101111010100010101000010011000011000100011
11011100111011000100011111111111010110001101110100101111110100100111110100010100011101100000010110111111100000000000011111101111010010100000100101001010000000111110100001010110001101110101100000100001000100111010111011100110010001010111111011000010111111111001
10010110101001101111000001000001010010100001000110101000011110101110000001000001001101111111010111100001111101011111010000100101010110111111101100011011011011100010111100010010101001000101001110111111010101110010001001110100111111110001100001111010110000001101
10110010101100100101111101111101011011111111011100111011001000001100111011111111100101011010010011001100001001010000010110110001000100000010100111110001111110001110100111111010100011110101111000010100010000010111101100100101100010111100111100001110100110111101
10111010101110110100001100000101001110001000011001100011101111011001100010010101110001001000111000011111101101011011110100111101011101111000110100010100100011100100110000101010111111000100100011010001111101110000101110101101001010100110000110100000101100010001
10100010101010100110100111110101101000100011010011101110100001110011101111000000011111101011101101110100100101001010000101100101110001011110110001011111101000110001111010000010000001101110110111010100000100100110100110100100011010001111110011111110001101010111
10110110001010001100110001000101001101110110010111001100111100100110101100011011000100001001101001000001110101101110111100001100100101000000011111010000001010010111100010101111111101001010110100010101110101101100101100101111111000100000111001001100101001110101
10110111101011111001111101011100011001000011010001100110000110101100100111110001110001111011001011011011000100100010010111011110110101011111111011010111111111010000110111111000010001101000000111010111000101000110100001101000101111111110011101100001111111100101
10010000001000010011000101000101000011111001111100110111010010001110110001100100010100000010011011110011011110110111000101000010011101001100010010010010000110011110110000001011000111001111111110010011011101011100111111001010000001010011010100101101110001001101
11010111111010110111010101110111111110110011000110000000011111111000111100101111011111101110111000110110010011100001110001101111001001100001000110111010110100110000011011101011111100011100001000111001011001010001110001101011111100011001010110111000100100011001
11010000101010100100010000110100001010100110010011010101001100011010100110111000001000100110001110000100111001110100011011000001101011111111110110011010110001111111001111001000100001110111101011111101010011011111100101000010010001011011000010001111101111111101
10011010001110001101111110010001101000001100111001110111100101001110001110010011101010110010100110101101101100100111011001111011001001000100000011010010011101100001100000011110111011000011001001010111010111000000111101011000110111001001111011100000100101010001
10110011101100111001001011011111001011111001101100011110110111100000100011010110111010011011110100111001000110001101001101001000011011010111111001000111000100101100111110110110001001101001011101000100010001111010110001001101100101100011001000111101110001000101
10111011001001100011100001011001011000100011000111000010100000110111101001010000110011011001100101110011011100111101100101011111110010010010001101111101110111101110010010010011101011001100001001110001010101000010000101100111001101111011101110110101011101011101
10001110011111110111001011001101001110101111110001111010001110110100101101011111100110001100110101100110001101100000110001000000011000110110100100011000010001000011010111011000100010011111100011100111111111011111011100110010011000000010000110000101000001011001
10100010110110000101101011100001100011100010000111100011111100100110000111000010001111101110010001001110100101110110111111111011001101110000110111001101111011011111010001001101111110110000101000001100000001010010001111111010111101111111010011110100011111010011
10101010010010111101001000111100111011001011010110001111000110001111111110011000111000101011011111011000110100110110100000010001101000010111110011100001101010010001010111101001010110100111111011111001010100010110111000110010011000000001011000100111110110010111
11111011011000010000011010110110001001111010010010111000010011111100001100111111110010001011001000011011110110010011101011000111001111011100011001110100101000110100010000101100000100110000011110001011111111110100010010000111001011111100011110101101010000110011
10000010001101011111110010100011101100100010111010101011111010000110100110011000000111101001101101110010000111011000001001111101101000001001001100011110001111110111111011100001110101111101001100100010100001100001110111111101101110000111110010101000010101111001
11011110100111001000100110001010000110101110001110100010101011010000110011010011111101001101101001100110111101011111111100010001001011101101101111000111111011000100001000001111100100110001111001110110001100101111010010010000100000110101011000101011011111011101
10010000110011011010101111011010111110100010100110110110000000011111111011010111000001111000100011001110011001001000000111011101011110000111000101110100010001011101101111111000111110010101000011010100111110100000011011000110111111110101000011101001000011000001
10111110111001010010111000010010001100111010110010100011111111111000001001110110010100010010111110011011000011100011110010000101010100110001110000010001000101000101100000001010011011000101011010000101110010111111001001101100000100100100010111001101111001101101
10100011101101000110011011011111100101110010111010110110000100001110111100100000111111011010000011011011110111111111011011110100010101110100011011011111111101101100110101101011000001111101001111111100000110100011101100111111010110101111011100011101011100111001
10001001001001110011001001010000110100010110011010010000101101100010000110101011101001001111011001001010010011000000001001100101110100011111000010000001100000100110011111101001110100000101101100000001010010001000100110011010010000100010010001110001010110011011
11011101011011100111101101000110110111000100110011011011100001111011010010111010001101100110001101100000111010011011101100001100110001010001101011111111001110101111001100001011010111011100100101111101111110101110110111010000111010111011110111000111000111001001
10001101001010001100001101111110100001111110100111001001111111001001010110011000101100110011101000111110001010111011000111111001100111110100111110000000011100100110011001111010010100010001110100110111000111100110110101000111100011110010000110011101010011101101
10111001100011011001111001000010001100101000101101101100000000011101110011001111100101111010001110100110111010101001010110001101001100100110100000111111110001101100110011100010110110110111000110010011010001001100100101111110001111000110111100110000011000100001
10100011110110001011000011011111100111100010100101100111110111111001000111101100110100010011011000110000011000001101011100100001011110101100110111101000000101101001100110001110010011110101011111011010010101011001110000011010111000011100100001110110111110111101
11101110100011101011111010011000111100001111110000110000100010000011101100001001110111010110011110010101001111101101110001111111000110101001100010001011111101001011001100111011011000010001001011010010111101001011011111001000101011001001111011010110110100101001
10001010101110001000110011010010011001111101011110011110111010111110000101111011000100010111000011011101111000111001000111000001110000101101001010101011000111011011011001100000011101011011100000010110000101111010000110011011101001111011011011010010010001100011
10111000100011111110100110010111000011000000000010110010010010100011010001101010011101110001101001000111000010011011011110011100011110100101101011101000010011001001011011111011000101111010111111110111110100001010110000110010001101000010000010010111011011101111
10001101111001000000101111010111111110011010111010000111011110101110011111001000110000111100101101110001101111001001001011111001010000110100111000101111111001101101000010110011101100110010001100000000010111101011111111100111100101011110110110110001001110001001
11011100101101101111100110010011100010110010011111101110010000101000111000011011100110100110111000111101000001101101101001000011010111100110001110100000011101100101111110010110001110000110111001111110110010101001100000001100001101010000010100111011101100111101
11000110000000101000110000111001001010110110110001000100111011101011100010110010001110001110010010100001010111000000101100011111010001101111100100101011010000110100100011000110101011111100011011100000111010001101001111111111011001010111010101101010100001100001
10010111111110001101111010011101011110010110100100010101110001100001110110010110111100101011011110101111110001011111100101000100011101001010110001101110010111100110101011111100101000011001000010101010011010111001011000110000001011010101110100001000111111110111
10110001000011111100110011110001000011010010101111110100100100111100110111110100000101100001010000101100011101110000110111010110110101011000011111000011010000110000101000000001101011000011111110101111110010000011011110100110101001010001000111011110100010100001
10011101011011000110100110000111011010011011101000110110111110110110010000100101111101001111010111101001010001000101100001110011110001001011000110011001011110011111101111111111101001111110001000100100000110111010010000111100111100011111011100010100101000001101
11000100010010010110001100111100011010110010001010100010011000100011011010001111000101011000010000100011010101010100111100111001100111101110010011111101000011011010001001010001001011001011100010101101111100011110111010000110001111110000010001010001101111111001
11110111110110110011111001101111010010010110111010001111001011101011001110111100010001001011111010111111010111011110001110101100101110001000111000101001111001000000111100000100011001100001101010100100010110110000100011110011100101011011111101010111000110110011
10100000100010111000001011000110010111010010010011111101100010001001100100000101010111111010001010010010010001001011011010001110100100111101101110001100011111111111100001111111111100001100101011110111010000100111101110111000110000001000100001010011010010100111
10101111101110101110101010010000110000011011010111000001111110101100110111110101011100010011100011011000111011101001000011101010110101101000100100100101000000011010110111000001000111111110101010000001011111101100001000011110011101101110111011011001111010101101
10001000001000100011100010111111110111111010010001101111010000100110100100000101001001000111001001001110000000100011110111001000010101000010110001110111101101000010000100011101010011000010001110110101000100001111101011000011000001000100110010011101101000100001
10111011111011101001111111100000011100001010111101100000000101110011101111011101111011111101011101101100111111101000010101101011110101101010111111000000111001011010111111010001011001011111011000100111101101101000001001111001111111110001100110110001001101110111
10101000011000111100000010001111001001100010110000110110111111011011000110010001100010000001000111101001100001101110110100001001100100111010100001011010110011001110100000010111011101000110001011111110000100111010111100101100100000011111001111100111011100010011
10001011001110010001011000111001101101110110011010011100000001010010011100110100101010111011101100001011101100111100010001111100001110010010001101111110100110011000101011110000010101110000111010001010110110010010010110100110001111010110011010001100010110111001
11111111100011011011001111100011101100110011010011001110111101000110110101100110101110010010001001011010100110011001111111011101111011010110111100010100001110110011101000111111110000111111100010100010011111011111010000110011011100010100110010111001000100011101
10000101001001001111101000111000100110011001011111100011110001011110100101001100100011010110111011110000101111010011100110001001010001011100011001000111111100100111001010000000111010000100001010101011001101000010010111111001110001000001111010001111101101110001
10110001111011101100001010000010110011001101010000111010000101000010101101111001111010010100010010100111100101010110101100100011000101000111110011110100110001101100011111111110001111110101011110111001100001111000110001011101000101101111101011100000100100010111
10111100010000100001111011011010011011100111000110010010111111101110100100001100001011110001110110001101110001010010100001111110011101101100011001000110011011101101111101000011101000100001110000011100110111101111111101000101010101111000000000111110101111010011
10000111000101111111000001011111010010110011111111010110100010100110110111101101101000111111000100101001011101011010101111000111111000100101001101011111000010100100101000011111001010101101000111110110010000001101010101110001011100100010111110110100100000011001
10110011010111000100011111000101010110011000010000010000101000101100100000100111001010000001101111101100010001011010100110010000100010110001100101001000011000110110000011001000011010111111011110000100111110101001000101000101000110101110101010000101111101001101
10011010011100010001110001110100010000110011010111011101101110101001101101110000011111010100100001100110110111000010110011111010001110011111110101101111110011110111111111011011110010000110010010110101110100100011010000011101110111101100100011110100000111011101
10110011110001111111010111100101111110011111010001011001000100101011101000011111010001110110101100110000110011111110111000110011111011010100110101101000011110000100010001001000010111110000111000111100000101111001011111111001100100000101111000000111110011010001
10011000000111100001000011001100100011001000011101110011011101101000101010110101010100111110100110111111100110000100001110000110000001000101100101001011000000111111000111011111000100011111101110000111101100100011001100001111001101110100001101111100011001010111
11001111111100001111011010011110111011101011000100010110010001001110101011100001010110000000110110100011001100110111011011111100110111110001001111011011111111100000011110001101111110110000100011110000100110111110011001101100011000011111100100001001001101110011
11101100001111011000001010110110011010101001111111011100110111011010101010001100010011111111111100101000011001100001010001001101100100010101011000001001100000101011010000111000110000111110001000011101110010100000110011000101110011110001110111101101100100011001
11001001100001010010111010100011000000101101100011000110010010011000101000111111011000011000101001101111110011111100000100011000101101010111001101101100101111101001110111110010011010000011011101000100111010001011100111010000100110100100000100000100101111011101
10011011111101010110100010111001111110101100001001110011011011010011101111100001110011000010100011001000111010000111111111010011101001000010011000111110100001001101100110000111010011111001000111110110001011111110001101111110101100101110111111010110111000010001
10110010001100010011101010011100101010100111101100011001001001010110000001101100011001111010110110011011100000110011000010010110100011111110110010010000101100011001001100111110011000101101010110000010101000011100111000110100100110101010100001110100110011111101
10100110100111111001101011000110001000110011001111001100011101010011111111001111001101101110100100111000101111111001011011110100111110001100100111010111111001001100011101110011011110100101110011101011101011001001110010010101110000100010101101100001100110000001
10110000110100001100101111101110100010111010011010011111110101110111000010011001100100001000110101100010001100001100001000110110000000111001101100010000001011100111110001000110001100110100011000111001101001101011000111000101011011111010100100110100101111110101
10011010110001100110100101100100111011100010111010111000010100110010011010111101110101011011100101110111111001100110111110000011111010100011101001011111101110110000111011011100100001110111010010011100001100101011101101110101010001000010110110011110101100000101
11001110011111110000110000110111110001101110000010001111000110011000110010101101000101110010001100100000010011110010000111111010000010101111001011000000100100011110000011000101110111010000011111010101111110101000111000000100010111011011100111001000100101111101
11100111010000011111111110010001100100100111111110100100010111001111100110000100010101000110101110101011110110111010101100001000111111100100011001101111110101000110111110010000011100010111111000010001000010101110010010101111010001010010001101101110110100000101
10110001000111010001000010111100101111110000000110110001111101011000001110110110111111011100100010111110000100001011111001101010100001110110110011111000110101010011100011011111111001010101010011111011011010101011011011100001011011011110111001100010010101110101
10111101111101000101101010000110101000011101110100111100000001001101111000010010001010011001101010010000111111101000100011101110101100010011100111000010000101111000001001110000001101000100000110001111010000100011001001001011010001000110101100111011110100010111
10000100010101111100001111110010101011001111000110100101011011100001011111011010100000110011111011000111110000101110001110001100101111011000110010011111111101101111111100010111100111101111110110101100010101101001101101011110010111110010000110001011000111110011
10101111010100000111101101000110111011100110011100001111110010111111010100011011111111110110110001111100000110000011111100111001100001001110011010111000001001000101000111010001110011001000010100101001011111001100101001000000110000011011110111101010011100011001
10101000010001110001100001011110001001110011010110101000011010000110000110110010001100100100011111000001101100111110010101101011111101100111010010110010100011010001110001011101011010011011010101101011010001111111101011111110011110111000100100001010110001011101
10100011111101011100111101001011101101011000010100111011001000110100110100100110100110001101011000010111111001100011000001000001000100110010010110010111110110011101100101001001001011000010000101001001110100100000101110000011000110100010101111011010111101000101
10111110101001001110000001100000100001011111110001110011101101100001110101101100110100101001010010110100001111101000011111111111010110011010110011011100000100110101001101100011101001111110111101011100100101101101100110111010011100101111101000010010011001110001
10100000001011101010101011101110111111010001000111000110001000101111010100101101110111101011010110010101100100001111111000100000010011011010110111010001111110100000011100110110001100100000100001000110001101000100110010101011001001100101001011110111000011010111
10101011101000100011111110000010000100000100011110011110111111101011010110101000010010001011010011010100110001111100010010001111111001010010010110011011011000110111110110111100101110111011101101110111100100011101111000101001111011110000011001000101111110010011
10101001111110101110000111101110110111010101111000110100101000001001010110100011111010111010011001010110111111000111000111111011001100010111010100110001000010011110000110011001100110010001100111010001001111110000001111101100110011011111110011010000000100111001
10111100000000000100110000111000100001110111100011110001100011111100000100111110000010010010111101011110011010010110011100110001011111110000010001111101011111001000110011010011110011011111001110010101011000111011111000100110000110001000000110010111110001101101
10001111111111101101111110100011111100100011001110100111111011000110111110000110111111000110010001001011000000110100110110010100011000111111111011001001010101101101111001000110011011000000011100111101010010001000110010110011111100111010111110111100000100000101
11101000001000101001010100110110000110111001011100101100110010010100100011110100100110011111010111100001111111100101100111010111010011100000001001100011000000101000111101111100110001111111111001101001110111101110000110011000110110011010000010000111111111101101
11001010100010111011010001100100101110011101000110101001100110110110001000011101101100110001000100110101000011001101110000000001000110001011111100110111111111101110011001010001111100110001000011100011100101100100101111001011100011010011111011110100010000111001
10011110111110010010010111001110101011010101110100001101001100010011111011000001000001111101111101110100011110011001010111111101101100111000011110000110000001001011001100000101010001100100011011001111001100110110100101100011001011010110001011010001000110011011
10110000101011010111010011100011100011010100100110111000011101111000110001111111111100100000001001000111001000110011000110001111101101101111001011111100101100011011100111111100000111001111001110011000011110100100110101110110011001010011101001011111111111000001
10111011100001010101011010001001110110010001101100011110110101011110011100100000000110001111100011010100011011110110010100100010001001000001100000101101101111111000110101000111111100011010011100111011110110101110100100000000111100011001001101000000001001111111
10100010001101010001001011011101000010110101001001000000000101000111000110101111010011101000111110010111110010000100110101111011011011010100110110101000100001100010010001101101010001010010110001101000000100101100101101011111111111011100011000011011100011000101
10110111011001011101011001000101111000011111011111101111110101110101010100100101111001111010000000110110000111011111110101000000001001111101110100001111111101001110111100100000011101011000110111001011110101100110101111010001111000010111001111111001001011110001
10000101111011000001001101110100011101000001000011111000011101000001110110110100101100010011011111100010111100010100011101111111101101000101010111100100001001011100110110110111001101111111100100011010100100110010100001010100110011110001101010101101111000011011
11111100001011111111100100111111000111111101011001100011001101011100110010110110001111010111110001111010110001010001010001000010001100010100010001110001100011110001100010100001100001000000001101000000101110111011101101110110011000010101001000001100001111001001
10000110100010000110001110010001110010100101011100001001100001010110011011100110100110010000100100001010000111111101010101011011100111110110111100111111111111100101001010101011101101011111111101011110100110000001000100100011001111010101011101100111100011100011
11010000111011010010100011000100111000110101001111111111001111010011011011001100110010111011101111101011111100111001010111001000110101100110000110100001010001001101011010111011000111010011000111110000110011011101010110001111100001011101000101110100111000111011
10011111110001011010111001111110001010010001011000000001011100010110001010011001111010100001001000101010000110010011010001101110011100001100110010001100000101011000001110110010010100011000010000011010011001110101111111111000101101001101110101000110001110011001
11001000100100010010001100100011101111011011110010111101000111010000111000110011001010110100011110101110110011000111011100101011010001111101110111111111101101011111111000010111111101111101011101001111111100010100110001000010111101100000100101101111011011001111
10011010110111110111011110001000100101001001100111100001110011010111101111100111100010010111111100100010011000010100001101101001000111100001100100001000111001010000110011000010001100011001111001100001000111010110010101101110110001111111101101000001000001100001
11001010011100010011001100111101110001101100001111001111011001010000101000101110101011010000011001110111011010111111100001001011111110101111001101100010011011010110000111101110100111001100100011111100010011010011010101101010100111000001101001111101011100111101
11100011011001011001111001100001011100101111111010011000001101011010001110001000111011011111000011010001001110011000111101011000011010001000011001111111001011000010111100111000110011100111101110000111111000010111010100001000101110011100100011000100010110100101
11101110010011011100100011001111001110101000110000111011111001001111100000101010001110010101101000011011100100110010000101000011001000111011010011010011101001111110000110110011111000110010001010110001011111110110010111101101100000110110111110011111110010101101
11001011000110010110001110011001101000100010011010001000100011011100111111101010100100110000101101111010110101100111110111111111101011101010010110000110001100000111010010100110001110011000111000111100010000000100110000111000111110010010010111000000100110101101
10011001111100110111111011011100001011101111001111101110101110000110010001001011110101100110001111000000010100001101000110000001001001101010110100101110100111110001111000101100111000111111101011100111000111101101110110001110000011000110110000011110001110001001
10111100011001100001100001010110111000101001100100100100101000110110110100011001000101111111011000010110110111111001011100111100011101001011110110100100110011011100001010101110100010111000000001110011111100101001000010101011111010010110000111110000111011101011
10000001110011111101001101010000001110101100110101110101101111100100100111111101011100110001010011111100100100001101000001100111110001011011000000111101111001010111101111100000101110010011111101011010000110001011110111101000001011110011111100011011100001001001
11111101000111000100011100011111101010100001100101100100000001001101101100010001010110010101110111011001101101101001111111110000010111010010011111100001000011000110100110001111101100110111000001000000110100111000100100001010101000011000100001010000001100011011
10000001011100010101000111110001000010111111001101001111110100011100001001010111000111000100010001000011001111000011100011000110110101010110111000001101011110010100110000111000100111100010011111110101111101101110111101111110101111001111101111011011111111110001
11111111001001110111010100000101011010000000011100011100011111110101111101010001110101111101010101111110011010011010001110011110010100010000100010100111111000110001111111110010110110001110110001100100100001100010110001000010101001100001001001001001101000000101
11000001101011010011110111101101111011111111110001110001000000010000110101111101010000001001010100000011010000110010100110110011000110111101101011111100000011100100000000010110000100111000111101001101101111001010000111011010100011111100011101101100001011011101
10010100001011011000100001101000110001000110010111000111111111011110010000101001011111101111010101110110010111110110110010111011111100000111101110001101111110101110111110110011110101101011100001111101000110011011111100010000101110110111110000100111101011110001
10111110111000001110111100101010000101010000110001101100110001011011011110100011000000100000010111000100110100010010011010001000010110110100001100100100110000100111100010011011000101001011001100001001011100110010101001111111111000100010000110110110001000010111
10001010011111101010101110001111111101010101111101100110010111010001011000101111101111111111111100011101110001011010111111101111000000100101011001110110011010101100001011111010011101101001100111101011010001111110000011000100000010001011101110010010111111010001
10101011010000000010100111111100011001011101010100110011000010010111001010101011000110001000110001001100011101001000100000100001110110111101010011010111010010100101111011000010110001101101110010000010000111000000101011010001011110111001000011111011100001011101
11101000010111111110110000010101001101001100000110011001011010110001100010101000010100100010011011100111001001101110101101111100010010010001010110010000010110110100010000011011100111000100011010110110110110011111101110011111111000101101011010001001001100011001
10001111110000100100110111010001111001100111110011001101110010111011001010101110110001111011001000110101101011000110100100000101011111010101010100111101111100010111011111011011001110010101010011111100011100110000100100110000100011101001001000101101011111001101
10111000011110001101100101000100001011110000111011011001100110101000011111100100011111101011101110100001101011010010110111101111010000010111010001100111000101010001000001001110011000110111011000011001001101100101110101111011101110001011101111100100010001100111
10110010110011101101101101110111011000111110001000010011001110101011110001110111011000001001000000101100101001111011100000101110011011010001111100110010010101011011111101101000111101100100011010110011011001001100010001000010001000111010111100001111110101110011
10010110111010001001000001100001011101100011011111110110011000101011010100000101001101101101011111100110101100101000111110100100110010011101000110011000110111001000001000111011110001001101010010010111110011011001011111111010111011110000010001100100010101011001
11000010010010111011111111001101000000101001000100000100111011101001010111111101101101100101110001110011100110101110000010110101111010110100010011001101110000011111101011100010000111011101111111000001100111111101110000000010010000000111010111110101000101001101
11101111000110001000010001101111111110111101010110111101100010001100010100001000100101001100100101011001110010000111111010010001011010100111110111101101011111001001001001001011011101010000100011111111001100010100000111011011011111111100010010010111101101100101
11000101110011011111000100111000000110000001110100100000101111011110110001101110110101111001101101011100011011110001100011011111010010001101010000100101011001100011011100011111010001010111101000000010011001000111101101010011010001000111011011000010101100001101
10010000010110001101111110110011110011111100100101101110101000001100011111001000010100100011000101000111001001011100101111000100010111100100011011110001001011111001001111110110010100010010001111110110110011110000100001011001000101010001000010011000100111100101
11111111010011100100010010000110111000000110101101101100101110100001011000011101110001101111011101101101101101000110100101110001010001101101001001011111100000001011100000100010110111111000111000010100111010011110111111001111111100011101101111111110110000101101
10000011011000110111000111111100101111101100101000111001100011101111110011110100011100100010001001000001000101110000110000011111010100111001011100001100110101011010111010101000111100011111110011010001100011010010000001100000100101110100100110000010011110101001
10101001001010010011101101010110000000100101101110100011001001100100010110000001010110111000101011101101010100011111100111001100010110000011010001101001100101110000011010111010010001010001010110011111101011000111111101001010001101000110111100111011000100101011
10111101111011011001001100000000110111110100101000101001111100111101010110111111000000011111111000111001011111000000110101101001111111111011010111101011001101100111110010011011010111000100000011111000111010010010000101101111011000011100100001110011110101101001
10010100011110001101011001111110100100000111101011101100110110000001010010000011111011001100010010011011001101111110100100100011000000001001010101000010011111001100010111001111000101111111111010000010000010110110110100111000011111110001101111000110010001111101
11010111010100101001010011001000101101110010001001100110000011111111011011011010001111101001011011001001100100010000101101111110011111101111010100011000110110011001000101100001010100001100011000111111011110100100010110010011010000100100100010010011011100010001
10010100010001101011000110011011100100011110111100110111111011000001001001001110100011111011001111101101001101000111100101100011010000000011010101011010010100110011111100111101110001111001001110101010010000101101110111000110010110001110110110111111010111010111
10110001110111001011101100111001111111000000100110010100100001010111101101101000111001010001100110000101011001111110110101001000011011011000010111001111110001110110100001100100111011000011100010100010110101101001010001111111010011111100010010000001010000010001
10100101100011111000100001101101000011111111101111010110001011010000100100111011101100010101110100110101001011010000010101011111010001111111010011111000000111000100001111001110101010010110111010111010110100111011011100011010010110000001011011111101010111111011
10111100111000001110111100000100011000000010101010010011011010010110110110000010000110110111010111100101011010000101010100000010010111000010011001100011111100011101111000011000101010111100001010010010010101100010000111001000110011011111001010001001000110001001
10000110001111011100100110111111001010110110000000111001111010110010010110111110101100010010010001001100010010101101110101111110110110011011001100001110110001010100000011010011100010001001011011011011011101101110110001100011111001010001101010101011011100101101
10101110100001001001110110100001111010011100111011111100101010011011000100100011100111011000111101100111010111111001000101000010011100110001101111101100010111110001111111000110111011101011000010000001000100001000111100101110001101110100111000101001110001101001
10100011111101101011000000101100001111010001101000110110101011001111111110001000001100011110101001110110010000011100011111011011000101110100111000100111010010100111100001111100001000101110011111110111110101111010001001111100100001100110011111101100011011100011
10111000010000101011111101101111100110000111001010010000101011100110100011111111111001110000001011000100111111010101110000011001101100010110010010110001011000110000101100001001101010100011010000011100000100101111101011010001101111001111000001001111000010111111
10011111011010001000000111001000110011110100011111010111100001001100001000001000011101100111111010010111100001010101100101001100000111011111000110011100001110011110001111101101001110111010010101000101110110000000111010000111101000011001111100011001111110010101
10110101001111111111110001011101111000010001110001010001001111011001111111100011000100001100011010111100001111010000101101100111110101001111111111000110100011001011111011001101011100011011011101110100011111111110011010110100001011111101100111111100000011000001
10010001101100011000011101010000001111010100110100010101100001010011100010111111110110111001000010101001011000010110001111101100010001100110010001110011101011101000010000011001010001110010001000010111010001000011000010011111111010000101001101000110111011111011
11011100101001001011110100010111111100011111100111110100111111010111001000101000010010100011111110000011000011111111111000101001011100110010110100011001001110001011000111110011011011000111101111010011000101010111111011001100011000110000011000010100101010000011
10000110101011100000000111110100010001111000101100010110110001010101011101100011111011101110100010111111111110000100011010111011000111111010110111001101111100101001111100010110001110011101000010011001111101011100011011101001001111111101001110110101101011101001
10110000100000101010110000000001000100000010001001000010000100000100000100001000000000001000001000000000000000110001000010000010010000000010000001100000000001101100000001000100100000110000011000111100000001000001000000100011100000000001100000100001000000001100
11111111111111111111111111111111111111111111111111111111111111111111111111111111111111111111111111111111111111111111111111111111111111111111111111111111111111111111111111111111111111111111111111111111111111111111111111111111111111111111111111111111111111111111
