111111111111111111111111111111111111111111111111111111111111111111111111111111111111111111111111111111111111111111111111111111111111111111111111111111111111111111111111111111111111111111111111111
001010000110001000001000000000000100000000110100010100010110000110100001100010100011000011000010001001000010101010011000010001000011000010000000000100001100000010001100100011001100000000001101001
100011010010101101101011111111110001111110000111000101000000110010001100101010001001011010011000100011011000100000110011011100011110011000111111010101100110111000100110001110011001011111100100011
111010011000100100111010001000011011100011110001110001010111111010100110001010111101010011001111101010001110101110000110000110110000111101100001111101110000011111110000100000111011001000110001001
101010111111110110000010100011010011001000111100011011011100010000110011111010100101011001111000101010111000101011101100110010010111110001001100110001011111110100011111101101101001100010011111101
101000100000010011110110111110011001011110000111001111001101011101111000110000110001001100000010101010101011101000100111111011010011011011011110000111000101010001011000111000001101111111000000111
101111110111011000011110010011011100001011110001100001011001000111101010011111110111101110101110111000101010000011101110001000011010010001011011111100011100000111110010000011011001000001111110011
100000000011001111000011011001001111100011011101111101001011110110001111010001100010000111111000011010001000101001100010101111001000110111010000100101110001110100000110101001110011101100000111001
110101011110011101111011011101100110111000000101001101011011010000101000010100111010110000001111001111101101101111001110100011111101100110010110110001100111100101111100111111000110000111110101101
100111110000110000001001010000110010001111010101011001110010011111101101110110100011111101100001100011000111111000011100111000110101001100110100000111001100101100100001100000011100110001100100101
101100000110100111101100010101111011100110011101000011000110111000101001011100101110000100111101111001110011100011011001101110000101011001100111110100011001100110111011101111110110010100101101101
100101111110001100100111111100101000110100110001110111010100100010100011000001101000110101100001001100011001001110001011000111101101001101110011000101110011110010001110001100010011011110101101101
111101100011111101110100001110001101100001100111100100010110001010111111101100100011100111001111101111001111011000111010010011001001100001011001111100111000100111100000111001011010001110100001001
100001001000001000010001100111011100101011001100110001011100111110000101101001111110001110011000100001100000010010101011011110011011111111001100001110001110101110111111110011001000100100110101011
101111011101100010111111110001000110111110011110011111111001100010110000001011000100111000110010101101111111110111101011011000111000000010011111100011011100100000000001010111101111101101111111001
101100000100111110100101011101101110001100110111000000110011001010010110101110010001100011100110111000000010000011001001010010001111111010111000110110001001111101111111000101001000111000011000011
100111110110011000001100001100101011011001100001110110011110011010111110101100111111001001001100010010111110111110011100010110100010011010000010010000100011000101100011010001100010100010110010111
110001000011001101111001100110100011001011001100000111001100111010100010101001100001101101011111011110001000100010110101110010111011001011110111011111111110010001001000010100111110101010100110011
100101111111100111000011110000101001100011011001111101100001101011101000101011001101000111010101000011011011101000000100111011100001101000000100000001000111011111011111110110000100001111101111001
101100100000110001010110111110111100111110011101100101111111000000001110111011011100010011010001111001001000101011110110011000111101001111111111111100010100000000011000111110110111100101001001101
100110001010010100011100001100010110000000110001001100010001011111111000010010011001011000011011011101100010111000100011001110001100011000100010000111110111011011110011100010100100110100011011101
110111111111011101110001100111000011101111100111011101000111000100011111010110110011111011111000000100111110011111101111100011100111000011101000110000010001110011000110001011101110000101110001001
100100010110001001000111110011101111000110001100001001110000011101001100010011100110001011000011110110000011000100001000110110110011101001101111100111111100011010010100111000100010101101000111011
101111000011101111011110011000100110011100111001100011011111110001100111111011001100101001111001100011111001110001011010010010011001111100100110001100000111010000111101101110111011111001010001001
100110011000101100010000111110110010110001100011111111000010010111110001000010011110101100001101001001001011000111110011011000111101000111110100101101110010010101101001100000011001000011011011101
101100111101100001110110011000111011100101001110000000011000110101011100011111110000100111101111011100011001101100010111001110001001010110000101111001010110110111000011001111001011011111110010001
100101100000111111000111010011101000001111011011011101111111110001000111110000000111110011000010010111001100111101000001100011011011010000110100010011010110011100011111011001101011000000100110111
110111111010000100011100010110101111111010010001000111000100011101101101000110111110011001111010110001101110001001111111001001001010011111100101110110010000110001110110000011101001111110101110001
110110000011110111000110110100000100100010111101010000010001000101000001010011100010111100100000100111001011101011000010011101101000110000111100110011011111100111010000111111001100000110100011101
100100111111010010010010010111010001101010100001011111111111101101101011011000111010000110111111110010011001001011110110110001001010100110000110011010001000001110000111100001100001011100101110001
110101100000011010111011010001011111101000101111010011011000000100111001001110001010110010010000011000111011011010000100111111011111101111110011010010111011100011101101001100111111001001100100111
100101111110111010010010011101000000101111100110011000010011111110010011101011101000011011010101001101100001001000110101100011010100001010011010010110000000111011000101011110000011101011110001101
110101000100101010110111110001101010101101110100111101010110001011011000000001001011011011010101101000110111100011111100001000010001111000110010110111101110110010010101000111111001111010111011101
100100010101100010100011000111001010100100110101100101010110100001001010110101011110010010010100111011100010111110001001111111110111100011111010010000111000010110110001110100001100001010001000101
101101010100101110101001011100011011110110000100110001010100110101101111111101000010110110110101100011001000100010101100110100010001001000110010111110001011010110011111010110101111101000101110101
101101110110001010101101000111011000000011011110000111010101110100100110000101101011100010100111001010011101101000100110000111011101011110100110100011101111010011010000000011100101001011101000101
101000110011011000100111110010001111111110000111011110010001000110110100110100111001101000110010011111111100101111110011110000001001000110001100101011000001011011110110101001110001011011001101101
101110011010001011110110011011101100000011101100001100110111011100010001100110011101001111111000110100001001101000111000011011011011110011111101101001111101110000100011111100010101001110011000001
100011111010101011000100111011000110111001000001100111110001000111011111001100110001011010001011100001100011101011101111010001110010011010100101001100001100011110001001000111011101101000111111011
111010000011101110010001101001010000101101111011111100011101101101011010011111100111000011100000110100111110101000000101010111000110111000110000011101100111000110101111010010001101101011101101001
110010111111000010111101001101111110100100110010000101000111000100001010111010001101101000111101100111100000101011011100011100011100001110011111111000110011110010111000011011100001001001000001011
100110100101111010101001011100100011110110011110110001010011110101011000100000111001111101110100110000101101101011000101111001110111100111000010001110011000111011100011111000111111011101101011001
101100110000001010100011000110101001000011001000111111111010000111110011101111101100110100100110110110100101001001101100000011100000110001111000100011110010100011001010101110010001000100101001101
100101100110111000101111101100001101010111101101101010101010110011000110001000000110010110101100011110001101011100101111111111001101100100011111111000010110101110011110000011010101010110111100101
110101110010001110100011000111111001110001001001000010001000111010011100101011110111000100100111001100111001011110100000001100011100101101001000001111011100100000110100110110010101110010010110101
100100011011100011111001010101100011100100011101101010111111101010110111101010000001110101110011101001100011001100111111100101110110111001111010111011010001111111110001110011010100011011000110001
101111010001001001001101010001001110001111111001001000100001101010100010001011111100110100011001101101001011100110110001110000110010100011100010000000000111000000000100011001000111010001110010101
101000010111011101100101110111011000111000001011011010101100100010111000111011000110010111001100000101011010110010010100010110011010001110001010111111101100011111110111001111111110010100111011101
101011010001001000001100010010011011100010100010001111101110001110001010010010010011010011100110110111001010011011010111010011001000111100111111100000111001110101011101101100001100110110001000111
100001111101101010101001000110110010001010111111100010001011111011101111010110111011011001110011110001101000111011110100011011101101100001100010001101100011000001001000100001101001110111011110001
111111100101101111111011111100100111111010110001101000111000000000100110010100101001001101011001000100001110001000100101110000100111001111001000111100001110010101100011111111100011100101000011011
100011001100101000110010000001110100010010000100101111101110110101110000110101101101100000001101111111100110111110101101010111110010011001101111100111111000111101101001000000111110001101101011001
101000011110101010100110110111010101011011111110101000000010100100011111100000000100111111111100000100110011100010100101000100010110111101001000001110101010011000001111011110000111011001001110011
101101000010100010101110111100000001001010100010101011011010101101011000111111111110000010000111110110000110001000101101101101010000000001011011011010000011001111011100001000101100011100011100111
100101111010111110001010000110111111101000001010101001010010100111110010010001000011110110110000010011101100111101100100111101011110111101001111001010111111100011010001111011101001000111110101101
110101100010001011111011110011110001001110101010101011010110110010000111000100011000010010111111011000111001110001001110110001000011100101100001100000100000101001010111001000111011110000000100001
111101001111100010000000011000011100011100111110101110010010011010111111110111111111011000011000011110011011011011011010100111111000110000111101001111101110111101110101101101110001011111110101101
110001011000111010111111011111001111011001100000100010111011110010110010000100000100001111110011010011001001010001010010001100011110011111110001011000001100010100000001101100100100010001000101111
100111011101110010001001010001100010010011001111111010010000011010011010111101110001100011000110000111101101000101000111111111001011000110000111011111011001000111111100100110001111010111010100001
101110010001010111101100010100111011011110011000011011010101010011001010001000011111111000011111110001101101111111110010100011100001110100111101000000011111110010000110110011111010000100010111101
101010110100010000001101111101110010000111001011001001011111010111100011101111001000011011111000011100101000100011011010001001001101010101110101111111001000111110110110111001100011111101010001001
101010111111011111111000001001100111110001101001101101000010010000110111001011011011001010001010110001101011101001010010111101101100010001010000000001101010000000100100001011001000001001011011011
101010001100010100010011100011001100111101001011111101101011011101110100011000001001101110100010010111001001001100000110001000100110111111000111111111101011011111101111100010011111101101110010001
101000100001110001010110111111011001100000011000100000101001000100100101001111101100100000111111011110011100011111111100101110110110101000010000100000101011110000100001111010111000001100010110111
101111111101000111010100011000001100001010111110001110101101110101101101111000111110111111100001000100110101110011000111101000100100001101111110001101101000100110110100110010001111011001010110011
101000000111011110010111001011100111111011100011111100101101100001000101000010000010101000101101110001110100110110010001001110111101100111000100101001001010001100100110011111100001001111010011001
101011110000010010110011101011001100011011001000001001101001001101011100011111101010101010000111011111000110000100111100011100100001110000010111111011011111111101101111000000111101100000011001101
101011011111110110011010001001101001001110011111101101111011011001000111110001101010100011110011010011101111110001110111110001101111011111110001000011010100000001101101111110000001111111010011001
100000000001000011000000111100111011100010110101101000110010001111110001000101001010101110111001000110000000111111010001100111000011000000111101010110010101111101000001000011111011011000011110011
101111111100011011111111110110000001111010010001001010000110111000111101010100011110101100001100010011111010000011000101001110011001111110100101010100110100001111111011011000001110001101111000111
111000000111110010010001100011111111001011010101011111111100110010010001011111110000101001011110111000001011101001101101011100111100100000001101010101110111100000110001001111100011101000110010001
100011110100010111000100001010000110011000000101010100001111100111010111000001100111101111000010010010101000101100001001010101100110101110111101110000100001110110100101101000111000100011100110111
110110110111010011011111111010110000111111110111010001100011001110010101111101001100100010011011010111101110101111111101010001001110100110011000110110001100011110101111101010101110101110001110011
100100000001011010011000011010011111100000010010010111111010011100110100000100011001111010110001010011001000101000100001010111011000110011001110011111111111010000111000001110000110101010111011001
101101010101011010110010110011000010001111010110110100001000110001110110101111111011010010111101011110011011101011101111010000001011111011100011000001100001110111100010111000101100101010010001101
100111111101001000100110100110010110111000010100010101101111111011100100101000000010010110010001001100111001001000000100010101011010000010111001111100101100110000110110011101111001100011010100001
110000111001101111101100101100110010110010110101010001001000110000110001101101101000110110110111100110001101011110111101111101110011110110101011001110100110010110010011110100010011111111011101111
100110010011001000001101100101111010011110011101011111101110100110011111000111001101100100010010110011100111000100101100000111100111000100000001100010001111010111011001100001010110000001001000001
101111010111100010111000110111000011000111001001011001001000101110110001110110011111001101111000011001110011110101100111110011001100011111110100101011111100010001001011001111010010110101101111111
100110010000111110010010010010011001110001100011000011011101101000000100010010110010011000011101001101011000010100110000111010011001010000011110111010101001111101100000011000011000010101100100011
110100111110000111011111011000111100010100111010011111000000101111111111011010010110111011010101011101001111000110000110001000110011010111001010100000101011000101111111111111001011010100110001001
100101110111110100001100001110110111111110011011110001111110100110000011011011000010100011010101110001011011010111111111011111100111110001101010101110001001110000000010000001111011110101111111101
111101000101010110100111111100010110000111001111000101000010110010111010001001011010101110000100100111011010011100010000010001001111000111001010001011101100111011111110111100011001100100100011001
110001010001010011110110000001000100101101100110011100011000111010101000111101111010111100110110101110001010110001011010111100011010010010011011111001001110001010001000100111001101001110001110011
100111011100011001000000101011111101100000110100110111111111100010001110100100010010011001110010100011101000100111001110000101000010111010111000011100011011101110101101101101101101011011100100111
101110000111001101011111111110000000111110010001100010000110001111100011101111010111010011000110111000100010101101100011010001011010001110101101001101110000101000101101000000101001010001110101111
100011010100011001010000100011010111110111011100001011101100111010111001001000010000010110010100001110111111101000111001111111110011101000100111101001000110100011100101111011101111011100010100111
101001110110110011010110001000010100010000000111111000101001101000011100011011110111111111110101111010001100001010001011000100011010001010110000001011010111111110110100001001000001000111010110011
101100110011110111110011011011111101011111110110001110101011000011000111001001000011011000110100011011100101111111011001010001001110111011111101101000011100000000110101101100011101010001010111001
101110011000010100011010001110000101000110000100100000001001101111101101101101111000010010011101000000110100000110001100010111101000101001100000111111010001011110010101001111110101111101000001101
100111001010110001010011111000110001110011011111110101101101001000100000100100101111000111000101101111110111110011100111110100001011101100101010100000010111000011110101011000010000000101111111001
110001101110111111011000001011111111011001001000011111000101100011111101101110100001101101110100100001000110011010001100011101101000000110111011101111110101111001100101000011010111010001100000011
111100100010000001010010101000010001001101100011000001110100101110001100000100101011101000010110111011010011011010101001011001001011011110110001001000010100011100101101111110010101111111001111001
101110111011110111011011101111000101100100111111111100100110111000101001111101101000001011010011100010011001010000111011001011011001110000100111011010110111000110001000101000110000100000011101101
100000010010000110001110001001111101001110011000100110101110011011101101000101001111111011011000110110111111000111100001101001111100110111101100010010010001110011111010001011111110101111110101101
110111110110111100100000101100000101101011000010110100100011010010100111010001011000100010001110000100001000011101001111101100110101100100001101110110111100011000001111101001000000101011000001001
100001000100001001111111100001111101000011111110010001111111010110110000011111001110101111100111101101111011111001011011000110010001001101100100111100010111001101101000111101111110101001110100011
111111011101100011000000110101000001110110000111010111000110010100111111110001100000100010110100100100000010001011001001110111000111011101110110010001010001100111000010000100000011101100100111111
100001011000111110011101111111011111100110110000010000010000110001100000011100111110111010100110110111111110100001101100010001111100010100011111000101000101110100011111110110101000100110001101101
110100010011110000110100001000010010001100011111111111010111111100111011001110000111100010101110010001100000111100100110111101000101010001001101111111101111010001110001100011111010110100111000101
100111111110000111110111101011111000111001111000110010011100001110001001100100110010001110100011000100101110100110110010011000010001110111100101001011000110011111000100111000001110110101101010001
101100000100111100000110100010000010001100001010011010110001100011101101110101111000111010111001111110111100101100011011000011111011100000110000011000011100110100010110011111100010100101100011011
100001010101101111101100111111011111100111101011001000110111111001001101010100001111110000001100001100011001101001110001010110101110001101100110111011110001110001110011000000111000101100111111001
111111010100001000100001100001110000110010001011100011100100010011011001010001011000010111100111100111000011000011011101111110000100111111001110001011000111010111011011111111101110100110100001101
110001110111100010111011110100000110000110111010111110101101110111010011011111110011010001110010110001110111110110000100001011010101110001111000100010010000010100010010000100000010110010001101001
100100000010111110010000010111111111010100110000110000101100010000010110000001100110000100011010011100011101100111110101101010010001100100001011111111111011110101010110101101011010011011111100011
101111111010100011011011010110001100011101100110011101100111011111110111101101001111111111001010110111000100101100000111101000111111001111101011000010001000010001010010101001001111001000010110111
101010001000101000010001010100100001110001001111011000110000001010100001100111011010110001101010100011110110101001010010001011100001011001001001011000101110111111011000101011100100011111010110011
100000101101101111111101010101101011000111111000000010011111101000111100110110011000000100101000001110000100001011011110111001101011001101011101110011100110000011001111100010110001000001010011001
101111100100101000001101010111111001011100011111111111001010001010001110010100110011111110101010111000111111101110000110011111001001011101001000100110110100111001101001111110011111111111011001101
100010110101101010100101000100011111001101000011000001011000111011100111010001111110001000101011100011110000100111010011010001011101001001101110101110000110101100100011001100111000000010001100101
101000110111001011110001111101000001100001111000010101010011101000110000011011101000101101101111001110000110110001111001000100010001101011101100001100111100100110111001100001101011111011101110101
101111100100011000100101100001111011111111101111110101110111000010011111110011000010100001100000011000111100111100011101111101110101101000100111111001101001101100001100110111001000100000001000101
100100001101111010111111001111101000000000000000110100010001111011011000000110011111111100111111010011100001100111001101000111000111001101110010001011100011000110101110100000011110110101111010001
101101111100100010000110011000001111011111111110011111011100110011001111010010111000000101100001000110101011001101100100010011101100011000111011011011001011110100101010101011000010011111000011101
100100000110110111101100110011101101000110000011001100001110011001100001111010010011110111001101011100101111100000110110111001100001010010010010001010011000000101100010111010011011000001111111001
110111110010010000101101100111000101110011011001101001011011001111001100100000110111000100011101110001100110110101100010001100111111110110110110101011111111010100111010001011110001111100010001101
100100011011011010100101001100010000011001001100101011001001100011101110110101100010011101110101100100110000100100001011100110000000100100100100100001100001111110001011101000011111000110110100101
101101110001001111110000011111111101001101111110001011101100111001000010011111001110110001000100111110000110111111111001110010111110001101101111101100001101000011101010101011000110010010000110101
100101000101100001011111001000001111011001100011111010000001101101111111000100011000110111010110000010101100010000001100011111100011101001101000111111101001011010001110001111110100111011111110101
110001011111111101000011011011100010010011001000010010111100001101000001110101110010010000010011111011111001000110100111000100001010001100100010110001111011010000111000111000000110001000001010111
110111000100000101011001110010111011110111011111000110001101111001011100110001000111011111111010011010001111111111110101110111011011011001111110100100110010011101100011100011110011101111100010011
100011110001101100011100000110001010000100010001111100100111000011000110010111011100010001000011010010100011000011000100010011010010001111000100001110010111001101001010001110011000111100001011001
101110010111101111110111111110101000110101110101100001111100011111101111010010010110110111011110010110111010011001101110111001010111100100010110111111010011101001011111011011011010011001101001101
100100110100100000000011000010101111100100100100111101110001111000000100011010110100010001000111010000001000111101000010101100010110001101110010010101010110001111010110010000010011000011111111001
110001100001111111101000011010111010101110001110000100100111000011110101011110100001011011110011011111111111110001111010001111010011011001011011010000010010100110010100110110110111111110000011101
111111111100000001101111110000010000100011111011110111101101101110010111001100111111000001100110001000010000010101001010100001111011010011000011110111111000110010110001100100100010000111101010101
100001100111101100100001100111110101111000101000110000100000101011010001100001110001111011001100101101000101010111101010110100110000010110011110000100011110111010100111110101101110110001101000001
101100110000000111111100111100000100011110100010011101111110100011011011110111010100001110011001100111011111010001101010011110100111110100110100110111000000101110110000011100001010011100001111101
100110111111110011001110011001111110110000111111000101001010110110001001100100000111100100111101110010001010010100101011001010001100000101110001111110010111100100011101001001111011000111011000111
110100011000011000011011000011000100100111110001011100011000100010111100101101111100110001101001011011111000111110101011100011111001010100000111000010110011001101111001101011101001101100010010001
100101110011011101001001111110010001101101100101010001010011111010010110111100001110111111000011011000011010011000101010101010011011111111011100011011111000011100010011001000001100101001010111011
110100000110001111101100100000110111001000001100010111010111001011000010000111100110101100011111001101001011010011101000111011001001000011110001111000001111110111010111101111101001101111010111001
100111111100111010100001101111100011011101011110110101010001100011011011011110110000101001110001100101100001110110001110001001101100011001000100001101100100000100010001001000101011100011110010011
110100101001100010111101100000111110010001010010100101011100110110001001000000011110100011000100110001111100100100100011101100100111111100011111111001111101110101110111011101101000111001100110111
100101100011101010000000101010000010111111011000101101001110010011111011111011010010001110010111100111000110101110111000100110110011000101111000001100001000100100010011010000101011101100001100001
101100001000001010101110111011111010011000010011101001100111011001000011010010010111111000111100001110010011101000001101110010000110010111000011101101101011101111011110010110101000000101111101101
100111011111111011111100011111000011000011111001001011001101011101011000010110110100001010100001111000111000001011011101011011011100110100011111000111000010100001000110110010101010101111000001101
110001110001101001000111010001011001111111000011011001011001000100011111010110110001100010101111000011111111111110010000011001110001100110110001110011011010111101110100111010101110101000011111001
100100110100101100010011110100011100010110011110011100000011110111110110010100011011001110101100011111011000000100110111001101100111101110000100011001110000001100010001100010100110111011110110011
101110100110001111111000000111110111000100110000110001111111000100010000110101001110011100100101111001010010111101100101101101001101001100101111011100011111100111011111001011110100010010010000111
100110111100100001101111111101010001101101110111100111001000011101110101100101101100110101110101101011000110011000101100000101011100011001100010010111001100110001000001011000010101110111010111101
110010001110110100001010100000010101101001010001001100011011110100010111101101101001100101100100100010011111000011100111110100010110111111111010110011100110111011101101011111010000100011010101101
111011100011100110111000001101110100001011011101011111001010100101000010000111001011101100110110111000110001111110110001000111010000000010000010111000110100101010101101010010010101101110010100001
100010111000110011100011111100110111011010001001010000011000110001011110111110011010000110010010001101100100110000011101111110011111111011111110001010000110001000100111011010110111001010110101011
111010001010011000101110000110000001110010101011011110111110011011011010000010111011011100110111100100001110010101000100001000110000010010000110101110111111011101110001001010000110011010000101011
110000111110111101101100110100101111000110101010000000110011001110001011111010110010010001100100110110111011000111110111011011100111010110110010100110100000000000011011101011111100110000101101001
100111100010110000101001110111111100011100101011111110100111100011100000100010010110110111001101110011100011111110010001010001101110010010111011110100101111111011110011001000011001111111100111101
110101101000100101101011010000000101110110101001100010001100110110111110101111000100010001011001011001001010000010110111000101001000111000100001010110111100010001100110011010110011100000110000001
100001001111101101001001011111010100000100101100110111101001100100010100100001111101011101001100010011011000101010100011111111011010101111111100010010001001011111001110111110010110001101111111111
110111011010001111011101001000010111110001100110010000100011001101110001111100001101000001100110110110011111111010001001001100001011101010110111011011100011001000011010110100110010111101000100001
100011010010100011010100011011110001011111110111011010111011011100010111000110100111111111110010010110110110001010111100011001111000101000000001001000111111100011011010000001111000000100010001011
111001010110111000010111001000011101000000100001001010011001000111000110010010110100000000011000110000000100100010100111110011001110100011011101101010000100111111010011110100110011111101011111001
100011010000011111110001101111010101111010101111101011001011110010011100111011100001111111001010011111101101111110110010000110011010111001001111001010110001100001000111000110011110000111111000011
101110010111110100000100100010010000001010101100001111101000011011110001101001101111000000011011011000111001000010011010111100110010001101100001101011111101001101101100011111110000110000000011001
100110110010000111011111111010111111101010100101101000101110110000100111001101000101011111110011110010010011011011001010100001110111101000111011001001101001011100111001110001100111111111111111101
111100111010110010010001011010011000000011110100111010101100011110001100011001010001011000010110100111011011110001100010101101000100001110110010011111000011000110110011100100001100000000100110001
110001101010011000110100010011001111011111000110110010100001000011111111010011011101000011010000101101001000010100111010001000011101111100010110111100011111110110000110001111111111110110001100111
100111000011001101110110110111100001001000011110000110101111111010001100010111110001111111011011101001101101010110011011111111010001011001010100101001001100000010111100111000101110000111101101101
101100011111100111000010110110111101111011111010111100111000110000100001010001100111000110010001001100100111010100110001000010010111010011010001100011011001111110011001100010000100111100100100101
100111000001101110011110100000110100110010000011100001110010011011111011111101001101010010110111011001110100011101110100011110110011000110011111001001110011000011110011111110110001100110001110101
110001111011001100110100101111100110010110111001110101000111001110001110001101101100011010000011010011000001011000010111110000111001111100110001011011100111101001100110000011100111110100111000101
110100011000011001100101100011001111010100001011000101011111100000101000100101001001111011111110011000011111110010110010000111101100011001100101001001001111001111001111101000110100010001100011101
100101001111110011101100101000011001000111101010010111010010111111101011110001011111100000110000110010111000100111100110111100000111001101101101101100011010011100011000001101100101110111001010001
101111100001000110000110111111011101111100001010110010000110000100001010111111000000001110100101100111110010001111001100100001110101100101001101101111110000111001011010111101001101100010011111011
101010111101011111010010010001000100001110111010100110110110110001101010100001011111111000101111001100010111011110011101101111000101110101011000100100011011110011110010011000011000001010110110001
100010000100011010011011000101110110100110010010111100011100111111001000110101110001001101100001011001011101000100110001100100010001000101001111110101110000100110100111001101011111011010100000101
111011011111110000110011111100000110110011010110100001001001100000011110011100100100011001111101011011001100010001100101001101111011011101100000000100000101101100001101100101110001110010111101101
110010001000010111110110100111111100011001011100001011111011001011010011001110001101011011000101001001100101111111101111011001001001001100110101111111111100101111011001110100100100011010001001101
100110100011010100010000001101000001001101000111111110100001111110000111100111111101000010010101101100110111000001001010001011011011100110011100010000000001100110001100100110101111001011100011001
101100110110010001011111100001101011111111010000110000101101100011110100110100010001111111110101000110010000011101011000111010010010110111000111011010110100110010100110001100101011101110111110011
101101100100111011001000111100111000010100010110010110001101001001100110010001010111010000010101110011011111110100010011110011000110010011110001000010011111111010110010111001101000100000000100111
101001101101110011101110001110001111010001111111010011111001011100101100111111010001000101000100011010010011000111111010000111011111011010011101101111110000100011111010011111101101111101101101101
101100100100011000100011101011100011000111000110011010011011010110100001100011011101110101111110111110111000010000001110111101010000011011000101000111000110101000011011000001000000000100111001001
100110110101001110101001000000111001101100010011001011001011000010101011001000010100110101100010000010111111110111101100100001011101001001110001110010010110111110110011111011011101111110110011011
110110110111101100111101011110101100111001111011101011100001101110101110011111110110010111001011101000011000000100100001101101000111101100011101100110111100000100100110001010010111000010010110001
100010010001000110100001000010100110001011001000001001101111101000101100110000000011000110011000111011110011111110111111100111110001000111011000111100101001110001101110101010110010011011000011101
111010111101010010101111011010101111100010011111101101000110001011100101100111101011110010111110010010100111000000011000110000011101101101001010010001100011000111000100101010111010110001011000001
101010100001111010100100011010000101111111000110000101011100111010101101101100111001011010100111010110001100011111110010000110110000101001101111010111001001111100010101100010000010011101111111011
100011101111100010110101110011110100011000010000101101111001101010001001001110011100011010110100010010111110110000010111111110000110000011000001010110011011000111111101110111110111010100101000001
101110001100001011110100110111000101000011111111111000100011101011111011100111010111000010100101111000101000011011010101000011110111011111101101010011110010010001000100011100010100010110001110111
101000111001011001000111100101101101111111000100011011101110001000001000101100000011111110101101101111101011000001010100011001100001110000111101011000100110111101010101000101000101110010100010011
101010001111111101011100001100101101010100010001110011001011011111101010100101111010001000100100000001000001101101000101111100111011000110100001011010110010000100010101101101111100100110111011001
101111100000011000010001100110001001010001111101000110011000010110101110110100010000111011110111111101101100111111101101000110001110011110001111010010011111101111110111000101001110001100001011111
100001111101001111110100111110111011010100001001010010110011000100100100100101010101110011010110001101000110100000111100010010100100110011111001010111000100100101010010010000011000101111111000001
111100000111100100010101100011110010000101101011010110100111010001110001101111011101000110010000101001011111101110000110111011110101111000000011011110010001110100011011111011110010111000010011011
100111110001110111000100001001010111111111101001010010110001011100011111100011011001010100110110100011010001101011110010011000100100001111101001000011010100010111001000001111000111100011010111001
110000010100010001111111011100000110001000001101011110011101010111001011001001010011011110010011111111110100001000011011001110101101100000101101111010010111110001101111100001011100001110010100011
100111011111011101100001010111101100101110111001000111011001010001100010011100010110011000111001100000000111111101010001101000100111001010111000010010110000011101000001110111001001111100110101001
110010001001001000001101010000111101100110011111110001001011010111111011110110110100110010111100001111111101000101110111111011110010011010010010110110010101000000010100010001101011000101111101101
111010100011101111101101011010011000110011010000011011101111010011100011000011100101110110011111111000000000010001000011000010011010110011010110000100111111010110111111111011001001010101100001001
100011111110100000111001000011000011111011000101010010101100011001001110011000111101010111001100000011111011011111011001110110111011111111010111111111100011111111100010001000011101010001001111101
101001100010111010010011111111111110110001111101010110000101111101011100111110001001010101101001011110001001110000001100110100010001100010010000101000101000101000101010101111110001011111011000101
101100001000000011000110000000000000000100000001010000110001000000000001100000100011000000100011000000101100000101100110000101000100001000111010000010001010000010001000100000000101000000010010000
111111111111111111111111111111111111111111111111111111111111111111111111111111111111111111111111111111111111111111111111111111111111111111111111111111111111111111111111111111111111111111111111111
