11111111111111111111111111111111111111111111111111111111111111111111111111111111111111111111111111111111111111111111111111111111111111111111111111111111111111111111111111111111111111111111111111111111111111111111111111111111111111111111111111111111111111111111111111111111111
00001100000011000010000000100000100001100001110000000100000110100101100000000101000001010010000001111000011001000101000011000011001000010001000001000000000001100011000110000010000000110000000010100000000000000010000011000010000110011100001000101100010000011000000011000110101
10111001111000011000111110110110101100110100100111110111110000001100001010110000011100000110110100110011010011010001011000011001100011000101011011011111010100001110010000111000111101100110101110001111111101101000101001111000110011001001100010101001000101000011110110010010001
10001101101111110011100000000100100110100110001100010000100101111101111110011111110111101100010110000110000110011101001110111100111001101100001110010000011111101100111111101111110100101100101000101000010100111111111100100011111001100011111110001111111111101111000100111110101
11100100000011010111001111111101110110101110111101011110111100000000000111000001010110001001010011101111111100110101100010100110001111101111011100110101010001111001101010001000010110100101111011111101010110000000000110110111011100101111110000100100000000101000010001100000101
10110110101000010001111000110000110010001000011001000010000111111111110001111101010000111011111000111000000110100100110110110110100000001000001001100101110100000011000010100011000110110101110010110001010011111111101100010101000110100001100101110101111110101011111100111011101
10100111111111111100000010010110011010111111110011011011110010000000111100100001000111101000101101100011110010110110000100110000111111111111101011001100100111111111011000101011111100100100100110011101010111010100100111010100010000101100101111010001000110111001000110010000101
10101100000110001001011111011111000011100001100110001000111000111110100110101111011100101110100100001110111000100011111101100111100000000110001010011110101100000000011111101001100001101110001111001101000001000110110011000111111010100110111100010111010000000011010011010111101
10100001010010101111110001000011011110001101001110111110001111101000101110100100000110100010110111111000011111101001001101101100101111110011011010110000101101101111110001101100101101101011111101100001010100010100011001110010001110110010000001010011111111010110011001010001101
10111111111000100000100101111010010000100100011010110010101000100011101100110110111110001010010000100011000000001100011001000110101000011001001010011110100111001100000100100110100111001000000000111011111111110001011100110110100100111011111101011010000011111100111101111100101
10000101101111111110101100010010110111101111110000100110101010001110100001110010001100111011011010111111011111111111010011011100101111001101101011000011110001011001111110101111101100011011101110010000010000011111000110011100110111100010000111001110101000001001100000000110101
10110100000000001010101111011011110101111000011110001111101010111100101111011011101001110001000010000100001000010100010110000101100100011100111011111001011101110011011000101001001001111110001011010111010111001101110111011001100110001111110100011100111111011011101110110110101
10010110111111100010100001001000100100100011000011101000101110110110101100001010001011000101111111110110101011000110110011110000110101010101110010001100000100010110001011100011011011001100111000010010010001100100000001000011110010111000000101001001100011000000111010111100101
11010100010000111010111101101010101110101111111010001010100010010000100001101010111001101100100100010011101011110100011000100111110001000101010110111111110111000100101001110111000011100001110011111110111101110111111101111110111000100011111101101011001001111110010010000001101
10010111011011101010000001001110000010101101101011111010111011011010111111001010001101001110110001011001001000110101011110111100011111101101000100000001000011111101101100010001111110111011011001000000101101010100001111010000101111101110001000111011011100000011010111111101001
10110011001000001011111111100111111010100100001000010010001011010011110000011011011111011000111011001101111110100111010010100001001000100100011101011111011001000111100101011011000000000010001101011011100000010001100000000110000010000100100010010001011111111001010101000111011
10011001101101011010000000110000001000110110101111011011100010011001100111111011001100010011101001100100011000110100000110001111100011110111110001000010001101110100001111011000011111111110100000010010001111110100111110101111111011101101111011110111001000011101000000010010001
11001100100101110011110110011111101110110100111001010010111111011101001100001001100110111010001011111111001101100110110011111000110110000100000111011010111000000101100010010010111000000100101111111110111100011110100000111000011001100100011001000101101101010001111111111010111
10011110110100000110000111000110000110010110000011000110000001000101011001011100110010101010100000100001101001001100111010100010000011011101111101111010100011010001111010110110001101111101101100001100101001000011101111110011001100110111001111011100101101110111000001101010001
11001000100111011100111101110011110100110011101011110100101111110101011101010110011010101010111101101101001101011001100000101111111010010001000000100010110111111011000010011100100100010000111001100001101011111000101001100111100110100011100001010001100101000011101100100011101
11101101110001010110101000011001100111100111001000111110111000110101001001000111011000100010000111001101011001010011101111100000011010111011111110101010011100001001111111011001110111000110010011111111001010001110001100001100110010111010111101000100110101011110000110101001001
10000100011101000010101010111101001110001110011110011010100010000101100011110001001111101110101110011001000011000111000101111111001110101010001100101111000001101111000010010011010011111110110110100001011010101011111001111001110110010000001001111110110100000010111100111011011
10110111010001111000101010001001011100111000110011001000101111111100111110110111100000100111100010111011111111111101110001000001101000101010100101100111111111000110011000110111011000000010010000111100011011100000011011000011010111000110111011101000100111111010100110011110001
10010010010111011111101011100011011001110011100111101011100100010110000000010011111110101100001010001000010000010000111101011111101011101000110101110011000011110010111111110000001111101011011110000110110011001111001001101011010011111100100010100011101110001000110011001100101
11011010110001000000101001111111001011000111001100001000110001000011111011011001000100100111011111011111010111000110000101000000101010001011100100011000011001011010110101011101111000101011001011110010010110011011101100101001011000001101101110001110001000101111111001101001101
10011010010101011010001100010001100011101100011001111101111111110110001110001101010101110010000100010001010011111111110001011011101011101110001110111010111100001000100100000000100010111001101000011011010011000010101110001100011111100000100000100011011011100010100011001011101
10110011011101010011101111011011111110101001110011000100000000010100100010100100010100011011101101110100011010001000011111011000101000100100111010101110111110101111101101111111101110001100100011001000011001101010100011111111001000111111101101111110010000101000110110011011001
10010111001001010111000101001000000000001101100110010110111111010101111010110111110111011010000100100111001011100011000110001101101110110101110000000110011000111010000001000000100011100110111111101101001100111000110110000001101011100000111001100000110110101110000110111001011
11010001101011010001110101101111110111111101001111010010100010010001011010110100000110010010111110101100011010001111101100101100100010100101010111110011110010100000111111110111111000101100001101101111011110001101100011110100101000110110010011001111111100100111010010001101111
10010100100010011101100000101100000100000101011110011010111010111111000010011101111100111000110000101111110010111001101001100101101110101101010110011010000110101111100001100100011110100111101001000110001011100111001001100110001010100111011110011000000101110011011111101000111
10111110111110110101001110101001111101011100010100110010001010011001011111001000100001100010100111100000010110110011001111111100101000100101000100111010111110100001101100101101010100110010001011010011011000110100011111001111111110101100001000111101110111011001001000001010011
10101010001000100101111000100011000001110001010001100111101011000011010010011010101100111111101110111111000100010110011100000101101011110101011101100010011000111100100111100001000101111000101000011110010010010101111100011100000000100111100011110101010100001101011011111111001
10000011101011110100001111111110011101000111111011101100100001110110011000111011101001100000100010101101111111010010111001110000100010010001000101110111001011101110110000001111101101101111111011110000110111010100101001111001101110110001111110000101000001100001110001100011101
11011110001010000111100011000000111001011110101011001001101100010011010010001010001011001101111010100000000000011000000011011101111110110111110101000101101011000000100111111100100100100001110010000111110011000110000011001011001100011100001100110001111011111111100111001000101
11110000111000110100111001011111100011011000001001011101000111110110010110111010111001011100001010001010111111111101111110001001000000010100010101010000101110011111110100000001110110101100100110111100011001111100111111100001101001110111101001111111100001010000001100011110101
11000111101111110101101100000100001001000011101101010100011100000110110111100010001101000110111011111011100000000111000000100011110101110101000001011101100100110000100001111111000100111110001100100001011100001110001000110111001011000011001011011000101111000111111110110110101
10011110000000000100001110110101011111111111001001010101110001011100100100001111100111101100011010001000101111110011010111111110000101000101011101011000110001100110111011000001010101100011011101111111001111100011100010011100011000011110011000001010111000010000101000100000101
10111000111111011101100011111101110001101001101011010100100101110001101101111010110011000111001000101110000001011001110100011010110111011111110101001111111111001110110001011100010100101001111000000001100000111001111111000110111111110000111111100010011011111110001110110110101
10001101110001000101101001100000100100000011001010010001101111000101001101010000011001011101101110100011111101011100100001001000110110011000110001101100001101101010011101000111110110101100101111111100111110001100000011110000110000000110100000111011010000100011100110011100101
10100100100101110001001100110101101111011001011010111011000010011111100000011101011100010000100111111001000001000110111111101011100100110010011111101001101000101011001101010001100010000110000100000110000011100111111010111011100111111110101110001011000111101000110011011001101
10110111101101011101011111100100100011001101000010010010011010111010110101001001010111110110110011011101011111110010100110001001001101100111001000100011000010101001100111111101001111111100110101101111111001110001100010000010001101101010100011101110011101101110011010010011101
11100100001101010111011000101111111001100111111111010110110010000000011111100011010000000100011001010001000000100110110000111101100100001101100010111110010110001100110010000001011000001110110000101000001100100101001110111110101000101000110111001100110001001011001000110111001
10001101111001000010001010100000011101110010000110011100100111111111001010111110000110101101111100010111111110001100011011110000111111111000111110000011010010100110011000111011110011100010011111100011111110101101011010010010111110001011100100011001111101011001101111110100011
11011000011011111000111010101111000101011000101100110001101110000101100010001010101111111000010111000001100010100111001001100110010001000010001011111001011010110111011111100010000110111011000110111010001100101001001011010110000011100001001101111100011001011100101001000101001
10001111001000001111110010101001101100001111100001100111101100110000111010100000111000010011000101111111001011110001101100110011010100011110100001001101011011111100000110101110111110001001110010001010100110001111101010010011111001101111011001000111010011010110101100011101011
10100001101111100100000110100011100110111100111111001110001001111011101010111111110011011111110001000110011000111100100110011001000111111000111100011001001011000110110010001010100010111100111011011010110011011000001010111000001100101100011011010011000110010000100111010001001
10101011100001110001111100111000110010011001110000011000111011101001001010000001000110000011010100010010111110100001101111001101110100001011100101110011101000010010011000111010101010001110101011010010011000001101111000110011100110111001001000011001010010110110110110010111101
11111001001100111111000101101101100111000011100101001110110010001100011011011101011100111001000111111010100110111111001101100100011111011001110101000110101111111011011111101010111010100000101010010110111110111001010011100110110010010011111110111101111010011100010011000100001
10001101101110011001101101000000110001111001001101011100010110111111001001001111010001101101111100001010101100110000011001110111001100001100010101011100000011000010001100000010011000111111100000110000100011110011000110001100011011000111000011110000100011001001011001111101011
10100101000011001101101001010110010100001101111101000101110110001011011101111000011101100000000111100000100001100111111011000101100110111111010101011001110110011011100110111011001101101000111111111101101001100110011100101101110001101100011001000110101111100011111100000111001
10110001111111101100001011011111011111100100011001110111100100100001011000011011111000111111110011001101111101001100101011011100110010000011010001001101100010111110110100011001100100100010001100000100101100101110110111100001100100111001111101010110100100101010000111010001101
10011111000110001001011001001111110000001111001100010010101111111101001111001001000010100010011001011111000101100110001000001110111011011010011111100111001110101100100101110011110110110111100101110110100110001100100000110111001110010011011001011100110001111010110001011101101
11000001010011011011011101100111100111111011100111011000000000001101100001101101110111101011011101001000010100110110100011111000010010001110110000110001111000101001101111000110000100110100110101000011110111111001111010011100011011010110000011001001110111010010111101011001001
10011011011010010001001101110011001100001010110101011111111111101000110100100100011110001001010001101011110110110010111110001101010111100010000110111101000011100011101011010011011110100110000001111011000100110011010010110001110001010011011011101011100011000110000101010011011
10111000010010111101100101011001011001100000010100010100010001100011100110110101000100101101010111111010110100011010010000100111010001101011111100000001101111001110001000011110010000101111111111100001011110000111000110000101000101011001110010001000111010011111110101110111001
10001011110110101101110100001111010011111101110110110101011100001111001100110111010001100101010100010010000111001011011011110100011101001000010111111111001001011000111101010000110111100110001000101101010011110100011111101111111100001100010110111110011010110000010100110001101
10111000010100101000110111100100010111001101000100100101000111111000011110010001111111110101010001000111110101100010010010110101110001011111000100100000011100000010000001010111110101110000100010111000011001100101110000100100000111111111010011100011001010010111010110010101101
10011111110101100010010010110001110100011001011101110101110000011011110100111101100000010101011111011101100101111111000110100100111011000010010110001110111001111111111111110101100100000111111110001110111101001100000110111101101110000010011000001001101011011100010011010100101
11110001000100111111011000000111000101001011000100010101011111001000110101100101001111011101000001110001001100000101111100001110010001010110110011101100100011100001000010000101001101111100100011100011101001011101011100011001000100101110111111101100101011001101011011010110101
10000100011110010001111111111100011101101001110111000101011001101010010000001100011100010001101100100100011101011100000101111111000101111100111000111001101110101101101000111100011001100110001010111001000011000111000111000011010101100010001100100110001001100101011010010010101
10111111110110110101000010001001110001111100010011111101001011101011010110100111111001111011100111101111110001000101110001000111111100001001101110010011000010100100101101101101111011001100101000011101011001110010010001011011011100111011011001110011011111110001110010111010111
10101001000010110100011000100011011011000111011000010001100000001001011110110010110011000010110100001001011111101101011111110010000111101011000011011011011000110110000111000001100010011101101111010001011100111011111111110001000110101011001011011001110000010100110110001110001
10100011011000010111111110111111000010010001001111011011001111111101001000011110000111101110010001111100001000000101000000111000110001100010011011001001111110010011111110011111001110111000111100010111000111100001100000011101010010001001101000010011100111010110010011100111011
10111011011111000110000010110001101010111101101001001011011000000111101101111000111100000011010111010101100011110101011010010011111100110110111001101100100111011011000100110001011000101010011001110100010001101100001111000111111011101101001011000110001101000111111010110000001
10110010001101111100111010100100111010010100001101100010000011110010100101100011100101111011000000010001111001000100001111000110000110011100001111101110110010001001010001100111011010000011010011100101111100000110101001110100011000001001011001010110111001111100000010011111011
10010110111000110101101010001110001011010111100001111111111110011000110111001110001100001001111111011011011101101111111101111111010011011001100110001010111010111101011111110110010010111110010110101101100101010011111100110001001111111011001111111100011011000001111110110001001
11010000001010000100001011111111101001010010111101000010100011001010010001011010101111101100000110010010000100111010001001100110011001001011110010100000100000100001000101000100110111100010110000100100001111110111000110011111100010000001100000010001110001011011100100000111101
10010111101011111110111000000100101101011000100101011000001001011111011011000011100000101111110100111010101110010000100011001100111101101011111000111111111111101111110001010001111100001011100110110111011000010100010011000000111010111111101110110111000101001110110001110010001
11011101001001000010011111010110000001011010001100011111111011000101010001111001001101101000100101100010100011000101101110011101110100001001101111100001100000101011011101011111000110111000001100010011110011011101111001011101101010011000111000100100011101100010000111010110111
10000100011011011011001001110100111101001011011111110010000001010001000101001101100100000011101101101110111001101111000100110001000111111100001000101100110110001000010001001100010010101111111101111001000110001001001101110000100011000010011010101110111000111010111100010100101
10110110110010001001101100100101100001101110000000011000111111011011111101100100111111111111001000101100010011100110010001110111101100000111100011101110100011111010110111101001111000100100000100111100011111100011011000010111101110011011001011101010100011100010010001110001101
10110100000110111100001110101101111101100011111011010011100001001001100101110110001000010001011110100111110110110011111111010000000111010000111001001000001011000010010100000011001111110001110110010111110010111110001111010011001011110011101000000000111010110111011100011111101
10010101111110110111111010100111000111001000001001010111001011011100001100110111100011000100010010110000110000111000000011011111101110011110101101011101111110011111010111111111100000011011010011010000011000010100101001011001011000010110001011111111110000100101001101000001001
11110101000010100001100010110000010110011111101101000000011010000110111110010000111111111111111010111010000110011111111000001100100100110100100101011000100011001000010110000110111010110011010111010111011011010001101101001101010011011100111111000010000111101101100111011100011
10000101011000101100001000011111110100110001001001111111110010111100100011011010100000010100001010001111111111001100011110100101110001110101110101001101101001101011010000110100110010000110010000011100010010011011000101101101010111010001110000011011101100001001110001000111001
11011101011111100110111111000100110101100101011011010000011110001001101001001110001111110001100011100110001101011001010010111100011111010001000001100111001100111001111111100001100111111110111111111001000111010010010000100101010101000100100111010000111001111100011101110001101
10010001001100110011100011010001100100001101001000010111000011101011101011100111011100010100111110110000100100001011000110000101001010000111111011110000011110011011100001111011001100000010100000000011111100010111111110110101000101110110101100011110100011000001000100011011001
11010111100110011001001001110111001111111101101011110101111001101000101001110010011001000110100000011111110111101011111100110101100000111110001111000111111011010011001100101010011101101000111101111110101001110011000111110101111100010011100111111000001010011111101110110010011
10010100110011011100011100010100011011010101101110000000011011001110101100011010110011010100101101110001100110001010000110100100111111101000100100011110001000010110011110001011000100101110100001001100000011100110010100010100000101111011001110001111111110111000100100100111011
10110001111001000111110111011101111000010000100100111111110001011010001110110000100111011101100100000100101100111010110010101110100000100011110110110000101011110000110100101001110111101010001111100101111110001100110001010111010000000001011000100100000100101011110001101101001
10011101011101010000100000011001001101110111101101100100000101011011111010011011101110001101110110111110101110100010011011100100111010110110000011100111101001100111110101111101010010001011111100110001000000101101111111010110011111111111010011110001110110100000111111001001011
11001111000001011010001101010011100101000100101100110101111101000001100011000010000011111001000010101010100100001011010001110101100010110100101010001100001100110110000100000101011011011010100110000111111110100100100001000100111000100011000110011111100100111110100100011100001
11100110011111111011101001110111110100011101100110110100001111111101001001010110111001000011011110100010110111101011011101010100110110100111111000111001011110100011011111110101001000010000110100111100011000101110101101011111101010001001110011011010001110001000110001001001111
11110100111000001000101111000101010001110001110100010111100110001000011101111100011111010111010000101010010110001110010100010110000110001100001101100011111000101001001000010001101111110110010101101101000011111000100100010001001011111100011001010010111011100010100101101011011
11100101100011101110100100011100010111100100010001000000110100100011000111000001110000010100010110101110110100101100110111010011110011011001101111001110110011111101100011011111000100000111000101000001101010001011111111010100011011000111011100000110100001111110110111001010001
11001101001110100010110101110101010011001110111111101111100101111111110010011111100111011101110011100010010111111001100001011000011001110011100001100110100110110001001110001100010001111101110101111011111010100010000001110111001001110001010101111100101011000010011100011010101
10011101101000111010011100110001011001111000000010111000110000110000111010110001001110001101010111001011010001000011001101001101001100100110111101001100001100100111011010100110111111010100010100011000001110111110111100000011101100010101010000110001111011011011011001111011101
10110001001010000011000110011101111100011111011110000010111111100110011010100101011010101001010001111000011101110111111101100111011110101100000101100001111110001101010000110010101010000001010111001101100010010000100111111110101111011101011101100111011001011001010011000010001
10010111101010111111010111000100110001000010010000111110100011001111001110101111010000111011011100001110110101000100000000110010001000100110111100111111000110111000011011111000100000101101010101100111111011000111110000100000100100011001000111001100001100001101000111011111011
11010110001110100001110011110110000101111010110111101010101010011011100100101000010101100010000111100010000100011101101110111011100011110110000110010001101100101011001110001111111111100111010000110011000011111101000110111010110101110011110001011001100101111001111101010101001
10010010100100101100011010010100111111100000010011000010001000110000101101101011110111001110101101111011110111110001101010001000101111010011110111010100001101100001100000101000001000110001111011111000011010000000011100000010110100010111011100010011110001100011100001000001011
10111011110101100111000011010111100001001011011001010111111111111110100100101000111100011010100001000011000101011111001011011110101100011000100001011101100101111111101011100010100010010100001010001111110010111110110001111010100111010110001111110110010111001110111101111101011
10010010000100110101111010010000001101111110001101010010100000000010110110001110001001111000110111011110011100000010011000010000100110111110111101001100111100000000111001111111101111011101100010100000010110011000100100011111101110010000100010100011000011011100000000011001001
11000111011110100101101000111111111101000011111101011000110111111000110000100111011011000010010110010110111001111000110011110111110010110010000101100110001111111010001100100000100001000111001010111011010111010010101101110000000010111011111010001001111110010001101110110011101
11011100010010001100101110010000010100011000010101111010100101001110011111111100001011011111110100110100001011001111110110100100111010011011110101110011100000011111011001101110111011110001111010001010010011110110111111000101011110101000001110111101000010110111100110100110001
10000101111011111110000011000101000111111111000001100010001100011010111000010001011001110001000101100001100010011000100100101110000011001010110100011011001111001100001101001100100000011100010011101010111010100100100000010111110000100011011100010111011010010110110100101111101
11110001000000110100111001111111110100000001111111001011111101010010010010110111001100000101101100111011111110111010101101101011101111100000100101001001100001101001100111011001111110110111011110101010001000101101101111011100010111101110000101110000010000110000110101100110001
10011111011010010101101100000011000101101101001100011111000001010111011110100101101111111101000110001110000000001110101001100000101001110101101101101100110101100011110011010011000010000011000100001011111110101000100110001001000100000011110100010111010110011110010111101100101
11000000001111110001000111011110011101001101011001000001101101000001000110101101001000001001010010100110111111100110101100111110101100110111001101101110011100111110011010010110011011101001110101111000100010001110110011101011011111111000110101110001111111000011010011001001101
11011111100101000111011110011000110111011001001011111100101101111101010010100101011010101011011011110100000100110000101110000010101110100010011000100011011001100000110000110000110011001100100100011110001011111010111011001001110001001011100100111011000101111010011000011011001
10010000110001011100000100110011100010010011101010000110100111000111111000110100010010101001001010000111010001111010100000111110100100001010111111111011010011001101100110111111110110011111101111000011111001000010011010011100010101100001001110001011010001010010111111110001111
10110110011011010111110101110110001000110110001010110010110000010010101010010101010110111101111010110100011111000010111101110000110001101110110001000010010110011101001110100001100011110000100011011110001100010111010010111110110100101101011111101001011101010110011000010100001
11110011000011010000100100100111111011100100101011100110011111011000000011010111010010100001000010111110110001111011110001000111110111111000100101110110111100110001111100101100101000111010110110001100101111110100010110011010010110111001000100101100011001010111001010110111011
10000111101110011010001110101100001000110001111011001100110001001011111111010001111010001111011010000100110100011000100111011100011100001101101100000110010001111011000111101110111010000010010110101001100100010001110111001011010010110011010001100111110011000001101010110101001
10111111001000110011101000101101101110011111100010011110110101111110000001011100110011111100011111110111100111001110001110001101001001100001100111110011010111010010010000001010011111110111010100111011110101011111000101101010010110100110011011110101100110011011001010000101101
10000110011011100111001011101001000111010001001110110000000100001100111101110110100110010001000110010011001101100011011000111001100011111111001100011110010100010110111111011011000100011100010001100010110001000001011100100010110010111100111000110101001100111010011010111100101
10110011011001110010011000001011110011010100011000011111110101101001100100000010001111000111110011011010011101111001001110101101111000001101011001001100110111000000010001110001110101001001110111001110011111111100010001110110011010001001101110010001011001110010111110100001101
10111001001011011010111111111011011010010111111101001100011101101011110110111011111001011101011000001000110001001101100100101000011111100100001011100001100110010101110100010100010111101011000010011011000010000111110100110011000010101101000011011011001111000110000100001011001
10001101101001000010110001000010011010110100000001101001001000100000110010001110001101001100011101101111100101100100111101101011001000110110100000111111110011110111000101010101110010000001011110110001011000110000110110011011111110100101111001010001100001101111110111111010011
11011101001101110110010101110110110000100101111100111011101101111110010111100100100101100001110101111000110100101110001100100011101101100010111110011001011000111100011111010100111011011101000100100101001111111110000111011010000011110100011101000101111100111100010000001010111
10001001011100110011000101000100100111101100010001100010100111000011000110110001110000111101100100000010000110100011100110110110000100111011110011001100001010001110111000010110001001110001011101101111101101100111101100001010111000100111010101111100000110010001111111101110001
11111011110110010111111101101110101100001001110100110110110010011001110100011011011011110000001101101111111100111000110010011100110001101000011001100101111010100100010011111111101100011011110001100000100001001100101111111010001110001101000000000111111111000111101001101100101
10000011000011000110000101101100001001111111000101100100011011011101000001110000011010000111111001100100011001110010100111011001111100101111001100110100000011110101110110001010000111001011100111001011111100011001101000100011100011101101110111010100000011101100000011001001101
11011001101001111100110100100101011011000000010101001101001010000101111111100110110010111100001100110111000011100111101110010011000110000001011110000111110110000100110000100010111101101001001101101000001111001011100010001110111001111001000011111101110110001101010110011011001
10011111001100110101110110110111110001110110111111011001011011110100000000110111100110001101100111100011101110001101000010110110010011111111000011010001100100110110011111111010001000101101011100001011101001101000111111111000001100010011011010000101100100101001010100110001011
10110000011110000001100010110000000100010111100010010011001000100111111110010010001111100100110001101000101000111000011010011100111000000011101001111100111101100011001101001011100010000100010001111110001011001010001100110010100101010110001110110100101101101011011101110101111
10110111110111101101001010010111111111000100001000110111111110110001000011011010111100110110111100101110101110110011011111010001111111111000101100101110001001001001100001101001101111110111111011000100100001101011111001100111111101010000111000100110101100111001001001000100001
10000100100000100111111111011110001000011101111111100010000010110101010111011110001001100010010110101100100110010111110000011011111000001110100110100111101101111111111100001100111000110001000010010101101111001000000011001100001111010111101101101100100110011101101011110110111
10111110001010110000100001011000101111110001000110001110111010011101010100000011100011001111010100111001110011010110100111011010110011011100110100110000000100000000000111100110011010011101011010110101111000011011101000011101101000010000001001000001110011000001101011100010001
10001011111010110101101011001010100100010101010100101100100011011001010001101001001011011001010101100011011010010000101101110010010110000110111101111111110110101101111101110111000011001001110000100100110011110000101111010100100011111010101011110100111001111111001001001011101
11100011000010011100001001101011110001010111010101100001101011001011111100111101011110010011010100101111001000111011101000100111000010110010001100110000100011100101000000010011111111101100011111101110000110011110100010010110111110110011111000010110011100000010011101011001001
10111000011111001111111101001000111111000110010111001111001001101001000111110001011100111010010110001001011110101000101010001101101110011011100110100110111001111100011111011010000000100111000101101111111111010000111011010010000100100110001011011111000111111011000101111101011
10001111110011100100110101011010000011111100110001011000011011101011010100010101001001100010110111111100001100101110001011011000100111010010110110001100011101000111110001011011111101110001110100100100000110010111101010010111110110001110101110010001011100010011110100100001001
10100100011000110110010100010010111010000101111101110011010010001011010001010111100011001010010001000101100001100011111011001110110010010110010010111111001001010010000101000000100000010101010110110101010000110010001010110000110110111000100100110101110001011000100110101111011
10110101001101110011000111111011100011010100100101000111111110111000011111010010111010011011010100010101111111111011000001101000011010110000111010010001101101011000111101111110101010111101000100110101111101111011101010100110010010001011110001110100010111001110001100100101001
10010001111100011001101100001001110111010110110001101110100000100011111000011000001010111110010111110101010000011010010101101101110010011110111010110100101001001111100100010000001011100001110101100100100100101011001010111111011011101000111011000111010101100111111101110001011
11011111000001001100101101111101000110010010100111000010101111101011001011001111101000011000110010000100000111000011111101001101100111000100010010100110001011100000110111011111101110001111100100101110101110000000011010010001010011001010001110011100010001110100010001000111001
11000110011011011110100100001001011100111010110011101010101000111001011010011000101111010011100110110111111101111000000111011001001111110101110111101111111000101110110001011000111100111000001110100010000010111011111011000100010110011011011100110001011100010001000111111100011
10010010110011001000110001100011011001110000100110101010100010001101001010110010100001010110111100100100110000001111110011010011011010000101000101001000011110101100100101001010010001101101111010111011101110001110001001110101110100110011000101111011000111011111111101000001001
10111010011010011011100111111110001011011111110010001000111111011000011011110110111101110100000001101110000111011010111000010111001010111101011100011010110010111001101101100011000111001001000000000000100110100100101100110111000111111110010100101011011101010110010000011101101
10001011010010110010110100000111101001000000011000111110011001001111001000000110100101000110111111001010111100000010001111110001101010000101000110111110100110100011000111111111111100011011011111111110110011111101100110100010011110000100110110100010001000010011000111000111101
11011000010111100110000111010010101101110101111111100000110011100011101111111100110101011110000101011000011001111011100000111011101011110101101100100000001100001110010000000110000001011001110000001100111001000001110000110110111000110110111110101110111011111000011101110011001
10001111110110001110111100011000101001100100101000001111100111111010001100000001100100011000110101011101110011001010001101100001001000100100100110110111101111111000111101110011010111001100110111101001101101011111011110011100100011100110100010100110010010001011110000011001101
11011000010010111000110001111110101100111110100011111000001101010010111001111111001111110011100101000111000111100011011100111100011010101101110000100011000110000011100100111001110001111110010001001011001001001010001011001101101110101100101000110100110110101011010101111100101
10000011011000110011100101001010101110001010101110001011100100010110100011011000011000110110001101110011101111101110000110000101000011101000011111101001010010111110001110101100011011000011011101011011101011101000100011011001001000000001101110110101100011101001010100010110101
11111111011111100110111101100000100011100010100011011000110110110100101110000011010010100111011000011010000011001100110111110111111001001111011000001101111010000111100100100101001011011001000001010001100011001010111110010011101111110111101011100111001110001101000101000010111
11000100010000110100001101111111111001111010111010000010010010100101100011110110010110001100011111001000111110011001100100010110001111011001001010111100011011010000110101101111101010001101111111010100111110011010100010110110100000011100000010001110011010111001111111011010001
10010001110110010001100100011000001100010010101011111011011000101111001001100010110111111001110100011111100100110011101101110000100100010011101110110111010001111010010101100011001010111100011000010110000100111110101000010010101111010001111110101000110010001101000001001111011
10111111010111011111110111001011100111010110001000001011001011100001011101001110010100110011000001000100110001111111001000111111110101111000100100000001011100001011010100101010011010110001110011111111110001100010001111111010000100010111001000101011111000100100011101100001011
10001101000101000000010011100001110011010011011111101001101001111101110001011000110110010111010111110110010111000001011010010001000101000010110111110111010111101111000110101110110000010101100111000000111111101011111000011010111101110001101011111001000010110111110100110101001
11100001101101011011011001111101000110010110000110001101101111000100100101010010100111010100010101010111010100010100010011000100011101011010010011000011010110100110011100101000111111110111001101011110000000001011000011000010010100111101001000011101111011100000000110010111101
10111100100001011001111101000111011100110011010010111000100110010110111101110110101100010111110101000101010111010111110111111111110001001111011001111010010000110011110001101011100000000110011100000111111111111001011111011111000110100001011111000100001010001111110011000110001
10010110110111001111000100010100011001111001011110110010110100110010000100010100100111010100000101011100010010010001010100001000000101100001111100101010110101111001100111001001111011010100110101110101000000001100010101110101110010101111010001101111101110100100011001101100101
10110000100011100110010111110110110011101101000100011111100001111111110101010110110110010110111100000001011010111101010001101010111111111100001110100010110100001100001100011011000010011101110101010100011111011111110000100001000110101000000101100000101000110101001011101001101
10100111111010110100110000010110100110001101010001000001111011000011000101010010100100110010000111111111001011100001011111001010000011000101011000111110100110111111111001110010010111010001010101010101110000011000011110001101101100101101011100111110001011110101101001001011001
10101100010000010001111111000010101100100001010111111100000010011001011111011010101101111010110011000011101001101111010010011011101000010111010011100000101110000011000011100110110100010111000101010111000111001111001000111000111101100101001110000111111010100101101101011001111
10100101011011011111010001111000101110101011111100001110111110111100011000011010101100011010111010011010001101001000000110111111001111110011000111001111101011011110011000001110100101110011010000010001010101100001100011110010010000110101100111110010000010001100101101001100001
10110001001110001001000100011011101000101110001001100010100000101111110011110010101001010010100010111011111001011011110010000001100000011001010000011000100001000110111111111010101101011001111011011101011100111100101010000111000111110101110100011011011110100110100101100111101
10011111101100101100010111110010001101100100100011111011101111101011000110100110100011010111101010001000110011001011011011111100111101111101111111110011111011110100100000000010101000001100001011111001000110000110101110111111111110000100010101001001000011111100110101110001001
11010000100101101001111100011110111101001101111110001000001100001001011110001111111011110101001011101110100111101001000000101110000111000100101000010110000000100101111111111000101111011111101110000011110100110010100010000010100000111111010101101101101000110001110100111101011
10000110110111100011000101000010100101111000110000111111111001101101000011011001000001100100011010100010001100001101101101100011110110010110100011010000111101101101000110001110100001001000100000111110000101110110101011111010101111110001010111100100111110100111010110011001001
10101110110011001110010101101000110100000011100110011000000011000100011010000011011111001101111010111011111001101000111111001011010000110010101001110111100111000100010010101100101101100010111111100111101111100100101001101010100001000101110010001110001100101100010011110011011
10101100011001111000110101111111100001111111001111010011011111110110111011011110001010011001000000100011000011001010000100011000011111111000101100000000001110011111111000100111111101111110000000110100001000001101111101001000111100010100111011011011011001100001011001000111001
10101001011101000011100100110000111101010101100100011011011001000010010011000110100010110011101111101110011111101011110001111101000100001111100111111111111000110000101111110011000001000111111110110001111101100100100001011110001111111110001001010011010011111111011011011101011
10101101110101011111001110000110001001000100001101001110010011011011110110010011110110111000100100001000110001001001010111000101110110100000110000011000001101100110000110111001011111110000000110011011100001101110110111010010100100101011101101000110010111000010001010010001001
11101001100100010010011000101100101101101101111001100010110111011000000100111001000100100010101101111011110111011101011100010001100010101011111111010011011001001111110010001101011000100111110011011010001100111010000100000111110110000000101001010100110110010110111000111101101
10001011001111111000111111111001101000101000110011111010100000001111110111111100011101111110111001001011000100010100010001111111001010111110000010010110001101011100011000100101001010101101011001000010101110010011111101110011010011011110100011011101100000110110101110100001001
11011110011010001011100000001111001110100010100110000000110111111000011100011111110001000110011011011000011101110111010101000000011010100000111010110011101001001001011111110101101010101000001011111111100111000111000000110110011001010000111111011001101101100000001100001101011
11000100110000101001111011100110011100110111101100111111100000010011001101001100011011010011001001001110110001010000010111011111110010101010011010011010000011101011010001000101001010101011011000000001111100011101111110010010111101011110001000010011000111111101011001111001001
10010001110111111101010010110010111001100100001001100001111110110111100001100001001011011001101101011000100111000111110001110000011000101110110011001011111110001001000100010100011010001110001111101100011001001000100011011010011101000011101101010110010011000111110011001011011
11010111000100010100010110011010100011111101101011001100000111100000101111101111101001001100000101010011101100011100011100110111001110100111100111101000001100111101110111111111110011111000101101001001000011111010001001001011001001011001000101010110111110010011100110011010001
10010000010101000111000100111000101110001001001110011111110010001011111000111000001101101110111101010110001001110101000110010101100011110011001111001111100101110100100110001100000111000011101001011111111111000011101101101001101011111101110001110100011000111001001100110010111
10111011110101110001111101101111101000101101111000110000111000111010000010010011111101001000011001010100111101000101110011010001111001000110011110011000110001000110101100101001111100011110001011001000000001101111001001001101001000110000100111000101001010011101111110000110001
10110010000100011100100000101010101010100100110011100110001111101110101111000110000001011111110011000101110000010100111000011100001100011100110100111010011111010100101001100011000001110010111001100011110101000010011011011101101110011010110011011111011011110000010111101111011
11100110111111001110101110000010001010110110010110110011101100001000111011111100101111010000110110010100011111110110001111010111101111110001100001100011000000011101101011111111111011000110011100101111000111011110111010010000101011010010011001000010001000011111000101001101001
10001100100011011010001011111010111011100011010000011000100101101011110010000110100100010110100100111111000000010111100010000011000000111011001011001011111010111001001011100010000010010000110001111000010110001000110010111110001001011011001101111011101111010001110001111000011
10111001101000010011111010101000100000110110011101111010110001001010010110101100110101010010101101100001111101010010111011101001111011100011011111111110001110010011011001001000101010111111100100010011111100111011100110011011100011001110011101011010000001010100011100110011001
10011011001111110110010000001111101110010000110100110010011111011010110000100001110111010110101000101100000111011010011000111100110001101010010110001000100010110111111101101101111110001000111111010110000101110010001111001000111011100000111001010011111111000111000110000111101
11001110011100000100110111101100000011011111100110010111000011011010100111111111010001000010101011100111110010010011001110000111100101001110110000100010101000010001000100101101000011101110000000010010110000010111011011101011100000111111100011010110000001011101101111111101001
11100100110101110101110110001001111110010000001111010011111010001010001110001000011101101110101010110010011010110111100011110010001111011000011011111111111111111100010110100100011010100110110111011000111111110110011010101000110110000011001110010000111101000100100000010001111
11001101100001100100010010111011000111000101111100011110000010101011011000101110110001001100101010011011000000110101111001011010111000010011110001100000000100000111110100111111111010110010110110011111101100000100110000001010000011111010011011011111100101110001111111000100001
10011001111101001101011010001010010011101100000111010000111111111010000010100000110111101001101000111001111111100100001100011010001101110110100101001011010101110010000101110000000010011010010100110010001001110101100111101011111110001010110000000001001100011011000101111111011
10110011000001011111000011101010111001000111110010010111110001000011111110111111100100101011001110101101100001001110100101010010100100110110001100011110011100011010110101100111111111000011110101111000111011011101001101101110000000101110111111011101101111001000010001100101011
10010111011111000001110110100010011101011100011000110001000100011001000011110000101110001011011000001100001101011000110001110111110110010100101111110000110001010010011101001100010110011111000101101101110010001001011100000100111111101100000001011000100001101011111100110001001
11010010010001111101100000101111001001001101001101111011011111111101011001100110100011111001011111111001111101000010100111100001100111000101101000100110011011110111001101011110110000111000010100001100100111100011010001010101100001100001110100010010110101101110001110011011101
10011000110100100100111111100001101101111001011000100001011011000101001101001100101010001100001000110011000001110111110100001100101101111111111010001111001011000001100001001100000111100010111111100001101101001111011111110100101100110100011111110110100100100000100011001001001
11001111100110101110110001110111101000110011010010111011001010010001100100011001111000101111100010011111101111100100011101100110101001100001010011111011011010010101111111100110111110001110010001110100100100011000010000011110100110011110110000111100001110111111111011100011011
11100000001100101010100100110100001010000111011110001011101000111111110111110011010010101000111111010000101000110101001000110110101100101100010111000001110010110111000000110010100011100011000100011111110110111101110111001100110011000111100110000111111110110000110001111110011
10101110111001100010101110011101101111111101000111100010101010110001100101000110000110101010110000011010001011100101101110011100100110001111010000010100100110011110011110011010001000111111101101000001000100011001000101100001111011110000001111110011000100100110011100000111001
10000010010011001110001011000101111100010000010000111000101110010111001101011110111100100010100101111011111011001100100011000111110111101011010101111110001100111000111011001011111110110000100111011101011101000011011100111111100010111111111001011001010001101111000111110101101
10111111011001100011111001110100011001011110111110011111100011010110011101010000001111111010101101101000110001011101111001110000010001101000011100001011111110001011100011100000110000000110110011111001001111111111010001100000110110100101011100001101111111001011110001100000101
11100001001101111000011100100101010011000011101011010000110110000100110001010111111000001010111000100010100100000100011100111010111100101111001111111000001100111001101001111110011111111100100110001011100110000000011011111110100110001100000101011001000000011000100100111010001
11001101100100110011000110101101000110011000100001000110100011111101100111010110000011101110001110101010101101110111000110001110010110100001100110001011100110001101001011000011000100100001101100100010110100111111110000001100101100100101110101001100011111111101101110011111101
10011000110110010111011110001001011111110010110101111100101000001000001100010010111110000111011000111110111000011101110111100011010000101101110010101000110010101000011001101001110110001111111001111000110001100101011011101001101001111100110101100111110100011001000011001100101
10111010010011010100001000111011011000100110010101100001111111011011100110111010000111110100010011100010001111110001100100111001000111100100011000101010111010100011111101001011100011011100001100001110011101110000000010100011001100001110010101110011000111000011011111100110001
10001111000110010101101011100001110010101111011101001111100001010000111100100011110000100001111010001011011000010100101110101101011100101111001011101110101011111110011000011010001110000001101001101010110111011110101110111010011001100111010000011000010001110110001000110011011
10100111111100110111001001001111000110111101010001011010001101010110011001110111011110111111001010101000011101000110001100001001001110101011101110000100100010000011000011111010111011111101001011101010010010000011101000011010110011110000011111001010111011000110101010011001011
10110010001001100010011101011001011100001000011011010000111101010111110011010101000010011001011010101101001001111111111001111011011010101000100011110001110111011001101010001110001000000111101110001011011000111010001011000010100110000111110001101110101010010011101011001101001
10011011011011111010111001010011010001100010110010010110100001000010000110000100011011001100010010100111101011100001010011000010000010001010111000011111010100001100111110101100101101110011000100111001001011101011011011111110111111101110100101100110100000111010001001100111011
11001001000000011010001011011001011111111111100110111100101111110110111100101101001011101111000110110011001000001100000111101111111011011110001111001001010001111110011100100101101001011001110001101101101010001010010001000010001000100000101100111100101110011010101100101100001
11011101111011000011011010010011000001100011001110110001100000011100101101111111101000100001110100011001101101111111111101101000001001010100100011101100011111011011001001110111001011001100011111001100100011101010111100011011100010101110100110001001111011001110100110100101111
10000100110001111111110010111011111011001010011010010100111111000101101000011000001110111100100111011100111001000000000100001010101101010001101001001001001010000001100011000100011011101111000000011001111110001000100111110010111110100110110111101011010001100100110110110001011
11110110011011000010100110000010001001111000111011000110010001110001000011001110111000110110110100001110000011011111110111011011111101011011111101011011100010101100111111101110110010001001111011110011000010111111110000010110000110110011100100001010000100110101100100111111001
10010111001110011000001111111010101100011011100011011111010100010101111111100000101011100010100110111011111110010010110010010010001001000010110001001011001011100110110001001000110111100011001000100111011000110101100111000100110100111001001110111011110111100101110101100001101
11010001100010111111111000011010100101001000101110001111110111011111000000111111100000001110101100010011000111011000011000110110100011111110000101101010011000110100100100011010010000101010011010001100011101100001001101111101110101100011011010100001100100001100100100101100001
10011101111000100110001101000010110101101010000000100110000001000010011110001100001101011000101101000110010011001011011111110010111111000110101111001110111101110111101111110011011010001000110011011001110101001011011000001101000100101110010000101101001101111110111110111001011
11011001011111110100100111010110100111001011111111111100111111110110111011100111111001110011100111101100111001101001000000011010011000010011100110011000100100100100001000010110001111101111100110001100000100011110010011100001011110101100110111101001011001000100110000110011001
11010011000000000101110011111100101100011011000011000101100010100010101010110110001111100110110011111001101101001101111101001000110011111001101100111011101110001101111111000011101100001000111111100111110101111000110110111111010110111001100101001011000011110101100111100111011
10010111011011010100011000001001100101110010010110010001001110001010101000110000100000101100011001100011100001011000001001011011100110001101001001100010000011011101000011011110100110101010000000110001100100000011100110000000010010010011001100011010010111000101001100110100001
10110010011011111111001101101100110001010110110100111111100010111010100010011111111110101101001100001110110111011111111011110010101110101001111011001110111000010001101010000010110011111011111101100100110111111010001100101111111011000111011001110010111100010101011110011101101
10011011001000000001101100101110011111000011100101100000001010101010110111000110001100100111100111101100000100000100001000010110001000101011000010011000101111110111101011111010111001000010000000001101100010001011011001101000011011111100010011000110101001110101010011000001001
11011001101111101111000110100111001001011110001101111110111010100010011100010100100001110010110000111001111101110101101110110011011011101000011110111011100000010110001010100010101101110111111111111111001110101011001011100011001010000101110110011100100011100100011011110111101
10001100101001101100010010110101101100010100101001000010100010110111000101111101111111011000011010010011000111100101100100010110010001111111110000101001001101010011011010001110000100100100011000000000011100101001101011001111100010110101011100110001110110101111110001000100001
10100110101100100001111010100000001001110001111011011011101110011101110100000100001010001110111011110111110001001100110101010011011100010000000110101101111001011000010010111000110110101101010010111111111001101101101001111000111010010101000001100100000100100100011100011111011
11110010100110111111011110111111111011011011000010001001100111000100000101101111101000100110001000000100000101011101100101111000011001000101111111100000000011001111110110000010100010101001000110101010001101100100101011000010001011010101110111001101111101110101010001111010001
10000110110100000000010000101101100011000010011111101100110101110001111111101000101101110011101011111101110100010101001100011111110011101111000000111110101111101000010111111011111110100011111110000010100000110110001110011111101110010001000100011001000100110001010111001010111
11010110100101111111010110100101001110011110110011001110000000111111000000001011100100011000001000010100011101110001011101000011010110100010010110001000111000111011000010001001100010111110000010101010111111110100100110110000100010111111101111110011010110011111010100011000101
10011100101100000110010011110000011100111000111000011011111110010011110101101000110111111101111111010101000100110111010001110110010100101000111111101111100010100011111000101100101000110000111011111110110101000110110010111010101000100000101000111110010011000101010101000010001
10110001101101110100111000010101110001100011101101110000000111011001100111001101110010001100010101010001110101100010010111000100110001111111100001000011001110101000001111100111101011100111101000000010010001011100011110101010111111101110001010000011011001110000000101111111101
10100101001000010111101111011101000101101110000000111111110000011101001110011000011010100101000100011111000111001110110010010001111101000011001101101001011010101111111000110011001110001100001111110111011011001111111000100010011000101011100011110110001100011111110101000010001
10101111011111010001000011001100010100100111111010000001100111110000011000110011011010110111010111000011010100011010111010111011000001011001011100111100001010101000010010111000011100111101101100010001001001101000110011110111000010100000111110010100111001000100011101011010101
10100110000011110100011001100111111110110010001011111101001100011101001101100110001000010010010001111010011101110010011010011110011011001100000110001001100010101011000110011111010101100101111001011011101100101010000110010101111011111110100000110001101111110001000111001011111
10110011111000100111111100110100001100011000101000011001011001000001011000110010101111111010111101000000111000110111001011000000110001101111110011101111001010101011111111010001110000110000010011000010100110100011111111000100010010000010110110011111001000110101110011011000001
10011000011110110001000110010101100111001111101111110011010011101111110011111011101000001010001101111111101011100001101001111111100100100000011001100011111010101000100001000100100111100101010111111010110100111111000011101101011110101110000011010001011010011100011000001101101
10111111000010100101010000110101110011101001100100010110011110001010100110110001101101011011100100100011000010001100101011100011001110111111011100111000010010001110110101111110001100001111010010001010110110100001111010100001000000100011111110000100010011000110111110100111001
10100011111010111111010111100100011000101100110101000100111000111000101110011101000001001001110110001000011110111110101010001001111100001000000110001011011111111100100111000111111111101010011011011010100100001101100000111111111111111010000000111111110111110011100011110011011
10101000001010100000011100001111011101100110010001111101101011100010101011001101111111101101010111111111111000100010101010111100000110111011111111111111011000001001110100010011000000100010111001000000101101011000001110000110000100001000111110100001000100011001001000111001001
10101101111010110111010001111001000101110010111111000101000001001011101001100101000000111001000101101000001110001011101010100111110010011010001000010001010011101011110001111010010110111010001101011110101101001111111011110100110001101111100011101101101101111100011110101101101
10101100000010110011010111100011110100011000100000011101111101011111001100110000010110110011011100001011100011101000101110101101011011001000111011000100010111001000100101101000110110001110100101110110100111011000100000010101111101001000001000001101101000000111110010000111001
10100111111110011001110110001000100111001101101111000001000001000001011110010111111110010110010110100010111000101101100010100000001001111101100011111111010001011110111100001111100100100110111100010000110000010010001111010100000111011101111101101000001101110101000111110001101
10110101000011001101000100111011101100011100100101111111101111011100010011000001100011010011000010111110001110101100110110111011101101100001001001100001011101010010001111101100001101110010000111011110011111110111111001010110110010000001010000111110111000100100010100111100001
10110101011001100101011101101000000101010101110100010000001000010111111001111101001011011001101000100111011000101001110000100010000101001111011011001101011001000111100011001001111111011011110001000011110100100100001101010010011011111111000110100010011111101101110001100111101
10100100011011110001010101001111111101010100010001011110111011110000111101000101011000001100111111110100000011111011011111101111110100011100011110011001010011101101111001111011010110001000111011111001100001101101100001011011011000001000011111101011110001101100111011001101001
10101110110000010111010101100101001001000111011111000010110010000110011000010101001111111110011000010101111111000000010001001001100111110001001000111101110111000000001100001010010000101110101010011100001111001000110101001001001111101111110001101001100100100001100010011100011
10000010010101110010010101110001101011110001000011111000100110111111001110110111011100011111001110110001011000011011110100011101001110100111101011100001100001111111100111101011010101100010100011010111011000011011100101101101101001001000000100101100101110111111001000111001111
11111011110111000110110001000100101000011111111000101111101100010011101000100010011001001101100010010111001011001110000110110000011000101100001001111011001100110000110000101010010101111110001001000001000011111110001100100101000011011011111110001110001000100001011101100011101
11001000010100011100100111011110101111000100001110000011000101011010000011111011000011101000111011010001100011100110111100100111111101101110101100110011011110010111111101100010110101000011111101010111111110001100111110110001010110001000001111111011111011101100000111001110001
10011111010001111001101110000010100001101101011011101001110111001000111110100001111111000010100010011101110110001100101001110100000000100011111110010110010011000100000100111110100100011000101101010010000000101001100010011111111100101111100100000010101001001111111110011010101
10110110011011010011000011111010101100100001000010001100010001101111100010101111000100011111101110111001000111111001101011000101111110111000011010110100111001101101110001100110001111111110100001011010111101101011111011000000001101100000110001111000101101100000011000110000101
10110011001001010111111001000010001110111111011110111111111100100100001010001000010001110001101000110011101100001011001011110100010000001011010010100101111100111001011101001100111000100010001011001010100001000010000001011111100100111101111111001110100100110101000011111101101
10011001101101010100001100010111111010001001001100000010001110110001011011011110110111100100101010000110101001011010011001100101010111111110000110101101011110010011011000011001100010001011111001101110101111111111010111010001110110001111000000011000110110011101011110001100101
11001100001000010101011111110100011011101011101001101010100010011011110010000100100100001110101011111110001011000011001100110111010110011000110100101001001000110111000011010011110111011110001111000110100000100001110010010101000011101000011111010011100011000111000000100110101
11101001111111010001000110000101001001001000101011101110111011001001100111110101101101111010001000101000100001011111011110010000010100110011100101100011100010010010010111110110000101110000100110010010111011101100011000110101101000001011110001000110001011110001111111110100101
10001011100001011111110011011101101100011010100000111000010001101100101100010100111001000011111110001101111111110000011011011111110001100110001100111111110111011011111110000111010001100101110100111010011000000111001101100100111101101000011011111100101000011100100001100101101
10101001001011001000011001111000100111011110111101100011110101001111101111010001110011010110000011101001000001100111010010010000011100110100111001100001110101001000000100111101010111001100011101110011001010110011100111110110001100111111000010000001111101000110001101001100101
10111101101001100011011100110010110001000110000111001110010111011000001000011011100110010110101001101101101100101100000110111011000110010111100011001100100100011111010001100000011100011110111000010111011011111001110001100011101001100011111011110111010101111111111001101110111
10000100101100111110010110000111111101110100110010011000110000010010111011010010001100110011101101001001101110001001101100101110010011010010001111111110001110110101111111001101001001110000100011110110001110001100110100111010101111001010001000000100000001100000110011000110001
10101110101001100011000111011100000101010111111010111110111111111110010011110110111001111001101111011101001011111011111001100110110110011000111000000000111000100000100001011111101011011010101110110011011000101001100110001000100000011000101111011101111111001110000111110100101
10100000101011001001010001110001110001010100001010101000100001000111010110000010010011101100100001001000011011000010000011110000100010111111110011111111100011110110001101000010001001010011101000011000010011101111001111101110111111111111100010001111100011011011111101010101101
10111111101000011111111100100101011111010101100010100010110100010011010110111111011110100110001011101010110010010110111110111011111010001100000110001100001010000011111100011010111100010111001011011111110110000001111000000010010000010000111000100100001000010010100101000111001
10001010001111000010101101101111000000010100111010001110011110111000010010001101000100001111111010101111100110110100100000000001101010100001111100100110111111111001100101110010100111010101011110010001100111111100001011011111011101011110101111111101111111111010001100011110011
11100011011101111000100000100110010101110110011111111011000010111111111011100101110111011000000000100000110000011101110111111100101011111111000110110100100110001100001100100110110011010001001000110100101100000111101110001101001001000010000011010001000010001000100001110000111
10111010010001001110101111110011111100010111001000100001111010011011000001110000010011011010111110111110011101110001100010000110101001101010010000110101110010100111111110101100011001011011101011100110101001101101100110100001100011111011010110010111011110101011111111011101101
10001011000100011000100001111000001111000101100010001101100011001010011101011101111001001010000111100011000101100111001110110000100011001000111111100100011000110100001000100111011101001000101010001100100011100100110100111011111111001001010000110010000100101000010000000000001
11101001111111001011111100101110100001011100001111011111001001101000110000000100111101101011110100001001110111001101011010011010110110011010000110001110110010010101101101110001001001101110001010111101111110110110010111100010100001011101111101111010110001101111010101111111101
10001100010001101001010110001011111101010001011000001000011100101110100111110110011000100000010001101011010110011001001011001111100110111011111100111000100111010001000111000101101100100111111010110100100000010010110001110110001100000100100001111010011111000001011100101001101
11011111011011101100000011101001001101011011110011101011110110001100101100010011001110111101011111001000010000111101101011100011001100100001100001100011101101011101110001110101000110110010001010100110001101111010111100110110101111110110101100110010110001110111000110100011001
10001011011000001001101110001100011001010000111010001000100011111001100101011011100010011001111000011111111111101100101001110110011101101111001100110110101101000111100100011101110100011011100000001110111000100010000110010010111000110010100110010110010101010001101100101000011
11100000010011101011000110111001001011011101100010111110101001100011110101001110111011001101100011011000100000100101101100010010110101000110011110100110000001010000111111001001010001001000111111101100001011101111101111011000011010010110110011010011010100011100100101101111111
11001111111000111001101100011011011010001111001010000010101100110111010101100000100001100111001001110010001010110000001110111010010000010010110110101100111111110110110001100011011111011110001100000111111001001001100100011011010011010110011010011011010111111001110101101010001
10011100001110011101001001110001110010100001011111110110100110011100010000101011101100110100011111000111111010111110111010001011011110111110010100100110100001100010010100111110001000000011101001011100000011011100110001010001110110010011001010111010010000100011100100101000101
11011001100111001001011011000100100111111100010101000010101111011001011011111001000110010101110100011100010010100010001000101001000011100011000101110011101100111011010110000100100010101110101011001001111011010110000111111111100110111001100011100011010110101110101110101111101
10001011110101101011111001010101101100000111110000011110101110010011001110001100010110110100110001110001110110001011101101101101011000001011010111011010001110011110010111110101111111111000001011111011000010010010111101101000001100001100101110001010010100100010001000100110001
11100011000101001000001100011111000110101110000111110000100100110111101000100111111100100110000101000100100111111001000000111101001111111001110000001000101011000111000001100100100010000011111110001010010110111010001100000011111111100110001000111110110101111000111101110010111
10111110011100011111011111001100011100100010110100011011110101110001101011110011000110101100101111110101101100001101111110010001100100001100011101011111111001110001111100101101101010111110000000101011110010010011100111011010001010110011111011101100100100101111110100011010001
10100010110111110000000011101001001001111011100001010000010100011011000010011000010010100101100011000111001001100001000011010100111101011001000001110000010011011101101110100111001010011011011101101000111111011000110011001110100010011000100010001001101110000110000111011010101
10101010010000011011110110001011101011101011001111110110110111010001111110111111111011110111111001010110011011111111011001010111100001010011111101000111000110000100100110110010011011001000000100101010100001001110011001101000111010111110110110111011001011010000110010010011101
10001011000110110011000100111000111000101001011000000111100101011100001000000010101001100000011101011100110000000000011101110100001111010111000101011101110000101110110100011000110001101101101110101110101011100111001100101010011010110000100010010010011001011111111010110110001
10111011011110100110011101101110011110001101110011111100001101000110101010111000101100111101010000010001100111110101010000100101111000010001010111001000011101101010110001111111111011000111111000100110001001110011100110101011110010100111111010110111010011010000110000100000101
10001001110000101110111001100011000111100100000110000101111001110010101110001110000110011001011011010101101101100111111010001101001011111011010001100011111001001010011011000000110000010010100010110011011100011000110100101001000110001100001010000100000110010110011111111111101
11101100100111100011100011001011110001101111111100110100101100011010100011100111110011010011001111010111001000111100001011111001101010001110011011101001000011011011001110011110011111111000110111111001110110111110100101101101011110111001101011110110110010111111010000001010001
10000110101110001000110111011010010101001000000001100110100001010010111001110010111011011011100001010001011010011001101111000011101000101000110000111101011110010001100110110011000000001110000110001100010100000010110000101001011000000011001001100011111110001000010101011000111
10111100100011011110100100010000110100011011111111001100110101010110101100011010000001001000101101011101011111010011100001011110001111100011100110011001001010111100110000100111111111100011111100100111000001111010011110001011001011111110011100111001100011101011010111000011101
11100001101001000110001110111110011111110010000000011101100101110100001111010010111111101110111001111001010000010110110101001100101100111111001111001101101010101001111111110110000000111000001001110011111011000011000011011011101110000100111110011100001000001110010011111111001
10001101111101110010100000100011010001100111110111110001101100100101111000010110100001100110100011000011000111110100100101101001101001100101011001101001001000100011010100110000111101101111101100011000011110011111011001110000100110101101111011000101111111111000110110100000011
11011000110100011011111111101011010100001101100101000111001101101111100011110011101100110100101111101111110110000110101101101011000011110001000011001011011011110110000001100111100001000000100101111111000011110001111101100110110010111001010001110111000010010010010000110101001
10011110010101001010000010001001110111111001001100010010011000100110001111011000001110000101101000001011100010111100100111001001111010000101111001111011011010000100111101001110101111011101110100000001111000010100010100001100011010110011000100110110011011000111111110011101101
11000011000111101010101011011100000100101011011111111010111110110000111000011011111011111111001011111001001010010110110011011100010010111101001100010010010000111101110001011100100100010000110101011100011111010101000111111001011010010111011110100100110011101110001011001100101
10010111110011001110111010001111111101100000011010001010001100011111100011001001010000011010011000001100011111010000011000010111010110100001011110110110110110010000100101000101110001110110010111000111001010010111110000001111110011000010010110101101110110001100100001100110111
10110010000110011000110011101001010001001111110000100010111001110100101001111100011011000000111011100101000110011101011111110000010100111011000010000010110110110111101111110001111111010011010010010001101000110010011110100000010111111010110010100000010100100101110100110110001
10111011111100110011100111001100000111011000110111111110001101100001101100001111001001101111110001110111110011000111000010100110110001110011101011111110011100100011001000010100110000011001011010111111001011111011000111111111010101100010011000101111110101110100010111100100101
10101010001101110111001110011001111100010010010110001010100101001011000111100001101101101100011011010000011001110001101000101100111111010110001000000011000111101110011010111110010101011101011011100011011000110010010011000001000100001110111011101000100100010111010000110111101
10001010100101100101011000110011000001111011010100100000110111011010010110111011000111001001010000011111001111000100111010111001100010000010111111111011110010000010111010001011011101001101110000001010010010000110111010011011111101111010110000111010101111010011011110000010001
10101000110000001100000010011000010100000010000101101010010000001000110000001000010000011011000101000001100000010110000010000011001000101000100000000000011000101010000010100000000001100100000110101000110111010100001000110000000000000000100110000010001000011000000010101000100
11111111111111111111111111111111111111111111111111111111111111111111111111111111111111111111111111111111111111111111111111111111111111111111111111111111111111111111111111111111111111111111111111111111111111111111111111111111111111111111111111111111111111111111111111111111111
