11111111111111111111111111111111111111111111111111111111111111111111111111111111111111111111111111111111111111111111111111111111111111111111111111111111111111111111111111111111111111111111111111111111111111111111111
00000001000000000010100000110000000100000100001010000010000000000010000010000001001011000100000100000101000000010010100000000110000001011000100011010000110001000000011000001101010101001000101000110000001000001000001
11111101111101101110001101100101110111010001101000111000111011111011010110101101100001011101110001011100011111000110001111101100101101001010001000011010000101110111001101100000000001100010001010011110101111101010101
11000100011000100000101101001100010011011111101011101111100010001001010100101000111101000001011111010001110101110000111000101001101101101011111101000011111100110101101001110111111100101111100011000110100000101011101
10011111001011111101100100011111011000010001001010000010110111011101010001101110110001011111001100010111010000111110010010101011000100001000011001111110010110100101101011000101000110001001111111110010111110100001001
10110001101001000111110111110001001111110101111011101000100101001001010100101100010101000010011001110101000101100011110110100001110111111111001101001011000100101101001001010100010111111100000100011000110000111111011
10010100001111010010000011011011100000000100000000101010101100011011111110100111010111111011001011000100010101001000110110110101010001000001100101100011101101101100011101011111110100000110110001111111100111110001001
10110111111000011011111010011010111101010101111110001011101110111010100011110100010000110001011000011110110111011110010100011100011100011100110101111010000101101001110001011000000001101100011100001100101100000101101
10100100000011110000001000110010000111111101000011111110001010001010001001000101110110011101011111111010110110010011000111000110110111110110000100100010110100101101011101001110111111000110110111011001100111011100101
10101110111000110111101110000110110100001001011001100000111010100011011100011101000011010001000001000000100010111001111101110110000100000011111110110110100110100100000101100010001101110010000001000011110010010110101
10100100001110011100100111111100100110101101001100001111110010111111001111110101111110000111110101011111101010011100010000010011010111101110001100110000101110110111110111111010100100011011111111010111011000110110101
10110101100011001001110101000001101100100101100101101001100110010000011000000101100011101110000101001100101111010001000101011001110000001000100110011110100010000110010010010010110101000010000010010000011111110100001
10110101101001101101000100011011100101110100110111001100001111010110110011010101001001001011011101100110000100011101110111001100011111101011110111001100101111111100111011000111110101111110111010110101110000000101101
10010100111111101100011101111110110001000110010110011110111100010010011110010100011101011001010100110011011101111001010001100111011000001000010101100111100100001001101000011101000100011010101011111100010110110100111
11010111100001001001110000101100011111101111010011111000000101111011010000110111110101011100010110111001110001001011010101111110010011111111010000110000101101100011101111110000011111001000101000001111000110100110011
10010110001100011011010110100101110000100110011000110010110000110011011011110110110001001111010110011101000111011010011100001100111011010101011110011110100101111000001100011101111001100011101111101010011100101111001
10110100111111111000010100110000000101110011001110011011111010011010010010000010010111100000010011000101011100000011001111100001100000010001000111000000101100001101100101001001001011111110000001100011001101100101101
10000101110000101111010101111111011111011001101011001110001111001110110111111011010001111111111001110101001101111111100000111111111111000101110001111111100111100100110111100011100001010100111100111001111000110000101
10111101010110000001011100010001000010001101001001100100100011100100100001100000011100110001011011010101101001000001111010010000110001111100111011101000110000110110010011101110001100000001100110011101100010011111101
10000001000111111101001001000101011000100101011100110001111000110110101100111111110001100101000000010101001101101100010011000101100101000110001000100010011011100011011001001000111111111011001100110100101111110000001
11111111011101000001101111111101010011111101001110011111011110100000100110011000111100001101110111110101011000001111010111101100001101101110101110110111001000111011001100011111110001000010011001100110100101000111111
10101010000101011100100011100001010111000001101011000010000010111111110111010010011001111100010000010001001111101011010000101111111000100000111000100001101010001001101110110001100101101011001101001110110001011100001
10100000110001000110111001001111110100011111000001111010101010000000110001000111000011000111010110110111100001111001011110101010001110110111110011101101101011101100100011100100001101001111100001100010011101001110111
10001011111101110100101100011101000101110000010100011000111011111110011011111111111110010011010010010010111100001100000111101000101010010001100110001111001010101110111001101111111001100001101111101111000001100110001
10111110000111000110100111110001101100110111111111001110011000001011001110000010100011111010011011011010001111101111110010001111100011011011001100111010011010100010001101000011010011001011000000001101111101110010101
10110111010001010100001110100101000110011100001001100011001101100011101100110110001000010000110010001011100010101000011000111100001001011010011101110010110010110111101100011001010110011001011101111000110100011011101
10010100011101011111100100001100010011011001101011111011111001111010100101110000111111011101100110101001001000100010111111100101111101001110111001011010110110010000000101001100010011111101110000110010100101110001101
11000101111001000000110001111111110110001011101010001001100011010010110100011111100001000100111100101101111010111110001000110001100001100110101011000010000100111111111111101111011000110000011010000110101100111100101
11101101000011111110111111010001010011100010001000101100101111000110010111010000001101110110011001100100001110000111101011110100111111110000100001010111111110000000100000111000001110011111001111111110100110010110101
10111001011110110000101000000100010110111110111010100110101000010000110001010111111101000111001011111111100010110011001000000110011000000111111101010011000100101010101110001110100111010001100000001010001111000010101
10110011010100000111100011101101010010000010100010110110101111111110111100010100100100011101101001100000111011111010011010101111010010101100001101011000010101101010101011100010110001000100111011101011101001110110001
10100110010001011101101110101111011010101010110110011100000100001000000101110110001111110000101100001011100001000010110011111000010110111101100101001110110100111011101000111011111111011110001001001000101100010011101
10001100111111010000100010100010001011101010011111000101110101101111101111000011011000111010101101111000001100011010011010000010110011100000110101011100100101100011001011101010000011011011101101011110101001011001001
10111101100010010110111010111010101001111011001101110100011101001100000100011110001010000010100100001111111111111011001110111111100110001011110101110001101111001001011001001010101010001010001001000100000011111101011
10100101001000110010101000101011111101000001100000010001110001011001101101010000111011011110110110100110001010101001100110100010001100111110000100000111001000011111011100011000111010100010111111110111101110001101001
10110000011111111010001110001011000101101101111111011111000111010011001001111010011010010000100100111100101000001101110010101000111001100110110111111101100011001100010001011111110010111110011000100000111000100001011
10011010110000101011011011101000010000001001010001000100010100010110011011100011010010111111101101100001101101011000111010001111100011001100110010001000101111111001110111000010000110100011000010110110000011111101001
11001011100110100001000001001111111111111011000101110001111101111100110011001111110110011000001000110111101001110010011011011001001110011101100110101010101000011011100101111000111111101001111010010111111110000111101
11101111001100110111101101011000010000110000011100111111001001000101100110011000110100110011111111100100001100100111010010001101011000110100110100101010001011000010110101001111100001001100110011010001011000110011001
10001100011001100000100111000011110110011111110101100001100011010101001110110010010101110110000001001111101110001111110110111101011101110110011101101011111011111110000100011010001100011110011111010100010011111000011
11011001010011111110110001101110000011000000100001001011001110010111011000010111000101100011011100011000100111100110000110101001010100000011001001001000101000000111101110111000100111000011000100011111110110001111111
10010011010110110010111011000110111111111110101111011010011000110001011010110011111100111001000101110010110000110011101100000011000111011010011011011010001111110000100000001101110001011111110001110000000110101100011
11000111010100010110101010011100100110100110100100011010111011111101001010011000010110001101010100110110011110011001001001101001110100010010110001001111101000011110111111100111000101110000011100100111111100101001001
11111110010111000100101000111001110000001100110101010010010011010001101011001111010111011101010101100111000111001111011011111111000101111110100101100100101101010010010001110011010101100110110001101110000001100011011
10000100110110010101101111101011011101101001110111011011000110010111001001111001010101000001010111001101110011100000011001000000011100000010001100110110000001000111000100011001111100001100011111001000111011101110001
10110111100100110101000000101010000000111011010100010011111100110000011011000011000101111111110100011000011000111101110011011111111001011011111111100011101111110001111110111100000101011101001000011011100011000111111
10100001110111100100011011100010111010100011010001111010000001111111111011011001110100000000110001111101011110001111000110010000010011011000100000001011001000011101100010010111110111110001101011111010101001111100011
10101100000110001111011110001110011010101110011111101011010111000110001000011100000101010110000100001101000010100010011100111010110111110010101101111110011011010100101011000100100000100101101001000010101100110001001
10111111111100111101010000111011010011101010110000001001010001010100101011110111111111111100101111101001101111101011110001101010000110100111101001000011111011010110001111110101101110110111001101101110100111100101101
10001000000101100001010111100001010110001000100111011101010100010001101010100000100000000111111101100011001000111000010111001011111100001110001011011000001010010000100110110100001100011100011001000110101100001111101
10101101110100001011010100111011010100111011101110000101111110111111001000110110101011110011000100111111011010001110110011100000011001101000101001001110111010110110110000100111111001000101110011011100100001100110001
10100100111101111000010110001010010101100000000010111100111000101001011110000100101001011001010110000001001011101100110110101101110011101010101101101100010010111100011011101110001111110001100110000001111111001100101
10110110100000011111110100101000110100111111111110001110010011100011001011111101111101011101010010111111101010101001100000111111000110001011101101001001110110000101001110001010100010111011001111111111010001111001101
11100110001111110001100101101011110110000000100011100111000110110111101000000101000101010001011010010000001010001011001010011010011100111000111001011011000111110101100100101000111010000010011100000010000100100011001
10001100111000100101001100101011000011111110001000110001111110100001001011010100010101000111011011010101111010111000011011001000110110101110001111001000011101010100110101111011110010111110110111011000111110101110011
10111001100010101100011110101110011010101011111101110101100000001101011110011111110001011100010001000111000010101111110001100011100000101011100011101111110001010111111101010010010110000010100010010010100100101100111
10101011110110101111110100101100110000001010000100011100001011111001000000111000011111001001011101101100011110000100011101111110001111100000111001000110000101010001110001000110110111011110111000111110110001100110101
10100011000100100000000101100001111111100011110111001001111000010011101111101011000001101011110100111001111011110001001111000100100100111011101100010010111100011100100111011100010001110000110010100011100111110010001
10111000010101110111010001111011000000101001000001101011101111010110101000101011010111101000100110110011000000111111100100010111110101100011001111111010100001000110101110010001011100010111100110001000101100011011101
10001111111101000011111111011001110110111101101111001000101010011100001010001001110110001110101110010111011011100011110101110001010001001010011000010000101111101110100100110111110111000101111111111110100001001001001
10101000001001011110001001000011000100001000100100011110000010111001111011101100110000111100100011000100010001001001100100111101011101011000110011011111111000111000110101100000100011111101000010001000111111101101011
10101101011011010100101100010110011111101110001101010011111010000011000010100110011101110001110111111101111100011111001110101101001001010011100110000100001010110011100100110110001000100001011000101011100001000001001
10100111011011010101101101111100110000100010111101111000101011111110011110101111010111000111100011000100000111110001011000101001100011011110001100110001100010000110001110011111011110001100011111100011001101011111111
10110010010001010101100111100001111110111011100001100010001000010011010010101101010010011100001110010001010000100100010011101011111000001000111001111111111111110100111011001000010100111111010000001110011001111000001
10011011000111000100110000001111010000001010001111001111011111000110011000101001011000110001111000111111111101101111110111000000001110101011110011000001010000010110000011101010110001100001110111111000111100101011011
11001001110011110110011111111011000111101000101001011100001010011100111010100011001110110101100011110110100101101010000101010101100011101011000110011100011111000011011000101010011111101011100010011011101110001011011
11101100011001010111011001010000010010001111111101011001011000110001101010110111100010010100101110010100001101001000101100011111001001001001101100110111000001111111001101101011001000001000101011001010100010101001001
10000111001100010011001100000111111011101000011001001011001011110111000010110000111011011110100111000001111001011101100110110001111101111101000110100001111100110001100111001001101011111110111001101000111011100011101
11110001100111111001100110111110001000101011010011101001101011000001110110010110110010001000110001110111000011000100110010010100110000010001011100110101100110100100110000011101100010110010001100001110010001111110001
11011101110100011100110010010100101110100010000110101101101001011111000111010010010110101010111101000110010111110101111011010110011011011011011001100100001110001110110110110000111110100111011111100011010100001000101
10000100010001000110011011000101100010111110110000101101001101001010011100011010110100101010000101010100110100010111000010010011001110010001110011101111011011111010100011111010011000001101000001111011010111101011101
10110101011111110111001001110100111000101000111111100101111001101000110101111011100101101011101101010101111101010110011111111011100111000101100110001010000011000010111001110011000010100101111100001110010101001001001
10110111010000010001101101100110011110100010010001110100001100100011110100100011001101001110001001010100011001000100111000101010110001110111001100100010101001110110011100100111111111110101000111100100110001011101111
10010010010101111101100100111111000010111111010100000111011001111111000110101110011111011100101011010111000011111101100010001000111100111100011111111110101100110111010110111101010101100001110110001101111011000100001
11011110110100000100001110000011101010100001010111111100001011010000010110100000110100010001101010011101111110010000001111011110100110100001110000000110100110000100010110100001010000111100010100100100001110010111101
10000100100110110111111011111000111010101101110100000110111001000110111100111111110001110111001011001000000111000111111000011010001100101111011010110000111111110101110000110101000110001111010101110111101000110100101
11110101110110011100011000011110001010101001000101110100011101110110100001110001000111000011101001101011110011111100010010110010100101100110001010011110011000110100010111100101101100100010010101110110101101100001101
11000100010011000001001111010011101011101011011101100111000100000100101111000100011101101000101011000010011000000001010110010110110101110000101111000011110010010111010001101100111001101010110100100000100100111101001
10010111010111110111101000011001001010001011010100101110010111111110101011110111010000001110101010011011001111101111010011000011100100011111100001111000000111011101011011001110011101101000000110101110110110001101011
10111100011100010010001011001101011000101010000101101100110110001000101001100011011111100100101011110011100011001000010111111001001111000000110100010011111101000001001000011011000100111111111110111100010011101001001
10101001111001011011101011101001011111101000111100100101110100100011101100111010010000111101101001100110001110011101110000001101011001111011111111010111000001111011101111110001110110100000000010000110111010001011101
10000011000011011000100010001101000001111011101110110100010001111110001110100010110110010001111101001100111000110101000101100111010011001000011010010110011100010010101000000111100010101111111010110010011010111010101
11011110010110001010111010111101111100010010000010110101011111000000111000001010100011000101010001011001100011100101111111110000010111011111000010111100110111010110001011110010111011101000001011111011110010010010001
10000111010111101110011110100001010111010111110110010111110000011111100011111110101001111100010111010011001110001100100000010111110101000001110110001001100100000110101000111000001010001110100010001000000111010110111
11110001010000100111000100101100000110010011000011010100000111110001111110000110101100100111010010010110011010100110110111010000110000011100010011101011001101111100111110011111101000111100111110101111011111010010001
10011101011110110011110110000111111100111000011010010001111101100100001000110010100110110100011011000110110010110010010100010110100101000110111001101010011001100001110011010100001111100001100000100110010110011011101
11011001000110111000010011110100001101101111011010111111010000101110100011111000101100100101110001101100111010100111000101111100101111110110001100001011000011001111000110010101111000110111111011110100110100110001001
10010011101100101111011000010101100100101100001110011000000110001000101111001111111001101100011100111001101010101111111101001001111000110100101111111010011110011000011100110100110010010000011011000110100001111101011
10110110111001100001011101011101110110000111100110110011111111011011111000011000000011000111010110000011000010101110000001100011000010011101101011000011110000111101010001100110000111011111001001110100101111011001011
10010000110011001101000111000000010111110000110010011110000001110010110010111011111111101110000111111111010110100100111111101110011111010001001001011011000111110001110111101111101101010101101101100101101000010011001
11010111100110011111110001111101110100111010011011000011010100000110100110101011000010100010101100000000010100110101100011001011001000010111011100001110011100011100100100101101001000000001101001001101001011010111101
10010011001111001000111100000111000110001111011001111011011111111110101110000000011010001000111001011111110101110001001001101001101110110110000111101100111001000001101110001000011111110100101011011100011010010010101
10111010011011101010000111110010010100100101001011001001000100000000100011111111110010111111100011000000110100011111111101001101000010010011110100001001101011011111001000101011111000111111101010010111110011111010001
10010010110000001011110100111000110101110001101110011101010111011101111000010000011010011100001111111110011111001100000100011001011011011010010001101011100011001100011011101010000010000000000011010000010111000010101
11000110011110111001000001101111100100100100100000111001010001011000101111010111001011001001111101000011000101100001010111010011011001001010111111101011001001011001001110001000111111111011111110010101000000011110101
11011111011000010011011100100000110111101111111101100011011101010011100010010001111011011011010001101011110001111111110110010110001101101010100001001010011101110011100010101110000000110011000010111101111110110000101
10010001010011110110010110101110100110001010001001101110001001011110001010110100011001110010000101001010011011000000100100110000101001001010101100011011110001000110111000101011111111100110011000000111000011111010111
10111100010110000100110000101000101100101000101011001000111011001100111010100101001100010110110100011010110011011101101101100101111011011010001111111000100101010100001010100010000000111100111111110001011000010010011
10011001110011011101100111111010100101101011100010011011100011101001101000101111100111000100011111110010110110010101101001001111010010010011011000001110111100011101101111111010111110000110100000111100001111010111001
10110011100110011001001101010010110001001011001110110001101110001011001111100010101101111101001100010110010000110100001011100011000111011001000010100010001001110000100011000010000111110010101110101111111001010001101
10100111001110110011011100010110010101011001011000011111001100101000011011001000100000000101100001010011011111100111111000101001011101001101111010110111101101100111101001101111110011011010101000100110001011011101101
10001101011000100110010101000011011101111101011011110000011001101111001010011111111011101101111111011000000100001100001110111111010001100100010011111101001000101101101101000011011000001011101011110100100010000101001
11111000000011101110110001011110001000100001001000011011111111100011100010110100010001001001001101001111110101100001011010010100010101110101011111000001011111101000111001111010001101111010001000010101110110110001011
10001101111111001010111101110000111011101101111111010000110000111000111011100001011111011011100001100110010100111111000011010001111100010111001000010111010100001010010011101010101001000010111111010000110000011111001
10111000110001011010001100011011100010101111000101011010000110001101101001110111000001001010111011110011010110011000011001000111000111010011101011110001010001111111010110100000111011011010000110010110011111010001101
10000011100100010000100111001010001110100001010001001110111111101000001100010001111101101010000000011001000011001011111111111100010011011000100001011101000111000100010110001101100001011011011100110011001101110101101
10111110101111110111110001101110111100101011011011100011110001001011101111011101010101000010101111111101011111101010000001100001111001001110110100011001111100010001010011100111001111001001010001111001100000100100111
10000010100110000100011101100110100001111010001000111000100101101001000010011001010001011110100000010001010101101000111100001011011100011010011101110011000111011111011000110010011001101111010111001100111111101110011
11111000110100111101000100110010110100011000111110011110001100101101111010110011000111010110111111010111000100001011100110111110000101110011001111000110010010010010001110100110111100100100010010011110011000101111001
11000010010111110001110110011010100111001111100011000011111110001001101010000110011101010100000100010001110101111000001100100100110101000111100011010011111000111000100100101100110001110001111010110000110010000101101
10011111110001010111010011000010110001100110111001111010100011111100100011111100111001000111111101011100110100001111111001101101110001010010111000011011000011101110110101111001100100011111000010011011100111110001101
10110000011101000011010111111110100100110000011100001000101011000110101110000101101101110010000101010110010111011000000011100001010101011000001111111000011110000100011100010011101110111010010111000001001100011111001
11100101000100011000010100100010111110111111000110101110001000010100100110110001000000011010110101000011010001010011111110110111011101011111100011001111111010110001110001110110000100000010111100011101011001000001011
10001111110110111111110001101010010000100010010000100111111111110001110010011111010110111010110001111111011011010110010110000100001101001010111001011000001000111111000111100100111101111110101001000111001011111100011
10111000010011100000111101001011011010101011011111111100010000100111011011010110010011100010011111000010010010010111000000101101100111100010001100000011111011100000010100001101100100000010001111111110011010000111001
10110011011000001110010001011001001011101001011000110001000110001100000011010000110110001111001000011010110110110010010101101000110010111011011111101001000010101111110101111101110111110111100100000100110011010011101
10100111011111111011010111010011101000001101110010010101111111111110101110010111100011011001100011111010010100011010111111101111111010001011001010001111011110101000111101010101000000100001110101110001110110011000101
10001110010110010000010010010110101101011101100111000111000101010100111000111110001001011011001111000011010101111011100011001000011000101001100010111100010000100010001001000101111110101100010100111101000111111101101
10111010110010110111111010110100100111000101001101111110010001000001100011100000111111001010011000010110010100110011001001011011001111101101110110000101110101111111100011101101000000100111010110100111010100000000101
10101010111010000000000010010001110001111101011100100011011100011100101110001110110001100011110011110010111101100110011101010011100000100101010111011101011100000010111110000001011110110110010000110010011101011101101
10000010001000111111111011010111011101000101000110001001001111110110100010100110010100111000000111010110101001001100110001010110111110110100010101000100000101101000100011011111001100010011111111111010111001001000101
11111011101111100000001011010001000100010101110011011101100001100011111011110011010110001111111101010010000011011001100101000100000000000111010001101111110111001110001001000011100110111000000000101010100011101011101
10110010101100001111101110011100010111110100011010010101111100101001001000011001110111100010000001000111111110010011001101110111111101111101011011000011000001100011101011111001110100001011111010000010101110101110001
10100110100001111100001000110111010011000101110010110001000110101100011111011100110100111010111101011100001010110110011111000100011000110000011010011001111100101000111110001101010101111111000010101110100100100000111
10101100101111000101101011100011010110011100010110110111010010100111000101010110000110001010010001001111100010110010110110011101010011100111110010111100100110111010000000100000000100011000011110111000110101111111101
10100101111000010001001000001010010100110111010010010011010110110011010101000111101111011011010111100001110110011010100011011001011010101100000110011110101110011110101111111110111111010011110010100011100000000010001
10110001000010111111011111111010111101100010011011011001110000111110010001110101000010010011010000111100100011000010101010001011001000100001010011001000100011000011100110000011100010010110000110101111001101101000101
10011101011111100001010010000010100001001000110010001100111110100000111100010001011000110110011010000110110111111110111000111001101110111111111011101101111001111001101100111000101011110110111100100100011000111110101
11000101001101001011010110111110001111101101111010111110001100101111110111011101110010010110111011111100100010000010011110001100100010100010101000100100011100001100111001101110001011000100110001110111111010100011101
10010001100101011011000110110011111000111001011000001011101001100100010001000100011111110010001010001001101000111011000011111110111010001000101011110111010110101110000011000011111010011101100111100010001111101000111
11011111110100001001110010011000010010011100001111111000101011110101000101101111001100011000101010100011001111101001111000000010010011111110101001100010000000100111111111010111010010111001001100001110100011001010001
10010000010110111100011011001111000111010001100110000010001000000101011100101001100001001111111010111111100010001101001111101111010110000010001100111011111111110001000001110001000110001100011001111000111001011111101
10110101010010001101001001100011101101010111110100111010111111011101110001101101111111100000001000100011111010101100011000100010010011010111011110100010000101011011011100000111011100100111001100001011101101010110001
10100101111011111001101100111001100001010010010101101011100001110000100111001000000000111111101011101001100010100111011010110110111001010000001010101110110100001010010111010100010001110001100101101011000100010010101
10111100001000001011111110001101001101011000110101100001001100011110101100011101111110001010101010101100001110110001001010010000001101011111100010100010110111011010110010011101111011011100111111101001110111111010111
10000110101011101000001011100101111001001111100100101111011111000010100001000111000011101000001010001111111100011101101111011111100101110001111110111000010011000010010110111001000000000110010001001100110101000010001
11110100111110101101100001110100010011100001110110111000010001111010111111110010010110001011111011101000101001001001001000000001111101000101000010001010111010010111010100100011111111010011010100011110100000011011011
10010110000100100111110100100111010110110100010010010011110100100010001000111000110011011001010001001010001101111011011011111101000100011100011011101110100010111110000101101110000011111110010111110000101111110001001
10110111010101110011000101101101010000011111011011000111000110101111101010001110111000011100011101101110100111000010011000001111010101000111111000100111101110001011110100101011011000001100110001000111101001100101011
10000100010001111001101101001001011101011011000001111100011111100100001011100100011111000101001101001000110011011110110010100100010111110100001110110011001010111000100110101001011110100001111100010000001100001111001
10111101011100111101101101011101000111001010011111010110110001110111011010110101010001111111100101011011111000011000100110110101110000110101111000011001011000010010001110001100000011111100000101111111111001111010011
10000101000110010100100111001001110001101000110000000100010100110001111010010111110101000110110101010000111101110011101100110100011110010001100011011101011101110111111011111111111000100110101111100000011011000010111
11110111101111000110110001101101011100101111100111110001000110011101000011010011100100010010100100011010011000100110101111100111010011011111001111001101000100010100011010100000110010110000111000001111001010011010001
11010011000011111110010100101100010110100010001100011011111111000101011110011001001111111010001101010011001111101110000110001110011001000110011000011001110111010001000000001110010110011111100011111001101011001011101
10011001101110000011010110000111010000101000111101001000001101110101001000111100011000100010111101110111100100001010111100111000110011110000111111110011010001111011111111111011010010110001110110001100001001101111001
10111101001100110110011111110011010111101111100101101111011000010101101011110111110010101110110111100010110001011000100001110011111000111010011000000110011100100010001000000011011010100100000100111001111100001100011
10000101100101110100110000011001010010000000110100100110001011110100001000010000010110100110010000101010011111111111101111100110011101100011010011111111001110001110101101101001001110101111111110001011000111100101001
10101100110000100101110111001100011011111010010110110011101010000111111111000101000100110011011010111000110000110001101000001111001000101111110111010001101011111100100111001101100010100110001111101000010101101101101
10101110010111101100100101100111111001100011000010111001000010110100010001111111101101111001010010011010000110100101001010100101100010001000110001000100001001000001110001100100111000110010100101001111110101001001001
11101011010110001110001100110000001101001011011010011101111010110001000100001000111001100011000111001011010100001100011011110001111111011010011101101110100011011111011100110111101011111010110000011100100100011011011
10000001011100100011111001111110101101111110001111010001010010011111111111101010010011001111111111101011111111111110110011000100010001110011000100001000110110010100000110010010001001010010011101011001101101111011111
10111101001001111010101011010010111001000010100101010111010111011011000000100011011001011000110110001110001010001100100110011111110101100111101111111101111100110001110011011010100011000111001101000011101000001000001
10000111100011101000100000000110100011101011111100010001000001001010010110111111000011000010010100111000100000101001101100111000010101001111000010110100100001100111000110010000101010011111111001011010001011101111101
10110010111110101110101110110100101111001000110001111101111011101000110011101001111001110111010001101101111111101111001001110011010100011110011000100110101111110100011110111111111010110010100011001110111001100001001
10011000100000000010111100100101100100011101100111000100001000101101111010000011001100011110010111101001000011001000011011000111000111110100111110001110100100011101111000101100011110011000001111101000001100111111011
11001101101111011010001001111100110001111001001101011111101111101001001010110111011110110000110100001101011001011011111001101101111110100101100010101100110001001101100011100101001100111101111001001011111110100001011
11101101000101001011101011000110011111001011011000000001001000001101011000100000011000100110110001101101001100010010001011001000000000101100001011111001111111100100101110110001100001111100011100011010011000101101001
10000101010001101000101001010011000000011001010011111100011101111001001111101101110011101110011111100101101111111010111001011011111110001111111001000011100000110110000010111011111111011001000110111011000010100101101
10111100011111101110101100011001111101001100010110110111110001001011100100001000100110101010110000110101000100000010011101011001000011101010001100010111001110010100101010000010101010001101010011100011111110110101001
10110111111000101000101111011100100101111111110100000010000111100001110101111110101110101000100110010101110111101011000001001101101001001010100111110001011000110111111011110110100010100101111000101110000011100101101
10000101000010101101100110010110001100100000010111101011101110001111010101000011100000101101101111000101000001001110010101101001001101011010110000111101010010010001010010000100101000110100111110100010111011001100001
10110101011110001000110100110111011110001011010000101001101100111100010100011000111011101000101101111101111101100011011111000011011001010010011110011001110111011101000110111110101111110110010010111010010001011111101
11100101000011111011100101110101010111111010011110001100100110010001000101001110110001001010100001000001100100111001010001111111110011011011000111010011100101000101010100101100100110010011000110000011011101001000101
11001101110111001010001100000101000100001010110011111110110011000111011111100010010111011011111101011111001110001101110101000000011001000011110101011000101101011101011101100001110011011011110111111111010001011010101
10011000010001100010111111110101110001101011100110011000111001111110010001110111000100010010000100010000011011101100000100011101011101110110110101001110001000001001001001110111011011001000000001100010010101000010111
10110011011100101110001000100000011111001001001111000011101100000100110100010001111101111010101111110111001000100101010101010101001100010000100101100011111111111011100011000000011001101111111111001000110111011110011
10111110000110100111100010110111010000011100011110011110000101110110010111011111100001000010100101000101101011110111111111000101101001011101101100001001000010000010111111111101001100000101101010011101100010000011001
10011000101100110010111110100011110101000111000100111000111101010011110100000000101011111110110000011101001000010011000011110101001011110000100110111100011000101010100000000111100111110100100010110000111010101111101
11001011101001111010001100101001000101101101110001100010010001011000010111111110101001100010011011110101011110111000011000100101100001100111101100010110111111101110001011010011001100100110001011100110101011101000001
11101000111011001110101001111111011111100000011111001011110111001110110010000000001011001011001011000000010000111111111110101100111111001100100101000011100001111100111111011000011001101111011000101110100000111011101
11001010011000011100100011000001001000101111110100011111000101101010111011111111111110011001101001110111111010011000010100100110001100011001110111101111001100000111100010010011000011001011011110111000111110011000101
10011011001010111001111111101101100010101000000001000001011100000010011001100000010100111100001101100110011010110011000101110111100001111100010011001000011111110010001010111001111110011010010000001010100011001010111
10110001101011100011001101001101001010111011111111111011001101101011001101001111000001101111111100110000110010100111110001000100111111001110111001111011110000010110111010001111000100110000110111101011101011101010001
10011111001010001111100001011001011010000001000100001001100111101011100100011011111111100001100110011110000111101100111111011101110000011000101100000001000111010000010010100001010001100111111100101000101001101111011
10110000011010111011110100010011111111101101110001111101110110001110110111111000010000101100110111001010110011001101100001000100100111010010000111111100010100011111110110101100011111101100011001101010101101000110001
10000111011010011001100111110111000000111000110100000100010100100100010000100011000111100110010101101010011110011000101011110110101100010110111100011001111111000110000011111101110100001111010011001010001001010011101
11011100010011001101001101010100011110001110010101110111010001110101011110001001010001110011000001001011001100110011101000010010001001010010110001001111000110010010101001000100000001101000000110011011111011111000101
10001111110111100100011000000101111011100011011100010010011111010101110010111111110100011001010111011001011001110111001110111011111011011110010111100110010010111010111111010111111111101110101100111010001000011110101
11101000010000110001110011111101000000111001000111111010110010000100000111100000111111000011110100011101001011010001011010001001000010000011010000110100111011100010000000010101010110001100111001101010111110110000001
10101011011010111111100110000101101110101101110000101010010110111111010001101110100001111110000101110001101011000111010010111101011111111001011010100001101001001111111111110101000011011001100011001010000010011111101
10101001000010000100101111110001001100101100011110000011000010001010011011001010110101100000110100111101001001110001010110100000010001011100001110111111101101100000101011000101011001110011001111101010110111001000111
10001101111111110110100000010111101001100111000111111001111011101000110010011000100100001111100110000100011100100101000010001010110101000110100110100001000100110110001010011100001100100111011010000010110001100010011
11111101100000100000111111000100101011110011110010101101001001101011110110111101110111111010001111110110111110111100011011111111100101010010110010110100010110111100100010110111101110001110000011110111100100111011001
10000001001110111110001001111110001000111010011010000100011011001000100010001000010001010000111001010010101010000111001110000011001100011000111010010111010010000111111110100010001000100011111001100010001110001111101
10111111011010100011100011101011011110101000110010101111001001011010101111101111011101000111101100011010100011110001100110101001111111111111100011010010011111110010001000101000111011101010001100101000111010111000001
10011000010010111000111010001000010100100010010111100011011100010010101100100001000001101100000111001010001010011100111100111100100000101000101010011010110000111000100010101110110010001110101110101111110000100011101
11000011110110001110001010101101110001110111010000101110010111110110100001101101111111000111110001011010101000110110000001110110101110100010111010111110000101101111111111101011100110111000101000101100010111101111001
10011110000011100100100010100101010111110001011110100100110000000010111111101001010001110000010100010010111110110011111111000010001010101110011110101100111101000100000011001010001100010011101011111001011110001001101
10110000110110110111101110110101010010100101010010101101100111111110010001001011000100011111010110110111110010000110101000011011111010001011001000101001100001010111011001011010111111110110001010100011011000111101001
10111111110000010011000110100001011000111101010110100000111100000011010101111001111101000101010011100100010111110110000010110001000011111001100011100011001101010000011111010010000100010110101010001111001011100001011
10101000000110111001110000111111011110000101000100111011100001111001010100001100000111010100010110001101010000110011101110011101101001011100111110101010011000011111110000010111110001010010111010111001100011001111011
10001011111110001101011111100010000011110101011101110010001111001101010111100111110011010101110010100101010110011000101010110000101101000110100000001110110011110001100111110100011111011010100010100011111110011000001
11100010000011011001011000001011011000110101001001010110111001100100010101110000011001011101011010111101010011011110100010010110001101010000001111111000100110000100001101010001000001011010101110110111000110111011111
10111011111001001011001111011001110010010001111011000100101100001110110100111111011101001001000010001101011001000000111111010111111001111111101100011011101100111111111100011011101101010010001000010000010000110010101
10001110001101101001100110001100100110111100100010011110100111011000010110011001000001011011011011100001001101111111100010010100011011000001000111001001100110110001000001001010101101000111111011010101111011100110001
10100100100001101100110010111110001100001101101111000000110100001011010011001011111111010010011010111011101101000001101000111101001001011101110011101100101100100101011011101010100101111100001110010100111010001100101
10110001101100101110011000000011111110101000100001101011100001011011111001100001100011010110110000001110001000011100101111110001101100010100111000000110111001101101110010101000110100010001100110111110010010111101101
10011111000110100011001110110111000010111011111100111110001101010010001011001100001000010111100110100111011111110110001000100111001111110110101101111100100011101101100110001011110111010111110010001011011110100001001
11000100010011111011100011100110011011100010000110000100100111110110101001100111011101010010001110110100010001100000111010001100011000000110100111000001101111001000001111101001100110010100011011100010000110101111011
10010110111010000001111010001100111001101110111111110101110010100010101100110001010111011000111010011101110100101011100011111001010011010000110000010111001100011111111011001011001100110111001001111010110010100101011
10110010011010111111001011011001101100000110110000000100011000101110100110011101000110011111110011001001100110111110001111010011111110010111111101111100011001110000001000011110011101100001011100001010111000110001001
10011011001110100001101011000011000111111100100111111101001010001100110011001001010100110000010111011011001100000100111100010110000100110000000100001101110011010111100011110000110101001101000111101010011111111011101
11110001100110110100001001101000010001000001101100000111111010101001111001101011010110111011000001001010011111110001110001010010110111111101110101100100110111010110111110000111100101101101101110101011001000010001101
10000111110010011101011100111111111100010101001001010010001111111011101100101111110010100011111111011010110100011111100111011010010010000111000101110110010100010010000011101100001100111001000010001001101011010101001
10110010111111001101000110010100001111110111011111111000101000001010101110001000011010111000010001001000100001110000101110001011011000110010011111000111000110111011011000100110101110001011011010111101001001000111011
10111110000001100111110011010001101000110110010000110010100011100010001011111011001010001011010101101111101100000110001100111000011111111010110000010011111100100010010010110011100011101001011010110001011111101100011
10000000110111110011000110010111100011100100111010000111111110111110100001011001101011101110010101101000000110111111111001101111110000100010010101111000101001101111010110111001110111001101001010010111001000111001001
10111111100100011001010010110000110110001101110011111101000000100100110101000011101000101100110100001010110010001001101011000011000101101111000100101110001011001000010100011100100001101001101111000101100010110011011
10110101001101001101011010011010010100100101100110001000011010001101110111010111001110100101100111111011111111101100001011101001101100100011111111100011100010011101110111010110111011001101100001110100111110010110001
10010001011001100001001111001110110001111101001100101011110011011000010000010001100000110101001100011001101000101110101000111100000110111000011000101000111010110100100101010000100010011001001011011110000011000100111
11011101001011111111100111100011100101000100011001101011010111110011011111111100111111100001011111000011000010100010111110010101111110001111000010001010001110100001101100010101101110111101011011001000111111111101101
10000001100010001000110010111000111111010111111101111000010111100110011000010110010000111111010001111110011110111010000011000111000011100001111111111111011000111111001101111101000000011001001001100010100000110101101
11110100111111100010011000101110100011010010101100001111010011001110110011000111000110010001010100010000110000011010111001110110011011001100110000010101000010100010011000110001101111110011101100110110101110010000101
10000110000000001011000010000010001000011000000001100000011000011000000110010001010011000100000101000110100101000010001100000000110000011110000101000001010110001000110010000101000000000110000110000010000011000110000
11111111111111111111111111111111111111111111111111111111111111111111111111111111111111111111111111111111111111111111111111111111111111111111111111111111111111111111111111111111111111111111111111111111111111111111111
