11111111111111111111111111111111111111111111111111111111111111111111111111111111111111111111111111111111111111111111111111111111111111111111111111111111111111111111111111111111111111111
00010000100000010100010000100000000000010000001010101000101000101111000001100100000000011000000100110000100100010001000110001011000100000001000101110000110000100100010100000010000001101
10011110001111000111000110001011111111011011100000001010100010000110011100101101101111110011010110000110110001011100010010101010011101010101110000100110010110001101000001111010101100001
11010000111001110001010111111000010110011000111111100010101111110010110110000000100100000110010011011100100111000110111010101000110001011100111110101111000010100101111011011011101001101
10000111101011011101110100011111010100110010000100001011101000111000100011111111110101111100111001010001110101110100010000100010010111000110011000100101111111110000011011000010001011001
10101110001000001100011101001100010001100111110111111001001010001111111001000000010100100101111100010111010100010111011111111010110101110011000010110000010000111010110010011110111110011
10111000101110100111000001100101111011001110010010001101011011011010000011011111010110001100011111110100000101010000010100010011100100011011111011111111010110001110100111001100001100111
10110010100010101101111111110101010010011000111000100111011110000000110111010000000110111111001101010111011111011111110001000111001101111001100010000011010011100111101101100111101001111
11100111111000111000010000100101000111011011111111110011000111111111110001011110111100011011100100010011000001000010100111111100011000101100111010111000011001110000100101110001001011011
11001101011010010011011110101101101101001001010000111001010101000000000101000011100001001010110110111001110101111010001100010101110010001110001110101111111100111110110100111101011111001
10011001000011000110001100101100101001101100000110001101110000011111101111111010001111100000110010101100011100011000111111000100011111101011100000000000110110101100100110000001010001101
10111100011111111110100001100110101100001101111111100100100101111000101000010010111000111110011010001111001101001011100011101110110000100001101111111110100110100001101100111111000100001
10101111000001100011110100110010100111011001100011001110101111000010111011000110011101100011111010100001100101101000001001100010010110001100111000000100001100101101001001100001011110111
10100001011111001001000110011000110010001011001000011000001000011110001001110011001001001001000010110100110111001111111100101111000111111110011101110101011101100111101100110100010010001
10001101110000011101101111001111111011101001011111001111111011110011101100010111101011011101011111100110110011011100011110100001111100010011001001000101110001110010100110011111000111101
11011000000101000100100001100000010010001011010011100110001000111000001111010100000011010101011001101100011010000101001010110100010001000111101011011111000111011000110011000010010111001
10001111111111110110111111110111110110111010011000101100101110101011111010011101111001000101001100101101001010111101101010011111000111110011001011000110010100001110011001111011110010011
11101000011000111100100000111100000100011110111101101001100010101000000010110000011111110101100110000111111010010001101011010000010101011001011001010000111111100111011100011000011110111
11001101010010101001101110011001111101000000101001000011111110101111111010000101001000100101101100110001000011000111001001011011111100011011011101011111101000101100010101001111000010001
10011001010110000011101011000011101101111111100011011111110000100000011011111101111010101100001001111101011111011100011101001001001001010001001101110001100010101001110001101101111010101
10110011010011101110000011111111001000100011001000000111100111101110110010001001100010100111111011000101010001110001110001101101100011110101100100010100101110001011100100100101010010101
10000110011001001000111110000100011011101001101111110011001101000111100110101101001110110000010000010100000100000111000100000101110110000111110111010101100011111010001110110100000110111
11111110111101011011101100110101110010101100111000011010011000010100001100100111011000011111011111110110111111111101011101010001000000111110000011010111001000000011111011100111110100001
10100010011101001001000001100001000110101110010011011110110011110101111110110110010011110001011000010011110001001100001111111111111111100010111110010001011111111111000001110000100111101
10001111001001101101101011001111011100101011000111001100100110000101000100100010110110100101001011011001010101101001011000000011000000101000011000111100010000100001010100011010101100001
10100100011011100100101001011100010110101001111101011001111111010101010001111010110100001101101011001111000100100011110011111001101110101111110011101001110110110101011110110010100110111
10110001110010110110111101000101110110101100011000000011100010010100011111011010100001111000101001100010011110101110000110001101000110100100000110001011000100000101000110010110101100011
10011111000110010010011001010100100000101101000011111110001011011111111000010010111111010010001100110110110010111100111100100101010010110101010011101011011111111101010011010010100111001
11001001011100111011001101110110101101101001010110001000101010000000001011000110100010000111111110010000111010110001100001110100011110010101111110001000011000000101111001011110110001101
11100011001110001001101001100110111000101101110000101011101010111110100001111100111000111100001011011111100010000111001111110111110000110100000010111111110011011100101101000100111101001
11101111100100101100101100111100011010100100111111101000111010100011101100010110001101100001100001010000110111111100011001100000010111110110111010000011000111001110001001110110001001101
11000110110101100101100110000001001010110111100000101110011010101001111001000010101000101111111011011110000010000101011100111111010000100011100010101010011101100011100011010100101011001
10011100010111110000110111111111101110010110001110100110110010101100001111111011101011100001001001000011011010110101000110001101011110001110001111111010110000111000111110010110101000011
10111001010001011110110101000010100000110100111000110010010111101111100110000001001000111100011011111011001000110101110110100100011011111100111000000010111101101101110011010011101101001
10001011011100011000100100011010111110010101100010100111010001001000110010101101011110001001110001001001101111100100110011110001110000010101110011011110010000000100010110011001100111111
11100010010111001011101110111010000010110101101111101100011101011010011011111101000111111011000101101100101100101110011000110111010101000101010111000011000111011101110000111100110000001
10111110110011101010100000101010101010100100100000111001110001011110111000010101010001000010011101000110100101100111111110010010000101101101000001110111111100010001100101111110100111011
10001100110110001010111111101010101110101110111110110011000101000100001111010101010100011110110100010010110100110101000011011010111100111001011111100000001001110111001100111000101100001
10100110010110111000100000100010111000100000101010010110011101110110111100010101110101110000100111111010010101110001011011001010100001100011110001001111111011000100011110010011111001011
10110011000100101110111101101010011011111110100011000010110101010010100001110000110111000110110100100011000100011101010001101000110111001110100100011100000010010101110011000110010011001
10011011011101100000000100101111000010100011110111111110100100011000101101000110011100011111100001101111111101000100010100001111100010011010001111110001111110111100110111111111000111101
11001001001100111111110001100100011110001001000010001000110111011110100111111111010001110000110101100001010101110111110111111100001010110000100001100100000100101001100100010000010010111
11111101100110000000011100110101110000111101110110101011100011010010110001000010010101100110010100111101000100011110000011000111111110011011111100001101111101100011001101000111111000001
10000101110011111110110001100100111011101101000110100010001110000110111100011010110101001111010110010101010101001000111110010100000111001001100111111111000001001010011101111100001111101
11010001011010010100100111001110101001100000010100111110100110111100101111111010000101011000011110110001010101101011110010110001110001101100110110000100011101011111010000110001100110001
10010100011011000101110101011010001100111111110101110000110100101101100000101011111101001111011000110111010000101001100110111111011101100110010100101101110101001100010111100111110010111
10110111110000011101010001001000100110100000111101011110110101101001001010001001001001100110010010010001011111101100101110010010000100110011000101111001100101100111000000001100011010011
10100010000111110001010111101110110010101110001101001100010001101011111011011101100011101100110111111101110000100110000011011000101110010111110000010011001101110011101111111110111011001
10110110111110000111010010100010011000100011100101101001111111001000001111010100110110000101110000000000100110001110111111011011101011010000011011110110011000111000111000000110001011101
10011100100010111100011000111011001111111010110100100011000010011111100110000110011100111100010111110110001111101100010000010010001001011111001110000011000010101110010011110000101001001
11010001111010000111011110001011101000011010010110101111011000110101110100111111001001101111011100011111111010100111010111110110100011000001100010111001111110000011011010010101111101011
10010100110011110001000011011010111011000011000100100100011101100100000101100011100011000011000101011000110000110010010011000010111001110100111010001111100011011111010000110101100001001
10110111100110011101011011001000010011111110011110110001010000110001111101001000111111011001110001000010010101111010111001011010001100111110110010101000001001010000011111100100001011101
10100011001100111001011001011111011010001010110010110111111011100111000001011110000001001100011111111011011100011010011101110011011110011000100110100011111101110111111000111111111110101
10001000011001110011001100010001000011011000111000100100001110001100010111001011011101100101010100001110011001000011010100011001000011001101101100111110001101000100110010001100011000001
10111111001011100111101111110101111110001011101101101101100010111101110011101001001100110101010101100111001101010110000111001111011011100100001001100000100101011110100111101001010011101
10110001101010001100100011010100000111101000100100111000110110100100111000000011100101111101000101110001100111110011101101100010001000111111111011110111111101000110001100100011010110001
10100101100010101001111000011111011100001110110001110010100100110101101111111110110100110001110100111100110000011110001000111011101010000100011000110000100001110000111001111110010111101
11101100110110101100001111001010011001101010010100010111101101110000101000000100010110000111100110100110110110110000111010001001111011110001001110100110101100111111101101101010110000111
11001110011100111001100011100000110011101011010110110011001001011110100011010101010011111100001100101100100100011011100011101100010000111111101010101110100111100000001000000010100110001
10011011000101110011111010111110000110000010010100011001011011001010111110010001011000101001111110100101110101001010101110100101011011100000100010111100110001101110111011011010101100101
10110000010001011010000000010111111110111110110101001101001001100010001100111101001110100011000110110001010101101010001000110111010001001010111010000001111101001010110001010010111111101
10011111111111000010111011110000000100011000100111100101101011110111100101110001100010111110010000110111000100111010111101110010011101011010101011111100001001011010000101010110110000101
11011000100001110110001110000111101101110011110000110100101001000010110001010111111110100000111111100011101101100010010100000110110101110010001000110001011011010011111111011100100110001
11000010001100011100100110111100100000100110010110011110101101011000011111010010010000101111100000111000111001001111010101111100100100100111111011100111110011000110001100011001101111101
10011111111111000111110000100110111111101111010010111000100001001101000100011000110110100001001101101110011011011101010000010001110110110100001001101100000110010100100101010011001010101
10110010000011110000100111110000110000100100011010100011111111100111110001001101100011111101111000000011001001010000010101110111010010010101101100001001110010111101110101110111100010001
10011000111010010110101110000110010101110101001010101111000010110000100111011000111001000100001101011001100011000110111111000100011011010100100111111011100110101001000100010001101011011
10110011100000110100100011101111010100010111100010000001110110000110110011110011101100010111011001011111111001111100100000011101000011010110110000101010001100001011101111011100101001001
10010110001111100101111001000011110111010001111111111100110100101100011001100110001111010001001101000000011100000101101011110001010110010100011010101011101101111010101010000110101101101
11000100100001111101001101101010100001011100000100000110010001111101001101001110101000011011100101011111001111110100101110000111011100110001001010001000111001100010101000111100101101111
10010101101111000101100001001010101111000111110001110011011011000111100111011100111011110010110111010001100001100110100011010100001001111111111011101110100011001010001010000101100100011
10111111111000010001001111011000100011110000111111011001001111010001110000000001100010010110010010000111110101001100101001110110111011100000011000100010001110011110111011110100110101001
11110001000011111111100110010010110110011110001011001101100100011011011111111101101110110100111011101100011100011001101100010011100010111011001110110111111011001100011001100110111101101
10000101101011000000110011011110110011010011100000011001110110111001000000000100100110110110001010001001000110110011101111011000001010000001100110011100000001100111001100101110001111101
11010100001010010110111001000010011000011000111101011011010010101101110111110110110010000011011011111011110010110110000001001110111111011111110011001001111100110001101111100011100001001
10011101111110111100101101111011111111001010001001001011011000101101000100010011111011011000001001000010011011100011111101100010000110001100011011100011000110010100100000110110111100011
11001001000000010001100100011000010011101010111011101001011111100101101101011001010010011101111100011110111011001110001111111011110010100001011010111110010000110110111110010000000111001
11101111011111110111110111010011000110001010001000111101000000110001001001001100000111110000110111110000001000011010101000100010011011111111010010000010111010011100100111011011010011101
10001000010000110010110110010110010110111011101110010001111110010111011011100111111101100111100110000111101111111010100010101111011000110001010111101010100011110001110101001110010110001
10101011110110011010010000110010111100100001100011000111100000110011001001101110000100001100001100111110000000000010101010001010001110000100010101001000101110000111100001101100110100101
10100010110111110011010111111110100001101111001001111100101110011001101101001000110101111001101001100011011111111110111111101000100011111111110100011010100010111110101111100001110101111
10111110000100000111010100000100101111000110011011100110000011001101001001011011110000100011001011001001001100001000110000111111101000010101010001110011111110101010100000111111000101011
10110011010101110100010001110001100001111100110000110000101001111001101011000011011010001010011010011101101001100011100110011000111011000000011111100111000100100010001110010001011101001
10011010010100011101110100110100101111000101100110010101101100011011001001110110001111111110111010111001111011111111001111000010010001111011001101001100010001110110111011010100001001101
11000011011111000100000110011111100110010111001111011111111111000000011111100000101000000100101000001100011000100010011001111011010111100001100101011001111111000100100010010111111011101
11111001001101110111110111001000001100110001011101000110000110011111111000111101101010110101101011111001001110101000111100001110010010001101111100010011000101011101101010110010100010101
10101101100001010100010001111011111001111100010101110000110100110001100010101100111011100101000010001101101010101111110101111000111010111100010001110111010001001101111010111010101110001
10000100110101010101011011100001100011001111110000011111100110010100001110100101100011001101111110100100100010000001100001100011111010110001010111100101011101101001000010001010100111101
11011110100100010001001010001111001111100000000111000100110011010111111000110000101110011001000000110111110111110100001101001110010010011101110110101100010100001011010111100000110000101
11000010101101111111101010111100011000110111111110010110011001110000101011111111101010111011101111110001100001011111111111011011000111000111000100101110110110111010010010111111111110001
10011000001001000000101010011001110010011110000100110011001100011010100010000001001010110011000100011101001100001000001000010001011101110011011101100010100000011010111000010001000011101
11001011101111011110101111010011011011001000110001111001011111001110111000111101011010100110010101001101011110101010101010110100010000011000000001111010110101110011101110110100011111001
10011111001100010000100001000110000001101101110111011101000001100110001111100100010010110100111101100101010000111011101110011111110111011110110100100010011100100110001100100110110000011
11110001101001111101101101111100101100100100011100001001110100110011100110001101111000100110110000110100010111100011000111010000110101000100011111101111000111101110101001101100110111111
10000100111011101001000100110001101110110111000101101011100110011001110010111111000011101110010110110101010010110110010011000110010101110111001010001000010010000000100011001101100100001
11011110000010001011110110011101100110100001110111001001001111001100111010000110011111000011000011100101111010010110111001010011000001010011101000111111111000101111111110011001001101101
10010011111111011001000011001000111100111100000100011100011001100110001011010011011001111001111110001101100011010011101101110110011101011001001011110000101101111000000011001011011001101
10110111000000001101111011100010100001100111111101110111111011110011101001011001001100101100001000111111001110011000100000011100110000001101111000000110000111010011111001101000010011001
10110001011101111100110000101111101111110000000101100011000011011011001101001101101110001111100010010001100010111110101111011001111111111000110011111111110000010110101100001111111001011
10011011000100010110011111111100001010111010110001001001011001010001101001101100100011011000111011110100111000101010111000010011111000011010011000000000111011010000100111111000001101001
11001011110111000011000110000001111000100010011101011100001100010111001011111001111001001010010001000110011110000010001011111000110011010011001111111010011001111110110000011011101101011
11101000010001101001110100111111010010001011001111010111100111010001011010000011001101100011000111011111000100101011101010100011100111010111100000100011001100100010010111010010100001001
10001101011100101100010101100000010111111001011000010000110011111011001011101011011101001001111101001101110111111001001010001110001110010000111110111111100110101011010100010110111111101
10100101000101100111110101111011110001001101010011111010111001100001100010001001010001011100011001100100110100001101011011111100111011011010011000110000110010001000011101000100000011001
10110101010100110000100100001000011101101101110110000010011100001111111111011011000111110111001100110110010101100111011000000001100010010011110010010101111011111010111001111110101110011
10010111010110111110001111101011000001000100100100111111000111111011000001011110011101000001100110010111000000110011010010111111101010110110000111010100010010001110110011001010101000111
10110011110010010011111000001001111111110110001110010001110100010000010111000110110000011101110011010001111111111001011111100110101000100111011101110111011110100100010111101000111011101
10011010000111011001100011111100101001100011111111010100100101000111110110010100100111110101011000011101000000101101011000110000101111111100001000100101000000110111010010000010001010001
10111011101101001101001011000110001100101111000110000110101101011110100100110001101110000101011011110001011110101100010010110101101010000001011010001101111111110100011011111011101011011
10010010000101100100011010010011100110000110010011011100101111000000101101111111101011010001010010000111010100101001110110010100000010110101110011111000011010000101110010001111001001001
11010111010000110110111011111000110010110100111001110001100011111011100100000011001000011111010110111100000101100011000111010101011011100101100111000011000010111101011000100001011100011
11110100011110010010001000001110111011100001101100000111111001100001001111011110011011110100000010000001111100110111011101011111110000001101001110011111111010101000011111110101000101001
10000101000111111011101111100110101001001100001110111110001100111101011101001100111011000111111011111111000110011100010001000000110111111001011000110000000010101011110000011101101111101
11101101110011000010000100110100001101100111100011100000100110000101000001101001101000010100001000100100010011001001110101111110011100000011001101100111111110101000100111000100100010101
11001000011010011111010110110101101001110001101011001111110011110101011011100011101111110110101110001101011001011011100100000011011001110111101000101100001000101110101101110110101110001
10011111001000110001110000100100111011011100101110011000110111000111111000111110000100010100100011111101111100001000001111111001001101100010101110100110101011100000001000010000100100111
10110001111101100100011101101110011010000110111100110010010001110100010010101000110110110001111010000001000111011111111000100011100111001000100100101100101001101111111110111111110101101
10000100011001001111001101001011000010110110011001110110111101100001011010000011100000111111110010111101010011000000000010101110110001111111110101100001101100111100010100100000000100101
10111111010011100011100101011000011110100011000011000111100001001111010010110110001010000110100110101001011001111111111110101000111100011000100000111100111110100001010001101111101110001
11110000011010001010110111001011110000111001111010010011001111111000010111100011111111110000101110100011011100100101000110101110000111000010001111100001100010001111010100001000100111101
10000111010010111010010011101000111011101100110000110110011000011011010001101011000000111101101100111110010110110000010010100011101101111111111000101111001010101000011111011110110001001
11010101111011100010111001001110101000100110100111110100110011001110011100101001011110101001001001100000110010010111011010111000001000110000011110000010011011111011010001001000010100011
10011100110011001110001100011010001110101110111101100101100111100011000111101101010100100011011011001111100111011110001000001111100010010111000100111110110001000001110101101011111111111
11000110011010011100111111110011101100101010000100001100001100111001110000001101000101110111011010011000001101000011111111101101111111010001110111110000100100011111000101000011000000101
10010111001000110001110000000110100001100011110111111101111110011100111111111001110101000101001000110010100101111000010100000001000101011100100001100110101111111000011101011110011110001
11010011101111100111100110110000111111101000010110001000100011000110100000011011000101110101101101110110110000101111000101111111010001000110111101001100111000100011111001000100110111101
10011010001100110010001100011110100000001110110010101110001001101100111101001001011101100000100100011110111110101011110100001000011101110010001100011111110010001001000011110101100011001
11110011101001111000111001110100101010101010011000100011111100000110001001101011001100111010110111010000100000100010110101111011111000111011101001110001010110111111011010000101111010011
10000111000011000011100011100101101111100011001111111010000101110011101011101001100110001111110101011011101111101000100101000001100010011000101011000100000011100001001111110100100010111
11011100011111011110001110001101111000111110011000001011110000111111001000111100110011100001000100001010101010001101101111011111001011010011101011011101111110001101011100011110001010001
10010101110000001000111010111000000010001000110010101000111010010001011110000110011010111100011111101010000011101101000110010001011001110110001110010111100010111101000101000011111011101
10110000111011111011100000000011011111101010111110111110001111110100001100110011001010100111111010000010101001001001010100111101011111100100101000110010001000100101110101111000001001001
10011010010001101001101011111111110010100010000110000011100110000111111001111001101000101101000010111111111101111011011101100001000010001101111011111010111111110100010101101111101101011
11001011000100001100111000010000011000110111110010111000110100111100110011000011001110100001011010110110001000011011010001001011111000111100100010011010000001010111010101000000100001001
11101110011111111110011111110111001010110100011011100010010001101101100111101011011010110100010010010100101111000010010111011000011111100110001111000011111100010010010100011110111111101
11100011000110000111000100000011101110100101011010001011111111100001001101001010010010110111111011000101100001111110110100011111001010110011111011101000001111011000110111110000100001001
11001001101100110001101101101000100100001101001011011110000010001011011001011110111010010010101011101100110100100000110110110001100000000110000001101111101011011010000001000111111101011
10011100111001111011000000111111110111011101101000010000111000111001010011010000100011011010000010101001111110001110010010110100111111010000111101001011001001001111111011011110100001011
10110110011011001001111010010001100001011000101111010110101111101100011001010111101110010010111110001011000111111100111010000110000001111111100100011000011101100000100001001000001101001
10100011000010011100001110110100111101110011100001010011100001101111110011000100001100110110000110111010010000101001100011111111111100101000001110111101110001111110101111101101100111101
10110111111110111111100111100110000100110110111101111001001100101001000111111111101001100111110100001010111110100011101110100001000110001101011010000100100100100000111000100001110010001
10010010000100001001110100001111110110100000000100101100011110001100011110100011001011001100100111111000110110110110001100001101010011100111000010110110001111101111100010101111011010101
11011000110001100011010001111000110010101111111110000111110011101101000100001010011001011110001110001110010010011100100110100111011001110010010111100110111000100100001110100110000010111
10010011111111110110011111000010011010000010001000110000000110100111010001111010111100010110111000100011011011011001110100110100001100011011110100001100010010110101111100110011111110001
10111011000000010000110000011111001011110110101111111111010000110010011011000000100111110100101101111010001001010011110111100001111101000010000101101111110110110100100101111010000111101
10110001101111011101111111000011011001000100101000000001011111111011110001101110001100000101101101010011101101000111100000111111000101110110110101111000010010010110101101010010110001001
10011100100110001000110001110110001101110101100011111101010000101000000111000111111001110101000001000110100001111101001010000110010111100000100100011010111011010010100100010110111100011
11000110110011111010100100010011111101100100111111001001000110001111111100011100011100111101101011011100110100010001011111110000110000101111101111001010101001000110110111000100101111011
11110100011010000010101111011011000101001110010100011011101111011101100001110001001110000100111010001101100111110101111000011111111110111001000101101010001101110110100011111101100001001
10000101000010111110001010000010010001011011010001110011001001000001001111000111100111101110011011100100001100000101100011011000011000011011010000101011011100011100101000000100110111101
10111101111110100011111000101010111111000010010101000110011011011011011100011100110011000011001001110111011101111100001111001101000011001000011111101001000111010001101111110110100011101
10100100110000111000000011111110100011010110111101011111011010010010010101110001111000011001101100110001000100000111111001100111111111101111110000100011110001000111001000100010111001001
10101101100110011111011110000010101001111100100001001010000010110110110101000101001101111101001110011101110111110100011100110001000100000000111010111000110101111100011011101110001101011
10100000101111010001001100111010101100000101110111100011110110011100110100011101100101000111011011011001000000100101000001111100010111111110000010001111100100100101111001101011011101011
10110111100001110101011001110000101111101100010011111010000011001001100111111001101100010110011000010011111101101101101101101111110000000111111111101100001110110000001100000001000100001
10010011001011100101110011000101101000101111011001101010101010011011001100001101000111110000110011110111000101001000101000100000011111110010011000001001111100110101101101010101110101111
11011010011010001101100111111111001010100001011100001011111010111010011101111001010001011111110110010000010101011010101110111101000100011011010010111011010101100111001001111101100100011
10001110111010101000001101000100011110111101010110111010001010010011000101000011011101000000000100111111110111011111101100000001110001110010000111100011000101111100011111000111001111001
10100000100010111111100100010001010000001101000000110010101111000110011100011110010001101111111110101010010001001000100110111111000101100111011101001110010101000001001100010010011101101
11111101111110100000110101111111111010111001111110010110100101110010111001110000110111000000010000001000111101100010110100100001111111001100010000011100110100010101011001111000110100001
10000101000000101110011100001000110010100011100011010000110100011010001011010101100101011111010111100010101101111110100101101101100010011001011011110001111111010111110011011111100101111
11010111011101101011001111101010011010101010101000011111100101011000101011000101101100000010010000111010100100010000110111000101001000110011001010011011000100011100000110000000001101001
10010000010001000001101000101011001010101000101111111000101101001111111001111101000111101110110110001110110111010111110000011100011111111111100011001001010001110001111111111101011101101
10111111111011011111001010101001101010101110101101001110100101100010001100100001010000111000100011101100000001010100010111110111111000010000111111100011011111000111000011000111000100101
10100000110010000100011010001101100010100110100001100100110000101000100110101111111010010011101110100101110111000110110001100010001101000110001101001000000101101101101000010010010110001
10101110011110111101110011111000111011110011111101110001111111111111110100100100001111000110001100110111010011111100011100110110100101111111100100011111110001001000001011111010110011101
10101011000010101100100110011010001111011011000100111011011000110000010001110001100011111111011001110010000110000101010110010010110000001000110101111000110101011011011110001010011001101
10100011111010100110101110110010100110001010010110010001000010010111011111011011110110000110010011011011111100110001010011011000111111101110010111000010010111010001110100100011111101001
10111000110010110010001000100111110100111010110011000101010111010011000100010010010011110100110110001001000001111101000111011011100000100011000000011111011100010100010101111110001001011
10101101100110000111111011101101010001100010111001111101010001111010010101010110111000100101100000101100010111000101101100010010101101111001111111110101000101110111010001000000101101001
10000101001111110100000000101101000100101010011100011001110100101010111101000110001110101101111011111111110011010111111001011010001000001100000101010001110100100010010111101111101101101
11101101011000110110101010000001011101101111000111000011100110100010001101111100100100100000011000010001011000010001010011110011011111111001110100000100000110101010110000001000000100101
10001001011010010011111111111101001100100001110001111111001100101111100100001111110101111101001010110100001111111100000110100110010100001101100101111111111100101110111111101111110110101
11011011001011111000011000001111101001111100011100101010011110001001110111101000000100000111101110000110101000001111111110101110110001100111001101000010010101101100100110001000100000101
10001001101000001111001101100110001101011001000110100010111111111100010000100010101101110010100111101110111010100110000010000000110111110000011001011000110001111001110010111010110110101
11011011001010111101101000110100111001001011011100101000001101000001011011110111111000111010110001000010011011110100111011110111100100011111111011001110100100001011011000011010100011101
11001001100010010101101011100001101011101011001101111111100001111111001000000010001010100010011101111011010001000001101000111100001111010000001011100111101111101011010011110010111001101
10011100111111010000001000111111101000101001100100000000110100110000011111011110101011101011000100011001000111011111001110001001111000011010111000110000000011001001010110100110001101001
10111110000011010111111010110000001010001101110111111110010110000111110001000110101011001011101111001101111110010001011011101011010011000010011110100111111110011101000010101111011111011
10101011111001010000101010011101111111011000011100000111010111111100000101101100101001011110000001100101000000110100000000101001000111111111000110101100011000110101101000101101001010001
10001000001101011110001111001001000101001110111001110100010100001001111100101001101111010100101100110111011111110111011111101101011101100001111100111001000011100000111111100001100000111
10100011011001010110100101101100010100011010001011010101111101100011010110111011000110010101100111100011010001100001000011000101010000101100001101110011111110001110110001110100111111101
10101001000011000000110000001001010001000010100000010000000001001010000000000010010000110000110000001000010100001101011000010001000110000101100000000110000000100010000100000110000000000
11111111111111111111111111111111111111111111111111111111111111111111111111111111111111111111111111111111111111111111111111111111111111111111111111111111111111111111111111111111111111111
