1111111111111111111111111111111111111111111111111111111111111111111111111111111111111111111111111111111111111111111111111111111111111111111111111111111111111111111111111111111111111111111111
0000001000000010010000011000001100000000011010001101000001100001011010010000001011000100000000000010001010110001000000000100010000110001100010000000100001100100000110001111000101000101000101
1001101101111000110111010010100101101110110000100001101100101100000011010101101000011101101111111000100010000100011111110101000101100100001000111010001100110001111100100110010100010001010001
1111001000001110100100000111110111001010100111111100100111101110101011000100111010111000100001100010101010111111001000000101111101001111101111110011111110010111000101110100110110111101011101
1100011101101010101101111111010001011000001100010110110010000011101001111110100010001011111101001111111110000001101111111101000100011000100000100110100011010100010000010001110010100001001111
1001110001101010101100110110011101001111111001010010111000111110001100100010001010111000110101011000000011110100100010001001010111111010110101101100001011010001010110110111011000101111100011
1011011111001000100110010000110101100110001011000110101110000110111110101011111110001110010101110010111000011110111000100011010110010010011111000111011110011111111100010001011111100001101001
1011010001011111110011010101100100110011100001111110000011010010001000001001000010100011010100100110011111001000101111111110010000110111000000011110000100111000101001111101001000111100111101
1000000101000000000111010100101110011000101100000011111001110111101111111101101011101001000110101100110001101011100000011000111101100101111011110100110101100010001111100001100010001110011101
1111111101101011111100010110001011011110100111101010011101100001100100100001001000001111110110101101100101001000111111000011101001001100001110000001111101001110100110001101001111100111001001
1010000100111110001101110011100001000110111100001000110001001100110110101111011111011000010010000111001101011101100011110110001101011101100100111011110001100110110100101111111000110011100011
1000110110010100100100111011001111110010011001111110100111100111100110101010000011001011000111111100011001011001001010000010100111001000110101101000100111110011110001101000010010011001101001
1010011111000101110110101110011100011011010011000100101100110010001100100011011001111011111100000101110011010011011010111110110001101110110101101110001100111000011101101011000111001100111101
1011000101110101000000100000111001001011010111010101100110000110111001111001011100110001100001011101010110010110010010000000011011100100010100100111111110000011000111001011110110011110011001
1011110000100101111111101110001011100010010110010100110100101100101011001101001110000100001101110001000000110000110110111111001000110111010110110100001110111111110001101000011100110011001101
1000111011101101100010000011101011111110110000110111110111111001100001101001100011111111111111100111111110011111110100011011111110010011010000000110100100101000011100101101110001100111101001
1111100011001000101000111011001001010000110111110100010100010011111100101011111001000000011010001110100011010001100101110010000111011001110111110010110101100011000110111000110100101110001011
1000001010011010111111110010011101010110010000010101000001011000000110000010100011011111000010111010001000010100001100010110110100001100011100011011100101110111110110011110100110100011100001
1101101110110010001000100111110001000011011111110001011111011110110100111110101110010001111010101010111111110111111111000100100111011110111001001001110000100100010011001000101111101001111101
1100111100100110101010101100000111111001001100011111110001000011110101101100001100110100001000100000100011000100001101110101101110001010110011101100011010101101111001100011100010001100110001
1001100001101100100010100001111100101101100001010000111011111001000101001001111001110111101111101111101110011110100100110100101100101010000111101111001110101100011101111110111010111110100111
1011101111111110101110101111100001100000111111000110100000001101101101100011011011100100101000100001001000110000110001100110100101100011111111001011100100100101000100101000001000011000101101
1001001100000011111100100110001101101110100001111110110110100100001001101110001010101110000010111100011011100111111011001100110001001110000010011010110110110101101110001111101111001110101101
1011011001011000110001110011011001000111101101100010011100111111111011000010101010100011101010010101010010001100001110011110011111100110101000110000010010110100100011100010000101111000100001
1011011101001110100111111011001111011101001000101011010001110000000001111011101010001000111111110001110111011001011100110111011000101100111111110110111010100101111000111000110101000011111101
1001000101011000101101100001100000010001011110101000010101000111111111001001101011101110000100010111100101000011000001100000000010101001110100000011100010001111000010101111110101011010010001
1101110101001101101100111100101111110101010110101111110111011100100001101100101011001011110001000010101100011111111111101111111110101011000001111001001111111010011110000110010001001111000111
1000110101100100100110010110100000010111010000100100100011010110001100101110001001100011011111101010001101110011000000111000001100111010011111001101011100000000110011110000111101100011101101
1011100111110110110011010000110101000110010111110110001000010111011110100011101100111001001000111010111000000110011110011011100101110010110001101001010001111110100110011110010001111000100001
1010001100000100111001010111100111111100110000010011101111110000010000101001100110001100011010001110101111111100110011000010110100010110100100100011011011100000110011000011010111001010110101
1010111001111101101101010010111110000001111111000111001001100111011101101100110111011111110011011100100001000001111001111110010111010110001110111111011000111111111000011000010010011110011101
1010010011000101100001011000000010110111000011111110011101001101000111001110000101000100010111001001110101101111011100100010110010010011011010000101001110100000100010111111111010110111011001
1011011000010100110111001111111010011100011010110000110101011101110010011011111101110101000110011011000101000010000110001000111000111001110010110001100010001110111111100001000010010100010011
1011001011110110010100011000010010110001110010011011100100010000111000110000000100010001111100110010011101011011110010101101100010001100010110111100111011100010000100001011011111000101111001
1001101111000111010101001011000110010111100111000010001101111010001111111110110001111111010001100110111001011011000110100101001111111111010000000110001000110110101101111001001101110100001011
1100001000011100010101101001111111010101001101011110101100001011100000000000100100101000010101001110001011010010010100110111011001000000010111111100101110011100100000001011100100000111101001
1001111101110101110111001101000101000001011100010000100111101001111111111011111110001011010111011100101001110110110101110001010011011111110110001001100011000111111010101000110111010010101111
1011101001100100010011100001110001101101010101111101110011001100100000011010000111101110010000001001101100110110100101011101000110011000011100101011111111110001010011111110000000011000100011
1010001011001111011010001011000100111001010001011001011001100110101111001110110001000010111111101111001110000100110100000100010111010011000001100010001100011100011011000110111111111101111001
1000100010011000010010111111011110011101011101010011001100110000100101100000111101111000011000100000011011111101100111011111111100010111111011001010100101000111001110010011100001000100001101
1111111110110011110110110110010011000111011001000111100110000111110100111111100101100011110010101111110010001101001110001001000101010100001001011110110101110101100010111001110101110111101101
1010010100000111000100010100111001010000010011011100001111111100010110010001110100110110000110111010000110100101100100100011010001110101101101000100010001010000111000101100110100110001001001
1000110001111100011111000001100011111111110110010001100101000001000111000100000110100010111110001000110010110000111101111110011111100001111001110101111111011011101111100110010110010100011011
1101100111000001010011111111101000100010110100110100111100011111111101011111110100101110000011101011111000010110010001010000110000111101000011100100000100001000000000110011000111010111111001
1001001100011011111000001100001110001010000101100110011001111010000000010000010101100011111011001000001111111111010111000111111110011001011111001111110001101101111101111001111101010000101101
1011011101110010110011101001111011011110111100101111010011000011011111110110110100111001101010011111100110000001000110011100000011001111010001011100011111100100001000101011000001011010101001
1001000111100110000111000011100011010000101110111000010110011010011000110011100110101100101011011000110010111101111100110101111001100000010100010101110100110111101110001000011101001110101011
1101110011001100111101010110001000010111100100010011010100111011000010011010001100100110101001010010111010100100010001100100001100110111111101010000000110100100100111101110110101100010001001
1100011001011101110001011100101111110000110001000111110110110011010111011000111001110000001101000110011110110111011011110101100110000100000111010111010100101101110010000000100101111011101011
1001001100010001000101000111101010111110011101111100000100011001110110010011100011000111111001111111010000110001000010110101110110111101110011110110010001100000011011111111110101001001101001
1111100110110111111101110001100010100011000111000101011101001100011100111011001110010100001100010001011011100101111110010101000100100001011000100010111100110111001000001010110001101100111101
1000001111100100110000111100111000110111110011010111010001100111001001100001011000111101100101011101010010101100010111010001011111101111011110001110101001100011101111101000100111100110000101
1011111111001110010110010110001010000000011000010000010111110001101100111111011011101101110101001000000110100110110000000111010001101010000011111010001111001001100110101110101100001111110101
1000000110011011000011000011101111111111001111111111110000011101000101110000010001101001000111101111111100110110000101111110010100100011101111000011100011011100110000100010000110100001010001
1011010011010011101111111110101100001000011000100000111111000101010001010111111100001011010010100010010110010011111111000000110110111000100101011000101000010110011111111010110010111100011101
1111010110011010001100000000100101101101110010101110000011110101011111000100001111101001111000111011000011011001100011101111110010001110110000001111111111110011010000110010111010010101111001
1000010100110000100001010110110000100111100110001011011000011101011000011101011001101100010010000001101001011100111001001000010111100110100111011000010100000111110110000111100011010000110011
1101111101110111111111110110111110110001001100100010001111010001010011110101000011001111011111111111001100001110011101011011010101101100101110010011000001010011000111111111001111010111100111
1000001001100001000011000100000011111100011111111110111011010111010110110001101001011001000000010001100101100011001001000010010001000101100010110111101101110110011100000010011000010110001101
1011011011001100011110010111111010000101110100000110100010000110010010010111001111010011111111010100110111110111101011111110110101010101101010000010001111100010111001011010110011110010111101
1110001001111101110000110100001010110111000001010010101110110100111011000010011100011000010000010110000011000100001000110000111101011100111111111010101000110110101011001110111000011110100001
1000101100000111000111111101101110110000010101011010100100111111101011011011111001001101110111110111111001101101111011100110011001001110001100010010101010011100100001101100011110110000101111
1011111111110010010100001100100010011111110111111000110001100001100001111010000011101000010001100100011111000101001010001111001011100011011001011010101011010001110101001001110100011011100001
1000000110011010111101100001110111001000000100001111100111001100111100001000111111101111011100110001110000011101100010111011101000111000010011001110101011000111011111011011000001110010001101
1111010011011010100001111111010101101101010101100000110101011110010111101011100011000001001110010101000101001001110110010001111110011111110111100000111001111100001100001010010111000111111101
1100011001010010001111000011010000100111111101111110100101001111000001101000001001111100011011011111010101101011000011010100010111000101010100111110011100011001100001101000110011011110000101
1001111101010111011000011010011101110000001101000100101101100101101011001111101011000111000001000001011111001001011001000111000001110000010110000011001111001101110101001111111001010100110001
1011010101010001001111110000110100011111101001010101101000110001101110011010101110010001101111111101010001101100011011111101110100011111000100110111011011100100010101101100011101010001111111
1001000101011101101000100110100101000001100011110100100010011100100010111000000100111011000110000101000100111111110010010100011111000001111111110001000010110111010111000101000101011011000001
1101101101010100100010001100001111111100111110110110111011001110111010001011111101110001110000110101110110011000010111000001001101110111010110000101111010110001010001111101110001001010011101
1001000001000110111111111111101010000110000000010110001110011010010011101011001101011100111111110100010011010011000011111011100000010110000010111101101010011101010100001100010111101000110001
1011101101101100000000100110000011010010111111000011100011000011010111001000011001010110100001100101011110010111111110001001110111010100111000010000101011001001011110100110111100001011111011
1000111000001111111110101100101000011111100001111000111001111001010001101111111011000010111100001101011000110011001000101100010011110001101111011010001001101011001100110000010001111011000001
1010001010100100000100101001111111110000001100011110001100011101011100001000000011011010000111111101010010111001100011100111011000111111100011001111011011001001111001111111010111010010011101
1010101111111101110101101011110000111011111111000111011111000111001111111101111110001111110100000111010110001100110110110100001010000100001001100100010000011100001101000001110100000110111001
1011100001100001010001000001100110001010001011110100000001110001100110001001000000111000000110110010010111111110000100110110101111010001101111110111010110110111100111011100010101011100101011
1001111101001011011111011111001111101011100000100101010101011100001100100011011110100011111100011010110001000011111101100100111000010100111000110001010011100000110011010110110111111001101001
1011000100011110001101010000011110001001101101101111110100001111111001111110001010101110010001111010011011011000000101001101100011010110100010010101111001001010011001010010010110001011101101
1001011111110100100100010111111100111100101000100100010101011000011011001010101000100111000111010011001001001011010101011101001111111110101111011100011101011011001100000111010100101010101001
1101010001100001110110110100011001101110111010110001011111010011010001100000101111110001101100000111101011101001110001000101011100001100100001001001001101011111100111111101000101100010001011
1001010100001011100011100101010011000000001011110101000010000110000111001111100001011011001101111101001001001100011101110101011001100101111101101101101001000000110010101001111100111111011001
1011000101011010111001101101010111111111101010000111111011101100110100011000111100001001011001100000011101011111000111010111000011110111010100100111101011101011111000100011010001110001001101
1011111111001010001100001001010100000010001000111110110000101001110111110010001001101101010011001110110100010001110001010001110111010000000110110011001000101001011110111001010101100100011001
1000000011101011011111111101010101111010111011100010011110101011100010000111101100111100010110011000100001111100011100011100011101000101110110011000011110101100010010001100000100101110110011
1111111000111010010000000111010100100010011011001011001010101000101110111100001110000111110011110011101111001111000110110111000100011101000010111111000100100101011011011001111110111000100111
1000001110011010110101110011010110111011010001011001100010101010111100011001111011011110011000100110100011100110010010100001110110110001111010000011110101111111010001001100000110010010101101
1101100011000010000101011001010110001000011101001100101110111110000001001011000000000011001110001110111010110100111010001011010011100111100011111001100100000010010101100111110011010110101001
1000101111111111011101011100010010101111001111101110100010010100101111101010011101101011011011111000010010000101101011111000011000101100001110001100111111111000110100110000010111010010100011
1011101100010001110001000001011010100001100110000010101011000111111000111010110111001001010000010011110110101101101000001110111110001101111011011110001010001111100110011111011100011011111001
1000101001000100100111011111110010111101110010111110111011110001100010000010000100011101010111000110000100111000001011101100001011111001001000000011100011011000110111000011010001110001011011
1101100011111110001100000001000110110100011110100110010000111100101111111111101101110100010001010100111110010011101110001001100001000011101011101010001000001010010100011110010111100100010001
1000111111000111100110111111011110100111000010110011011010001110001000010000111001010111010111010001100011000110000111011011111111011110100010001010111111101011000111001100110000110111000111
1011100010010000110011110000010010101101110110011001010011101011111011000110110011010000010011111111001001101100111100011001000011011000001110111010001011001001110110011001100110100001111101
1010001110111101111000100111111010000000100011010011010110100000101011101100000110000101111001100010011101001111100001001101011001001010111100101011101000011111100100110011111100101111100001
1000100110101000111101101100011011111110101110000110010100110111100010100111110011111101101100101011110001111000101111100100011101101011100001100010101111000000001101110110100001100011001101
1111110010001110011001101001001000000100101000110100110001110110001110110000111010001000001110001010000100000010001101001111110100001001001111001110100001111111111001010000110111101001111001
1000010111100111001011001011100010110001100011111101111011100100111000111110001110101111101011111010111111111110111001011000000111111011011001101010111100011000011011011110000100111100011101
1011010010110001100011011010111111111100101000110001100001001101100010000011100000100110001000010010010001100111100011001011011100010010011100001000000111001101001010001011111110010111000001
1001011000011100111001001010100001000111111101100100111111011000110110101000111010110100111111010111011100110011001001101011000001110110110001111011111101100111100000100010100011000001111101
1101111111001110011101101000101100010100001111001111100010001110011110101010001111110101100000010001000110011001011100001001110111000010010111001000010001110000110110101110001000011101101001
1001100011011011000111001110100111110110100011011000101011100111001100101111111000100100111010111101010011001101001111111100110110011011010101100010110100111011100111111000111111000111001011
1100001001001001110001101100101100010100111001010010001001110001100101101000010010101110000010100001111011100001101000000110010100110001010000101010010110101001001100000011100001110000011011
1001111101100011011101001001100101000110101101010111111100011011110111000010110110001011111110101111000010110111101101010011010101111111011110111111000100001101011001111111001100011010110001
1011101100111010000100011011110111011100100000010001001110111010010011111010100111111000000010100001011110000011000101011110010000011000010000100001101101101001010011100001101001001110100101
1000100110001010110111110000010011000001111111011101101010001000111000001010101100011011011110111100010010111001110101000000110111110011110111101100111000111011110110001100101011100110101111
1110110011100010010001010111111001101111000010001100001010101110001111101110100101001111000000010111111000101100100101010101100000100111010010000110011010011000110110111110111010001100100011
1000111000111111011101010001101101111000011011100111100011100100100000101100110101100110011111010110001011100110001101111111001011101100011011110011010011001110100100100000010010111001111001
1101101110000110001101011011000100001011111000110000101001110110110110100001110000110010110001010100111010001111111100100010011110001001001001100111011001100010101101110111000111100011101011
1000000111010011100101011010010111100011001101111111101100110011100011101100011111111011100101000001110010101000000111101010111000111011101100101110001100110110101000100001110101001000101001
1111110010011001110101001000110000101110011000101000000110011001001000100110110001000000101101111111010111101011010011001011110011100010000110101011100111110010101110101111100101011110101101
1000111000111100100101101111111101100000111101100010111111011101011110110011100101110110101100100010010000100001011001011000100110001010110010001000110000100110101000101000101101001000001101
1010011111100110110100001000011000110111110000101111100001001001000100011001101101100100100110101000111110110101001101001110001100101010111111111010011110101110001011111010101101101101111001
1011000010001110100111111011000010011100011010001001001101111011011101111011001000111101110010001110000010011101101000011011111001111010101000101010110110100011111000100010100100100100010011
1011111000111000110000100011101111110001001111011011011100100010001100010010011110001101010111111011110111000111001111110000101111000010001010000010010100101000110010001110110110110110110111
1010001101110011100101101110111100000111100010000010010110001111100111000110111011100000010001000000010001110011100001000101100000011011101011111111000101101010100110111000100000110111100101
1011011100010110110100101100100001011101111010111110110111111101001101111110101000111111011100011011111011011010101101011111001101110011001001000001101101111110001100001011101110010100001101
1001000111000100000110000001101111110000000011100010100100000101011000101010100010000010000111110010000001001000111001000010011101000110011100011011101001000011011001011010100011010101111101
1101010001111110111111111111001000011101010111001000110001011100000010001010111111101110110110011010111101011110001101101010111001011100111111110010001011101001110011010010111001110001011001
1001011111100010000010001100011011000111110000011111110111000001111111100010100001001000110010110010001001000011100100101110001011011001101010100110101000001100100110010110101100111111000011
1011000000111011101110101001001001110000011111111000000101111111000000111010001101100010011110000111101101111000110110100011011001110011000010101110111111111110111100110110000110010001110111
1011111110011000100110100011011100111110110001000011111100000110011110001111111000110111110000111110101000110010010000110111001100011000011010101010001010001100000110110010101111000100100111
1010100011000010110010111010000110010010011101011010010101101100110011100110001011100001100111100000101110011110111111100101101111001111111000101011011000100111110100011011101011111110110011
1000001001101110111010011111110011010111001100001111010000100101111000110000100011001011001100001111100111001000100001101100000001101001100011100010010011110000010101110010001000001010011001
1111111101000110000011000110000111010001100111100100000111101101101101111111111110011010011111100001110001100010101100100001111111001011001001111010110110111111010100010110111011100011001101
1000010001010010111111010011111100011100110110110111101100100100101100110101000110110010110001001100011101111110100110001111000100011000011011000010000100000001010110110100001001110111101001
1011110101011111100010011000000001111001100010000000100001110110000110000000010100111110010101011111000100000111110111111000011101011111011110011111111111111101010011100111011011010001001011
1000110111110001001011001111111111100011111011111110111111100011110111101111110101100011010101000001110111110000110100001111001001110001001100111010000000000101011001101100001000010111011011
1010010010000100011001101100000000110110001001101100000000101001000100001000000100101001000101111111000110111110100101100000011011100101111001100011101011110001011100100110101111010001001001
1011011000111111111101000101111110000100101100101001111110001101010111011010111101101101111101000100010010000010001111110101111010001101000011001011001010011101000110110010111100011011101101
1011001111110000000101110100100011110101100110100011000111111111011110011011100000100100001001010001111010111011111100011100001000111100011111011001111011001001101110111010000101111000100101
1001100101011110110101000101101001010100110000111011010011000011000010110010001111110111100011011111100010110000110001001001011111100111111000011100010001101011100010000011010100001110110101
1111001100001100011101011101001101000110011111110010010110011001101010100110111000010101111111011000001010010110000111101011011000101110001010110111011101001010110111111111010111100010010101
1000011001100001011001011000011001010011000101010110110100111100111010101110001011110100000101010011111011010111111110101111000010101010101011100001001101011010100010100001010010110111010101
1011001011111011001011001101111101111111110100010100100001110110000010111011100010000111011100011000011011010010001000100001101110100000100011001101100101001010101110001100011000110101000101
1011101010101001101011101001010101100011100101000101101100000011111110011001111010111100011001001101001110011000101011111101101010111101111110011111110001011000100100100111111111100001111101
1010001010001100101010001011010001001001001101111100101111101111000011000011000010001101110011100111101000111111101000100001001000001001000000111000011111001110101101101110000000001111010101
1011111011011110111010111000010111011100011001000110111000111000010111110111011111100100100110110001111011100101001110101101011111101011101111100011000001101010101000101010111111111010000001
1000001001000100100010001111110001010111010011010010011010100010110000010000010000110110001100000100010001110001011000100111010101001000100010001111111100001000100011101000110100010000111111
1011011101011101101111101100011101000001111000011011000010001111111111011110111010010011101111110111000100000111010010110010010001011010111000111000000101101011111110100011100001010101100001
1001001100011000101100001001000001010100001111110011111111111101100001000010001110111011001000010011111111101100010111111010111011001010001110011011011111001010101000101110001111110101001101
1101101001010010100111101011101111110101101010100110000000100101001011111011100010001001111011011001100000111001110001101000100001101110100011001001001010011000000010111000100011000101011001
1101100011110110110001001001001000111111001000001111111010110000011000001001111000101100001010001100101110100011100100001111111100100110111011101101101000111111111110010011111001101101001011
1000111000100100011101011101011010100011011011111100010010011011111111101100001111101111101011100110101000110111001111011000011001110011100010001001001011101101100011010110101101000101011001
1110001111101111010001000001010010001010011010100001010111001000100000100111100010000100100010110100101110100101011000010011001011011000001111011011011011000101001110010100001001010100001011
1000111000001001010111111101110111111000110010001011000101101110110111110010111011110110111110010111100010001100001011010111100011001111111000011011011010010000011100110110101011011111111011
1111100011111100010100001111100100011111110111101011110100101000100000011000101001100000000011010011001010111111101011010110111001100100001101110001001000111101110001100011101000010000011001
1100001010010110110101101000101101110000010000111010011110001011101111001110001100111111011110011001011011100000101010010010001100001101100001000111101111110100010111001001101111110111001101
1001101011000100010101000010100100110101011110100011001010111010000001100000100110100011001100111101111000101110111010111010100110101001111111110101100100000111010101111100000010000101100001
1011111111101101110101111110110110000101000110110111100010110010111111001010110110101001100101110100010010000010011011100010110010111011000101100100110001110101000100000111011110111100111101
1010000010100000010001000010010010111101110010010001111000000111100001011111111100101100110100100111011111011011001010001111100110010010011100001110011011000101111111010001010000101001101101
1010111000101111011111010111011010000100111011010100001111110011001101110100001001101110010110001101000001111111101000111010001111000111000001011100111010011100001100010101010111100011000001
1010101110101101001001010101011011110110010001011101100000111010011000010001100011000010110010111001111100001000001101100000111011111100011111110001100010111001100110111101110100001110011111
1010000100111001101011010001000010110111011101001111111110001110111011000111111001111110011010000011010111101011111001111110000001101101110000100111001110001011110010101001100101100100110011
1011101101110011001010010111111010000001001111100000000011100100100001111100001101000011011011011011000000101010100011000011101100001000000110101100011011101011011000001100001100101101111001
1000000100100110011010110100011110111111100011111111111001101101111101000001100101011001000001010010010110100010001111011000100110111011111100000110111011001010001110100101111110100001001101
1011111110101110110000100101001100011000111001010011001100001001010101011111110101011101110100010111110011111111101001011110111100100010001111111100101010011010101100110111001010111111100001
1010001100101100011111101101100111110010011100000110011110111011000001010001010111000100011110110110000111000011001100010000000101101110100001100001100010111010100111100001101000000000101101
1110100101100001110000001000110000000111001101010000111000010001111111010100010001101111000011100100101100010110011101011111110000101010111101001011111000001110110000111100100011111110111001
1100110001001111010111111010011011111101100111010101100011110111000100010111010100101011110111001101111001110100110001001100011110100010001100011110001101100110011010000110111111000100011011
1001111111100110000110001011010010001000110001111101001110010000010101110011011110001000110001101001000011100101111111100101001100111011101001001100100111110011001111110110100000010111001001
1011010000101100110000101011110110101010010100000101011011011111110101011001001011111010011101001101011111001101101000110001100111100010101111111001110010011000011000110010101111110101100011
1001010101100101111111101010100100100011011111110101000010010001000100011011100000010011001001011001010001011100000010011111110000110110100000001011011010111101011010011000100101100100111001
1101000101110100101000101000101101111110001000100001111011000101011111001000101111011001011011001100010111000111111111000001000110010100101111101011001010010101110011001010110001001110001101
1001011100110111100010101110101001010000101010111100100011101101001011101101100010001111001001100110110010010011000011111101011111010001111100001001100011000000100111101111111101011011011101
1101001110000000001110101100101011000101111010001101101110001001100000001000111011100010011011110100000110111001101000011001010000011100010001101100101110011111101100000100001001000010010001
1001100111111111111010101001100001010111000011100111001011011011111111101110110010111011011011000110111110011100101111110011110101000111010111101110100110110100100111110101100011011010110111
1011111100001000000000101011111111011110011110110100011000010010000011000011100110011010010010010011100011010110001000010111000111011100010010100110110100100001110100000101111111110010010011
1010000101101101111111101011000101001100111000010001011110111110101001101000001100110000110110111000001000010011101011010001011110001101111010101100100101101100100101111101001011000111011001
1000110101001001000101001001110001100110101011011111110000100000111100111111111101110111100100001111111111111001101001011101011000111000001010101001101100111110101100100001100001011100011101
1111100101011011110001101100011011110010100001000011100110101111110110010000110100010010001101100100001000001100101101010001001110110011011010101011100110000110101110001111111101001111000101
1000001101011000000101000111001000011000101111111001001111101100000011000110010001111010101000111101100010111110001101000111100100100111110010001010110011010010100011111001110001100011010001
1011011001001111111100011101100011011111100110101100011010001001011011111111011011000010111110011001111110000010111001111110110111101100100111111010111001111000111001001100100100111001011111
1001010011100000000111110001111110010000110010000110111010111101001000100001011001011110001010110011001011111011110011100010000000100001101100001000101100110011101101100110001110001101000001
1101110110111111110011000100001010110110011011011110000010011001101110110101001100000110101000100111100000101001010110001000111101111100100110101010001110011110001101110010101010111101111111
1000100110000000111010011111100000100111001010001000110111010011000110010101101001111100101101101111101110001100000110101010010001000110110000101111011011001000100101000110100011100001000001
1011101100111110101000110010111111110101101010101010110100010111010011010111001111000110100101001011000010100111101100111111010111010000010101100110001011101011110001010100111001101011011101
1001001001110000101111111000000001100100100011101011100101110001111010000010011100010010110111011001011111110000111111100001110000011111111101110011101010100000111111010101101101001001001001
1011011011100110100000000011111100110101111110001000111100111100101011101010110101111011100001001100010000010110011000001100011111111000001000011000000000101010000011011101000101011111101011
1011010011001100101011111110000110010101000011011110001110001110001000111010110000101000111101100111110101010111000011111110110000100011101011001010111111111111101001010000011101000100001001
1010010110011101101000000100110111010001101001010011101011100011111101110010011110001010011000110001100111010101111111000000100110001110101001111110010001000000111101000110110001010001111101
1000110010111001001010110101111100010100001100011000100001101000001100011111000011101111010010011100101110000100010000011111101111111010001111000110110100011110010101111111100101110111000101
1011111110100011011111100100011001011111111111001101110100111111101001000101101001100110000110110110001011111101110111110000001000011000101000010011100111111011000100001100001100111100010101
1010100000111011110000001101110011111000110001100100010110011010001111110000001100110011111100000111111000000000100100111011111011001101111101111001001100110011110110100111011111100001110001
1000101011110000010101111101100110110010010100110001010111001010111100011010111110011010000001111101001011110110101110100000010011100000110001001101101110010110010110110000011000001111011101
1110111000011111011100010001001100000111010110000101010001100010000101001110010011000010111111000000011000011100101000111111011010111111100111011101101011010000110010111111001110111011000001
1010001111010001011001010111011111101111011100111111011011111011010001100011000111111011100011011011001111010001100010000110010010101000001100000001001010000101111011100010011000110001110111
1011100000010101001111010001000001001010001111100001110001100001111111111011111110001010001001011001111001010111111111110010110110000011111101111111011010111100110000101011110011100100100101
1000111111110111101100011011111100011000100100001100011101001100100010001001000100101110111100001101100011010110001000111010100011101110100000100011010000010110100110001001100110001110101101
1010000000000000000001010000000001010010110001101001000001011110001000101100010001100000000101100100001000010000100010000000101000001000001010001000010101000010001100101100001100100010000000
1111111111111111111111111111111111111111111111111111111111111111111111111111111111111111111111111111111111111111111111111111111111111111111111111111111111111111111111111111111111111111111111
