1111111111111111111111111111111111111111111111111111111111111111111111111111111111111111111111111111111111111111111111111111111111111111111111111111111111111111111111111111111111111111111111111111111111111
0010000110001000001010001100000010000000100011000000100001010010000000010010001110000000000000000010000100010001000110011010000000000001101101010110000011100011000000010001100000000010000010010000110011001
1011010000101110101000100101111011110111101001101010001100011000111111011000100100101111111111011000110001010100010011000010111111111100101001000011101001001000010101000101001101101000111011010110011010011
1000011111100110111011110000010000000010001100111110111111011101100001001111110001100001000110001101111101010111111001101010001100010110100011011001001011011111110111111101011000101111101010000111000000111
1111111000110010011011011111011111111010111110010100100000001101001101100000111111111011010010111111000111000100101011001011100101010110101001001100011010010100010010000111001110111000001011010101110110101
1000001101111011010010001000010000100010010011000001111101111001011101111110000100011110011010011010010001111110001001011000110101010100101111101111001110110001011000110001101010001111101001110001000100101
1011100101000010010110101011111011101111011011101101000100100011000100100011110101000010111011000010111100010000111101011110100001010101100100001001100010100111011111111101000010101000001100110111011110101
1000110001011111000100101000011001101101001000101111010110101111110110001010110001101010110001101010101111010111100001010010111111010001001101111011101000110100000000011001011111101101101110010100010010101
1010011011000001101101101111001100000001101110101000010100101000110111111010011111111010011101101010001010010001101111010110001000011011100100110000111111100101111011110011000101001001100011010101111010101
1011001001111101001001000001101110110100100010100010110101100010100101100011000000110011011000001011101010110100001100010011100011110010001110000110011000001100001110000111011100011100111001011100001010101
1001101111001101101011111101100011110111111000101111100101111110101101001111010101100110010011111110101010011111100101011000111110110111011011111100110011011111111000111100001101110110001101000111101010101
1101100001011001001001100000101000011100001011100110001100011000101101011101011100001100110110000100000010110000110101111010000000000000010000000110100111000100000010110001111001000011011111101110001000101
1000101011000011011011001110111111000001101001111100111111010010100101011001001111111001111100110001011110100110100100001011111101111111010110111100111110010101111011100111101011101000000110100100111011101
1011111010011111011001111100010001011111101101000001100010010110110101010011100101001100010001111111000110001110110111101010000101000011110010100001100010110101000011001100001011001101111100110001101001101
1010000010110001001100000111011011110000100001011111101010110100110001010111110100011001010101000011101100101010010100001010110111011000011010001111001000100101111110011001101001111001100001111111101100101
1010111010110111101111110101001001000110111011000100001000100101100111010001010101000011110111011001111001100011010110111010010011011110111011111001011111110101000010111100101100011011001011100000100110001
1010110010010110001000000101101011011100001001110110111111101111001100011100000111101001100011001100001111111111010010010011011001010010101010000011000100011101011010100110100111001000011000111010001111011
1010011111010100111110111100100010010111101100010010010100000011011101111001111110001111001001011111100011000100011011011110001100000110000011011011010101001001001000110000110001101111111010011011111101001
1011000100010101100010010110101110110100001111111011000111011000001001010011000010111000011111001101111010010001111011000011101111111100111110011110010101100011101111100101100100101100000011001011000001101
1001101101110001001011010000100100100001111000011011110001111111011011010111101000001011110001100100101010111111001001011000000100001001100100110000110101111000100110110101001110100101110111111000011011001
1011000001011011101010011110110101101111100011001010111100110001110010010000101011101011010101110110001000110001011101110011111101101011110001100111110100011011110100011101011011110100110100000011110010011
1001111111000000001010110000110101101000001111100010000110000101100110111110111000100001010100010110101111100101010100011001000001101010100100101100000111010010000101011001010011000110011101111110011000111
1011000011011110101000111010010101001101111101111110110011111100001100000010011111110100010111000100100100001100010111010011011111001010001110000101110001010110111101001011010110011111000100101011001111111
1000011001110010111111100011010101100001000101000010110110000111111111101111001000011111010001111110110001101001000100010110010100011011011111110100111011011110010001101011010010110001110110001011101000011
1111111100011000110000111001010100111111101100010110010011101101000000100011100011011011011011000011100100101111111101110010110101110001000100011110100001000011000111000010011010111100000011101010001111001
1100001111010011100110011101110110001000001001010111011001100000011110101000111110001001001011101000101101101000011001011010010001011101110001111000101111111001111101111111010010000101011000100000100011101
1001100011011111001111010001100111101101101011010101011100111110110010111101110011101101101001001110111000100011000011011011011100011000111111000011100101001100001000001001010111110111001101111111111001101
1011111110011000011010011011001100100111001001110001001110000100011000000000011000100100001100011010001111111011111111010001000111010010001000011110110001101111100010100011000100010001100100110000001100101
1010110000110011111000110011011110110011011101000101101011010001110011111111001110110101111111110011011000110010010100010111110101011111100011110000111100001000111011110111110101011100110101100101011110001
1000100111100110001011111000000000111001000101011111001010011111100110000001100010010101000010000111000010100111000001010100110100000001111110000110000101101010001001110000010111000110100101001101011011101
1010001100001111101000101111111110001101110001000000011010110000101110111101111000110100011011110001111110110101110111110110010111111101000100111111110000111011101100100111010011101100101111011111001010001
1011111001111000001110100000000110101001100111111111110010110110101010100100001111100111111000010101000010100100000110000011010001000101110001100001011110011010100111101101011001001001100010010001100010111
1010000011100011011100110111010010111011001100000100010110100110101010110111100001001101101111000111011000101101101100111111011101101100100100001100000011010010110000001000001100011011111000110101101010101
1000111110001111000001110001111011100010011110110001000010001100100010110001111100011000000001101100011111101100101001110110000100100110111111111111011011110110011111111011111111001010001011100100111010001
1111100010111101111111100100101010001111010100111011101111111001101110000100100111111011011011100110110001100111101011000100110110101100100011000110001110100111010000100010001001011000101110001110010011101
1011001010001000101100110110101000111001010001100001111000110011000111111110101100001110011110001100110100110110001010010001100100100001101001110000100100101100000110001111100011001111100010111111010110101
1010011111101010100001100110101111101100011011001100100010100111111100001010101001100000110000111001100110010010111011011111111101111101001100100111110001100111111100111000110111101000111000010110010100101
1000110000100010111011001100100110001001010010011111101110101100000001100000100011101010100101100011101111011010100000010000110001011001100110110000011111001110000110110010110010001110001111000100110001101
1011110110111110010001011001110100101011111010111010001010001001111111111111101110001111101111001010001000011010001101110110000111010011110010011111110001011100110010000110011010111000100011111101111011001
1000100010000011010100001101010101101001100010000010111011011011000010000011000011011000000011011111011101010010111111000111111110010111111011000000110100000110011011110011011010011101101001000101010001011
1101101111111010010111111001000001101100101111111010010001010011101000110110011001001101111110010100000111010110110000011101000011000101100011111110010101010011001000011110000010110001001111010001000100001
1001101100011010110010001011101111000110001000010011011100010110101111100100111101101001100100110001110011010010100111110000010110011100101000000011000111111001011111001100111010010111011000011111011111111
1100101001001010011000101000101001011111111101000111000110110000100010110101110101111011001101110111011001111011101101100101111100110110001010110111101100001101010001101001100011010110010011111001000110101
1110001011100011001110101110101101010000010101111101110100111110101010010100100001000010011100010100001100110010001000110100000101100000111110110000111001100101000111101011111110010100110110001011110000101
1010111000111111100011111000101001000101010001000000110111101010101011010110101111011110110111010001101110010110111010000111110101101111100011100101110011110101101110001110110000110101110110101000111110001
1000011101100010111001100010100011101101000111111010100100000010101010010111100010010000100001011111100111000100100011111110010101000101001010001100100111010111100100111000000101110100010011101010000011101
1111000100001000001100110110111111000111111100000010101101011010111010110001001000110110101101000110001101111101101000000010110001110001011000111111101100010000001101110010111111000111011000100011111011001
1101110101111110100110110111110001110010100001101110100001001110010010111101111110000110101101110011100100100000111111101000010111011101010010011010000110111111111000100110100010011101001110101110001000011
1000110111100010110010010000010100011000111011001010111111100011000110000100000011111100100100011000110101101110000000101111110001001101011111001010111100000100001011101110001000110101101100101000101111111
1011100010001011111011011101110111011110001110011010000000101001111110101111111000000110101111001110010100000010111110100100011101100101000001101000110001010111101011000011111111100001101001101010101000001
1011001110101001100001001000000001000111101000110011111101111101001010100010001111110100100101100011010111111110110000101101001000110101111100111011100111110000001001011001100001111100101011001111100011101
1000011010111100110111101111111101110001101101111010010000110001100000101000100101000101110101110110010010000011100110111001101101100000000110110010001100100101111100001101001100000110001001100000110110001
1011111010000110010010101100010000011101001000110000110111100100111011111011101100011101010001000100111000111010001111100011100100111110111110000110100110001111000111111101011001010011111100111010000100111
1001000011110011011000100001011011110001011110100111100100001110001110001011001101110001011101011101111111100000100101001110110110100011100011011100110011011000010000011001001111011000001110001111111101101
1101101000111010000010111111010011000111000100101110001101111011100000101110011001010111000101000101011000101111111100011010010100001011001001000101111001111101111111001101100110011111011000101000110001101
1101001110001010111110000110011110011101110101100100111100100010101110100000111011010101010001110100000010100001000001111000110101111010011101010001001100111001000011100101110011110001001110101010011101001
1001011000111010100011101100111000110100010000110001100110101110000111111111110010010100010100100111111110111011011111010011100111000000110001111111100110010011101001110101011000010101100011101011000100011
1011001111100010101000101001100011110001111111100111001110101100111100000001000111010101110111101101000010001110011000000110001110010111111100000110001110110110001100100100001111010100111000101001010111011
1001100100001011101110101011110110000111000101001100011100100101101001111100011100010100011100001000010111100000110011111110111100110001000111110010101000010011011110001111111100010110001010101011010011001
1100110101101110001010111001000010101110010000011110110001110100001011000111110001000101001101101011110001111111110110000010110001100111010110111011100011011001110000101000011001110111011110101001111001111
1110010100111000111010001101011011101100111111111000110111000111101010010000111101110111011001001011011100011000000010101000100101111100010010011000111111111100111011111011001011000101001100101100101100001
1011010110011011100011011001011001100001100110001011100101101101001011110110000101100110010011101001000110110011110110111111111100110001111011001101100011000110001000110001101001011101100101101110000111101
1000000011001010111001001101001100101111110000101011001100001100011000110111010111001100110110101101110010000110010010001100000101100111000011100100001000010100101010010111001101001101101101000011110000101
1011111111101000011011100001100110100100011101101010011001100001111110010100010110011111100010100100111011111100110111100001110111001110011110001111111111110110101011000100011001100100000101101000000111101
1011000110001111001000111111110010110101001000100010110011111111000111010101110010110001111010110110011000000001110101111111010000011000110000111000010001000100101111111111010011110111101101001111111100001
1110010000100011101110001010111110010001101010101010111000000101110100011101011010100101010010110011001110101011000100000001011111111011100110000011000101011101100110000110010111110001000101011100000101111
1000111110111110100000100010100011011011101010111110001111110100000101110001010010001100010110011001100011101000011111101100010000001001110011111111101101001100110100101100110001100101111101000101010100001
1011100011100000111111111000001001001110001010000011101000000101101100100111000111111111000111001100101001111101111000111001011011101100011000001100101001100111100101100001100100110100010001110101111111011
1010001001001101100010001111111100011100101011111001001101111100100110101110011100000011111101101110111100000100000010110011001000111111001111100110101100110100001100111111101110010110110111000100100001001
1010111100011100001011011100011111111001111011001011011000110001110010001000110101111000000000101010010111010111101010000111101010000101101000110000100111100101111110110000111111010010100100011110001101011
1010100111110110111000011001001010110011110001011010010011100100010111111011110100011101101010000011000001010000111111111100101011010100100010111110110001001100010100000110000110011110101101001000111001001
1010001100000010011111001111100010010110100100010010111000111111110101010010010111001100111111111001111101110110100000001110101111010110111010001000011011011101000101111111110010110000100111101010010011101
1011101110110111000101100010001011010000110111110110001110100011000100010111000001100110010100011100010100011110101111101000000010010000110011101011111010000111110111010000011000111010110010101111110110001
1000101010100001010100111010111001011110011100000111101000001001010101010100011100110111000101001111010111000000100110101011111000111111100110001110001000110000110001010101001111100010111010000100010100101
1011101000111011110101101010001100000011000101110100101111111100011101010101000110100001110101100010010001111110110010001010001110101000101110111100101110111110011101000101111000110110001011110001000101101
1000101011100001100100001011101111011111110100010001101100000101011001000111111100101011000100111010110111000010011011011011100111100010101010000101100011100011001101011101000010110111111011011111110101111
1110100010101111001101101000001010010000010101011100100101011111010011111110001110101110011110001010100100011000110010010001110100001010100011010100111000111011100001001001011110100100011001000010110100001
1100111110100010011000100011111000110111000101000111110111000010010110000010101010100100110111101000101101111111100111011100100101111110111110010110011110001000111111101011000010001101001101110110000111011
1001110010111010110011111110001011100001111111101100010011111000110000101000101000110101100010101111101101000100101101001110001100001100010000110011000111101110000110001001110110100101100100110100101101011
1011011000001010011110000110101001101111000000001001011000110010011111111111101011100100111000100000001001110001101001100010100111100111000111111011110010100110110100101100100100110100110110010001100001001
1010001011101010111000110100101101001010011101101011001110011111110101010011001011001110001101110111111011000100101101111011110010110001101100011110111010110100100101101001101101111110110011011011111111101
1000100010001010100011100001100111011000110001001011100111001000110000000110011010011011100100010100011001101110100100001000111000010100111001000000100000100101101101101011000100000000100111001011100000101
1011110110101010101110111111110001011111100101011010110001100010000101101100111000111000110111000101010011001000110110101110101101111110000011111011101101101100100100111000011111111111101101101001001110101
1011010011111010100100100001011101000011001111110000111011111111111111001001100011100010010010011101000110011011100010100010000111000011101000001001000111001110101110011111111000010000001100001011011000101
1000011000010010110110001101001001111001011010000111100000100001000011100011001010001111011010110001010010111010111010111111110011011000111101111100011100011010100111001000001011000110100111101110010011101
1111001111000110000100101000011011101101010000101100001101101100011001101111011011011000010010011011111000100000100010100000111000011110010111000111110001110010110001101110101001110100110011001100111001101
1001011001111111111101101111011000101001000111111001101001000110111100111101011110011011110111110000110011111111101110101110101111110011000110010001000111011000011101100100101011000110111110011001101100101
1011001011100000001001111100001010100011111100001101111101011100011110011001001100110000110000000110011110000000100110001000000010000111101100111101101110001011000100110110101001111100011000111011100110101
1001100011001011101100000111111110001010000001100100000111001101001011000011101001100110011111111111110000111110110100111011111000110011001001110000001000100001111110000010101100011001010011110010001110101
1100101110011010100111110001000111111111011111110101110001100111101000011110101011111111010000000100010111101100000101100010101111111001011011000110101011111111000011101000100101001111110110000111011000101
1101100100110010110100011011010100010100000110110100011100110010101111110000101000000100011110101101000100000111111111101110100010001011001001111111101110001100011000111111101111101100010100111100010011101
1000110111100110100001010011010001010001110100100110110110011010100001100110101110110111000010101001111110110010000110001000001000101001101101000000111100100101111110110001101000101001010110000110110110101
1010010001001100001111010110011011011111100101101110000111001000111100001110100011100001111010111011000011111000110100101011111111101101100100010110000101110001000010100100111010001011000100110100100100001
1011111101011111111010010000110010000100001100001011101100011110100111111010111000110100100010001001011000101101100001101111000000100000110111111100110100011111011010001110001011101001111110010101101111011
1000000001001000010010111111111011110001111001111000100101110100110100010010001110011110101111101100001110100000111111111100010110101110100110000110100101110001011111111011100011001101000011010100001000001
1011111111100011010110110000100010011111010011000010110101100001110101000110111011000100101000000101101100101110010001010001111100101011101100110010101100100101010000000000111110011001011110010101011011101
1010100101001010010110100110001110111000000111011110000101001111010001101100110011110101100011011100111001100011110100000101000101100011001001111011100110001101010111111101101010110011011000110111000010101
1000101100011010110000001111111000001011111100000010101100011100000101100101100110010001111110001111100011001001100111111111010001001010011101011000001100111001000000001100101000100110001011110011111110101
1110100001111110011111111100000011101001000111111111111111000111111100110100001100111111010000111000001111011101001110100011011111101110110000001111111001100011111111011001100011101100100000011010001000101
1010111011101000111000110001110110001100010000110001010001110010000110100110100001100001010111101011111101000101011000001110010001000100100111100000001011001000100010010011101111001001101101011010111010101
1010010011001011110010010100010011111111111110100100000100011000110111101100111101001100010001001010000101010100000011011000110100011101110010111111101010011111101011110110101001011011001111110010010010001
1011011000011000000111011101111001100011000110101111111111001111110100000110001001011110111101101011110000011111111110010011100111110001011010001001101010111000001000100000001101010001111000110111000111111
1001001111001011111100000100101100101000010100100001100001100011000101110011101101001010000100101000011111110000100000110110001110000111001000101101001010000010101110110111111101011111000010010011011110001
1101101000011111000101110110001110001101110101101100110100111001011100111000100111011000101110001111010001100110110101110110111100111100011111100101011011111111100100100100000001010001011111011010000010101
1001001101110000010111000111101011111100110100111110010110001101000110001110110010001011100111100101010100001100011100100100000110101101010001110101001110000000111101101111110101010100010001011011111011101
1100011001000111110000011100100010000110011110001111010010111001110110100100011000101001110001110101010101011001001110101101011100100001011100010001100110111110110001101100010101000111110101000010001011001
1001111011011100011111111001111010111111000011100101011110110011000010110111001111101100111111000001010111111111100010101111010001110111000101011101110010000110000101000101000111111110000111111110111010011
1101001110010001000100001100110010010001111000110100010000100110011011100101101000111110000010011011000011000000111010100011010111000011110111010101011010110100111111010001011100000010111100001100001000111
1001100100111111010101100110000110110100101010010001110111101111110001110100001010011010110110111110011001011110000010101001110010011010010001010001010010010111100001111111010001011110001001101001011110011
1011110001110000010100110011101110000110001111011111000000100000010100000101111011001000100100100011110011011011111111111100111011011011011100010111010111110000001100110000010111001100101011100011000011001
1000011100010111110110111001000010111111011000010110011110111111010111111111000011101101101101101001100110010010000000000110101001001001000001010010010000111111111110011011110011100001101010111001111011101
1111001001010000110000101101011011100010001011010100110000000101011100010001011110100100101101101100110010110110110111010010001101101101101111111000111110000000010111001000011001111111001000001100100010001
1011101011010110011110101101110001001000111010010101111011010001001001000100010000110111101000101110010110100100100101111011011001000100101000001010110010111111000001101111110011010001101111100111101010111
1010001010010111000111100100011100011011100011000101011001111101100011111111111011110001100010101011011100110001101100100010010011111110111010111110000110110001111011000001100110010100101000110100001010001
1010111110110101110000110111000111110010001001111101001011000100111110010000000001011100111011101000000101100101000110001000110111100010011010001100111111100100010010011100101100110110001010010101111011101
1010110110100100010110100001110000100110101100100001101000010110100011000111111100001110001110001011110001111111011100111111100011001011000011100001100000101111010111010110101101110111011011000100100001001
1010010010101110111100101011011110101100111111101111001011110100001011011110000110100011100011011110011111000001010001100110001110011010011110111011001110001000010110000010000100010011110011111110101111011
1011011000100110100001101000000010100101100001001000011011000111111001110000110000111010111011010100110001110100010101001100111100110010111010001111100011111011110100111111110110111000010110010000101010001
1001001101110100101111111101101110110101101011011101001110011100011100010111111111101000101000010001111101000111110111101001110001100110001000111000111010011000000111100011010010101111000100110111101010111
1011100001010001101000000001000100100100001000000001101000110001000111010010001000101110001111111011010000010100000011001011000111001111101010011010010011010011111110001001011010000001111110100101001010101
1000111111011011101011111111110101101111111111111111001010111111110000011011101010000111101101000011000101011111111000011001011101011000000010110011010110000110000100101101011011111101010100101101011010001
1010000010011001001000010011000101001010000000000010011010100000111101111000101011010100100000011000011101111000001111011101000101010011111110100111010111111110110001111101001011000100000001101001010010111
1011101000110011011011011000010101111000111111111011110010101110001000001110101001010001111111111111111001100011100010010001010101011001100011101110010001000000011111000001101001010101101011001100011010011
1011001010010110010010010010110100100010100110000000000111101011101110100110101101011100001101000000000011001000111011010111110101001011001001001100111011011111110001101101001101010101111110011001000011001
1010011111110110110110111111100110101111110011011111111110001000100110110000101001000111011001011011111110011010011001110110110101101110011100011001100011010000000100101001101100010101000010110011111111101
1010110001100010010010001000111110100000111000001100000011011010110011111111101011110011110011001110000110111011001100010010010101001000110111110011001110011011011111101111100111110001011000100111000000001
1010000101001111011011101010000010101110011011101001101010011010011000011001101011011000000111101000110010110011100110111011000101011101110110000111100010110010010000101000110011011101011110101110011111111
1011111100011101010010101011111000100011001110101011101010110010110011001100001001001111101111001011111010011000111110101010010100010101010000111101001010110110110110100010011001010101000110111000110110001
1010001111110001011000100010001111110111100010101010101110100110011111100110111101100001000010011000001011001111100010001011010111010001010111100000011000100100100100111111011100000101110011110010100000101
1010101010010111001111101111011000010010111010001010100000110011010001110100100001110111011010111111101000011000001011101001110110010101000000101010111110111101101101110001000101101100011000010111111011111
1000100010110001100001100100001011011000001011011000111111111001110100000101101111010001010010100101001111110010101000001100010100110111111110111111111100001101001000011011110111001111001101010101010010001
1111111010100100101100110001100011011110111010011110000001111101000111111100001000011011010110001100011000010111111111100111010110100011000010001100011001100101011011011000010011100001100101110000010110101
1011000010001110111110011101111110000011100010110111111100110101011100010101111101011001010011011001001011010001100000110101010010101000011011100001001111110101010010000011011000111100110100011111010110101
1000011110111010011011001111000111111011001110010100010110000101001101000001000001000011010110001011111011010101001101111100011010111111011001111111100000010101010111111001111110000110000110111000010000101
1011111010101011001001100001010001010001011011000101000011110101100101111111101111111011010100101001100010010100011000011001111010000110001101010000111111010100010100011111000111101110111110000011110101101
1010000010001011100011111100011101000100010000011101111000010001110100010000101000011001011101111100101110110101001010110011100011110011111101000110010100010101010001000100010000100100000010101110000111101
1000111011101010111001110111111001011111111111110001011111011100100111011010001011001111000001000001101010111111101011100110101110111000100001010111110001110111010101010001010110110111111111101000111100001
1111100010001000001100100010000011111000011000010111001000011001101110010010111011100011111111011111001010101000111000101100001000001110101111010010000111000001111111111111110100010000110001001011110001101
1001101110111101100110001010111110100011010010110011101011010011001100110111100010111010000011011000011010000010011101101001011111100010100011111000111101111011000110001000100101011110000101101110000111111
1011001010101100111111011010011000001110000110011000001001110110011001100001001110101010111001001011110011111111000101001011001100001110111000001110110001100001010000101010101101001011111101000011011110001
1010011010100110001101001011010011111011111111011111101100000010111011001111011000101000101101101010011000100001110101011110011001101000110010100100010100111100011111100010111001101010010001111011011000101
1000110000110000100001101111000110001000000011001100000111110110101011101100010010001111100100001011000010101011100101010100110011001011100110110111010110010111110001111110001011001000110111101010010010101
1011111101100101111011000101111100101111011001100001111100011100101000001001110111101010001111111001111010001011001101010001100110011001101111110011010011010000110100110011100010011101100100001000110111101
1000011000111101101011110000010001100010001100111111100001011001101111011011000010101000100110011100010011111001011101000101001111111100101100011010011010010110010110011000111111010101101110111101100001101
1111010010001000001001011011000111111010111001100010001101000011000100010010011010101101110000110111011010001100000101111111100011000110100101010010111010111111010111001110100001010000100010110001001011001
1011010111101011111100001011111101010010011011101110111111111010011101110111010010001000111110010001001110100111110001000110101000010010111101000110000010000001000101100110001100010110111010000101011010011
1001011110001110001110111010110100010111110010100010000010001111011001010001110111101010010011011101100100110010011101010000111110111010011001111111111111111101110101110000100101011110101011111111001110111
1101001100111000100100100010010001010000010110001011010110100101001011011100100101001011011000000001110001111011000001011010001100001011001011000111000111000100100101011111111111000010001001000001100110111
1101100110100010110001101111010101111101000100101001011100110001101011000110001101011001011111111100011101001001110111110011100111011001101011010010010010010110101100010001000001111000111100011100110010011
1000110100111011111100100101000100010001101101111011011001111100100001010111111101001111000110000110110111101100010100100110110110010011101001011000111011110110100001000111011100011010010111110110110111001
1010010110000010001111110001010111000111111000010001001011001110111101110000000101100001110000110011100010000111010110001100000100110110001101001011100010000100110111111100010111010011000001100010000011101
1011010011010110100000011101111110010100010010110101100000011000110100111101110000111100011111110110001000110010010000111111011111110010111001101111001111011101111100000001110110010111111100001011111010001
1001011010011100111111000101000010111101010111100101111111111011100110000100111011110111001000000110111111110110111110010001000000010110100011100110011001011001001001111111000100111100000111101001001110101
1101011011110001100001110100011011110001000110001100110010000010001111110110001000000101101010101100100000010010100011110101111111000100110110001100111011000011100011100010010101101001110100111101011100101
1001001001000111001101100101110001011011111100111110100110111111011010110011111101011100001011111001111010110110101000010100110001110101100110111001101000011110110110001010110100001011010110011101011001101
1101101100011101101111001100111101000010110001110000001100110000011000011001000101110001111001110011000010100010001111010110010101100101001100100011000011111000100000111011110111100010010111001000010011001
1001111111110100000010011111100001011110100111011011011001100111010011001100010001000111001100100110010111101111111100010011011100101101100001101111011111001010101111110011000000111110110011100011110111111
1100011010000001111000111010001111010000101100001110010011001100010111100111111101011101100110001100110000100100100001011001000110000101001111000100000001100011101010010110010101110000111000101000110000001
1001001000111111011111100000111000010110101101100100110111100111110101001101100001000000110100111111111101110001101101111101101100101101101001110101111100110111000010110010111111000110011110111110011111101
1011100011100010000010101101100011110110100100110001110001001100010101011000110111111110100101100000011001011101101000100001001001101001000011000111000110010100011000111010011000011111000010010100110010001
1000111110001010111000001101001110011100110110111111100101100001000001010010000100100010101100110101000011000100101101101111011011001011111011010100010011010001111110001011000010110001011011010001100110101
1110000110111110011101100111011011000001110011100000110100111101111111010111111101101000101110110101101010010110100111001001001001111010000010011101111010011111000111111001111011100101110001010111001100101
1011110010000100110101110011010000011011011001101010011110000100110010010010000000101111100110010111101110110010110110011101101100110010111110110000001011000010010100011100001010001101000101010011101001101
1000011010110001100100010110011111001000001101001011001011110110010110111011101010100010110011010000101100111000010000111101000111100110101000100111101001111000110001010001101110111001011101011000001011001
1011001010011111101111011100110001101111100100011001100001010011000100100001101111111000011001011110111001100011111111101001011110001100101010101100111101001111111111011011000010101011001001001111101001011
1001101011001000001001001101100100100010110111111100111100011001111101101100001100011111001011011000100011111110000001000011001010111101101011100001100001011100010001001001111000101011101011100011001101001
1101101001101011101011100101001110111000010000001110100110111100001000101111100101000001101001010010101001010000110111010111100010100000001000111101001111000001000101101100001111101000101110111001111001101
1000101100100010000000110000011010001101011110111000110010010111101010001000111101111100101101000110101111000111100010010000111000110111111010010001011100011011111101001111101001101110100100001100011011001
1011100110111011111110011111110011100111000100110011111011000000101111101010000101000110101001111100101100011101001110110110011111100100001011000111000101111110000101011011000011000110110001011111010010011
1010001110011110000111110001011000110001111101100110000001111110101000101011110001010010001011010110100101111001011000010011000001101101101001111110010100101100110101011000011000010010011111010000010110111
1110100011000000110000100101000010011100110001001111110100101010100010111000011111111011111000010000110001010011001011011011111100111001001101100010110110001001110101001101111111110111001000010111110010001
1000111111111111111110001101011110110110100101011000000110100000111110011111011000100000011101010111111111000111100001111010001110010011011111001011110110101011010111100111000100100001101010110101011011011
1010110001010100000010111101010010000100101101001011010011101111101011010000010010110101001101110100010100010010101111000010100011000111000100011010000100100000010000110001010110001100101011100100001010001
1011100100000001101111100001011011101101101001101110010110001011000011000111110110011101100100010101000101111000111100011010111001111101110110111010111110111111111011111100010011111111101010001110101010111
1001101110110101000111001111011010100000001101001000111100111000011001111101100011001100101101000101010000100011100001110010001100110000000100101000110000110000110010001111111011000010001000111000100010001
1100101011100101110010011001000000111111101001011101110001100010111101100001001001100110111001111111111011101001101111000111101110011111101110101111100111100110010110100000101001011000111011100011111111101
1110000010001111000110110011111010011000111111010101100111110110010000111100011101110110010011000000001010001100100011011101000011010000100000100000110011001111010000111010001101011111100001110110000000101
1011110110111010011100100111011011110010110001010000101100010011011110000111000100010011000111110111101110111110111001111000010110010110101010101110011001011011011111110010100101010000101111000011011111101
1000011100100010110001101101010010000110100100011110101101011001000011110001110111011001110000000100101000100010001101000011111100110010111111100111001101000001000000000111111100011010101100011001010000001
1011001101101011100111001100000110111100101111110000100001001011110110011101000001001100011111111110000011101011101001011111000101100110010000110001100101011101011111110001000111111010100110111101010111111
1001100001001010001101100001111110101101100010000111111111101010000100110001011111100111000000000111111110101001101011000100010101101100110110110100111101110101110001000111010001000010110010111001010000011
1100110111011010101000001111100000101001001010110000100010101110111101111011110000110101111111110000010000001011001000011101010100001001100010011110001100100100000101101100011011010110111010010011011111001
1110100011010010111101111100001111101011111010010110001000100010001100110000011010100100000100011111011011011110011111110001110101111011111011001100100110001101111100111001111010010010001011010110000001011
1000101010010110011000100101101010001000010011011111111110111010100110011111001010001101110001010110010001110000111000110111100111000011110001100101110010100111000110110011000010111010101001110110101111001
1011111010110011001010001101111000101111011010001110000110010010110111000101101011111100011111000011010100000101100010010100110100011001100100110100011000110010010010100110011010101011101100010010100001101
1010001110011011101111111100001101100000000010100100110011000111100100010001101010000111010001101000011110110111001111010110010001001111001111110101001111110110111010001100110010101000111111011010111011101
1000100111011010100011000111100111001111111111110111111001111110001101111100101011010110011100111111000011100100011010010011011101011000011110000101111000011100100010111001110110101110011000010010011000001
1110110000010000111000010001110110011000010001000000110011000011011001000110001010010000111001100001111000111101110010111010000001110011110100111100100011011001101111110011000100100011010010110111001011011
1100010111110110101111111101000011110011000101111110100111101000010011010011111011110111100011001100001010000101011010100011111100100110000101100110101010000011101000010111110101110110010111100011111110001
1001110110000100100000001101011001000111111101100110001110001111111010011000001000100000001001011111101111110001000010101111000101101100101101001110101111101110101101000001100100000010110101001000001100101
1011011100111101101101111001110011010100001100110100100100111001100010111111011010111111111101000110100000011111111000100000010111001001111001011000100001111010100001111111001111111010000100011111011001101
1011001101100000111001100011000111011101100110010001110001100011001110001001000010001100011001110000101110110000001011110101110100011011010011000011111100001000111111000010011000011011111101110001001011101
1001100100111010010011001111101101001000110011011101011111101000011011101101111111101001001111011101100010011011101010011111000101010011000111111000000111101101100110011000110011010010010001100101101110101
1101110110001111011001011100000001100011111011011000001000101011111010000001000000100011100000011000111111000011001011001000011101111001011110001011111110001000101100111111111011110111000111001100100100101
1101010011100100001101000111101101111110110001001011111010111010000011011101011110110110111111001011100001110110011011100011001000101101010100101001100010111010000101101010000000010001010110011101110110101
1000000110110101100101010000100111000100000111101111000010010010111001000111010000010010100001100001101101100100110001101011101010001001010001101011001010100011011101100010111110111101110011110001010010001
1111110000010111110001111110110110010001011101000100010111010110011101011100010111011000101100110101001000110101111100101000111011100011010111101110011000101001000000101011100010000100111001100101011010101
1000011101110000111100110100100100111111110001011101111100010011010101010001111100010011101110011101011110100101110110111110100001111110010010101000111011111101111010001001001011101110011100001100001011101
1010110100111110000110000101101101100001100101001000001111011000010101110101001001110110001011001001001100110100100010000110001111000100111010000010100010001100001111111100011001101011001111111111101001101
1010100110000111110011111101001101110100001101100010100110001111110001000111100011011100101001101101100110010110101111110010101000010001101011111111111010100110101000011001111100000011101000000000001101001
1010001111110001011011000001100000110101100111111111111100111000110111011110101110001001111101100100110011011100100100011011111011111111001000000110001110110010111011001111000111111001001011111101011001011
1011111010111100010010011111111110000100111110000100010001110010010101001010000110100011110000110111111010001110110001001001100010101011101011110010101000011011100011100110010010001101011111000111110011001
1010000010000111010110110000100011111111100010110101011011000111000001101010110011110110100110000001101011100010100101101101001110001000100000011000101011001010001110110010111010101111010001010000011011101
1000101000110000010000000110001000000000001000100001000010010001010100001000011000000100001100101100000010001000101100100000011000100010001101001010100001101000100000011000001000100000000100010101000010000
1111111111111111111111111111111111111111111111111111111111111111111111111111111111111111111111111111111111111111111111111111111111111111111111111111111111111111111111111111111111111111111111111111111111111
