111111111111111111111111111111111111111111111111111111111111111111111111111111111111111111111111111111111111111111111111111111111111111111111111111111111111111111111111111111111111111111111111111111111111111111
000100001000001000000101000010000101011000101001000000010100001100000011000001100000100000000000110011101010001100000000110000010000100010001100000011010101010000010001100000010100000010000111100001011000000101
110110100011101111110001101011010100010010000011011110110001100001101110011100110110001101111110011001000000100110110110011101010110001011011001011000010001000101000100001111000101111010110011001011000011010101
100100111110000001100100001010010111000111111001000010010111111100100000110110011111011001000011011100010110101100100111001001011110111001000011011101000100011111111111111001010100010010011001111001011111010001
110110000100111101001111111000110001011101001100011111000010000110101111100111000001111100010111010101111100111001101101100011001000101101010110010101101111110010101000000011110110110111011100001100011000011011
100100110111100000011000001111111101001100011001110001111010110011100101110001110100101101110001000100000111110011001000111111101101100101111100110100111000011000100011111000100100010001010110101101010011111001
101110010001111010111111100001001101100101111111000100110010111001110001011011100110001000011101110110110011000110011010001001001000110000000110000110001101010010101110101101101111010111010100100111110110001011
100011110100001111100000001100011000110000100010011110010110001100110100001011001111101111010001010010011001011100111011100011011011111111010010111111101001000110101100001101001001010011010101110000010110101001
111000100101100000101111111111010011111101101010111011011100100110011111100010011001001001010111011011111101011001101110001001001001010001111010011000001011110110100111011001011101011010000100011111010010101101
101110111100111110100001000110010110101001001000110001000110110011011001001110111101011100010100000000100001010011000110111101101101000100101011110011011010100011110001010011010100001000111111010001011011100001
100010000110001100101101010100110000001111011111100101110010011001001100011000110101001111010101110110111011010111010000101000100100011110100000100111110000101001011100010110010001111111100001010101001001001011
101111110011111001101001110001111110100011010001001100111011001101101001110011100001100001010111100110000010010010011010100010110111000100101010001101100110111100001111010000110111100001001100010111101101011001
100000011000010011001011100111000011111010010100011110101011111001101100100110001100111101110000110011011110111011111010111111110001111101101111111001001100010111100010011111100100101100011111110100001001111101
101111001111011010011000110010011001001010110101010000001000011100100111101111011110000100010110011001110000101000110010110001100100000001001000010011011111010101110110110110001110100111111001010001111100101001
111000011000010010111110011000111101011010010101111111101101000110110000001010010011110111010111001111000111101110010110100100111111011111111011011001011110010000000100100011011010101101010011000111100110001011
110011010011110110101011011111101101010011010100010001100111101100011111111000111000010010010001100100011100000011010011101110011000001000001001001100001100110111111101101010010000100100000110011100110000101011
100111010110000100000010010001100000010110010111000100110011001001010100001101111111011010111100110101110101101011011000000111001011111011011011011111011001110000010101111000110110110101110100110110000111101001
101100010111101101010110110100111111010100110001111110011010011111010001100001010001010010001110010001000101001010011111010011100010101001010001000110010011011111010100001101100011100100010101110010101110101111
100111110001001111111100010110000110010001111111000011010010110000011111101011000100010111101011111101110001011110110001111010111010001011000111110100110111000101010111100100111010001101011101000110111100100001
101100011100011000010001010011110011111111000000011010010110000111111000111011101110110101101000011000111011001000110100110000001111011001111110010111110100011100010101110110110010111111001001011100011001111101
101001000111111101000101111011011010001010011011010000110111111100000010011001100010100100101010110010001110011011100110011110100100011101000010110100000101110001110000010100000110110000011011000111000011100001
100011110001100001111100101001011010100000110011111110100010001001011111001100111011101110100010011111100010110010001111010000110110110001011000110110111100010111011110110111110010010101111011010011111010001011
101110111100111011001110001101001000111111111000100011101010101111000001100110011000001010111111000101111000010110111101011111110000100111011011100100101101000000001100010000111011011100101010011000000010101001
100110001110000011100111011001101111100100011110101000111000100010010111110111010011111000001011110100000011110010110001000100011110101100001010001110100001111110100101011110001001000110100010110011111110111111
110011101011101110110100001100000010110101001010101110001111111011110001000100010110001011100010000111111110000110000111110001000011101110101110101010110111000011110001000111101011110110001111100110000010100011
111001100010001010000001100111111000010001100010000011101000001001100101101110110110100001111010111100000110101111110100011111110110000011101000111000010101101001011101111101001001010011101000101110111010101001
101100110110111010111111111100011111010111001011111001101111101100111100100010100011110100110010001001010010111000010101000000010000101000001010110011010101001011000111000001011100011000101010100011100010001101
100110110100110010100010000001010011011110011000011111001000100110000110111000111000011111100111100011111010011010110101111111011011111111101011100110010000011010010001010101010111011110100010111000101111111101
110010000101100110111010111011000110000000111111001100011010110011110100101111101111000110001100111111101011000010010101100001010010001000101000101110110111111010111100010111000001001010111110100010001100000001
111011101101001100100010101001111110111110100001101001111010011000110001100000001101110000111001100011001010011111000100110111010110100010111110101100110100001110100111110001111101101010110000101111111001111101
110000000101011001101110101100000000100010101100111011000011001110011111110111100100011110010011111010011011110001110110110001011100111110010000111001100101100010110000111100011001100010010101111000010011001001
100111111101010011000100100111111111101010100110011010011111100111001010100101110101010011000110000010111010000100011100011101011001101011011011100011111101101010000110000111000011001011011100011011000111101011
101101010001000111010101110000110010001011110011010010110100110001100000001100000001000111010011101000101011010101001111010001000011000010011010110110000100111011111111110011111111111110000111000011111101001001
100100010111011110010100000110011010111000011001010110100001111101111011011110111111101100011001101101100010010111100011010111111110011110110010000100110001100001000000111010000000000111101101111110000100011101
110001110100001100110111111111001010011111001101010010111100101001000010001100100001111001001100101111001110110110111000010000000011000100100110110001100111001101101101100010111111110001100101000011110001010101
110111000101111001110000110001101011000011101001011000000001100011101110100111101100100011100110001000011100011100011111111111101011110101110100111111001100011100100101001110001000111100110100011010000111110001
100100011101010011011110100100100001111001100011001011111111101110100011101100001110001110111111011011110001111001000010000010001110000100010111100001111001110110110101011100101110000110100101110000110011000111
101101111000000110000010101110111101101100111111101110001100001000101000101001111011111100001100001000111011010011111110101011011000101111000100001101000011100100100111010101100100110010001100100110111110011101
100100101111111110111010101000000100000110101010101100100101111110101110111011000000110001100111111110000010000110100000101000001010100001111110111100011110110001101100010000110101100111011110101100011000110101
110110101000110100001000101011101110101100100000100101110101000000101010010001011010100111110100000011111111110000001111101111111011111100000000100111110000100111101001111110110111001101110000101101001011100001
100010100010010001111111101000111000111001101110110001000101101110100011000101110011101101100001010110000000011101111010101100011001010111111101110000110101101100001011001000010110011000100111101001101000110101
101110101011110111010100001010001011110011000110000111110001000011101111111100000110001000111111110100111011000100110000100101001100010000000100100110000101001001101001101011010010111010001100001100111110011101
101100101111000100000111111111101000010110010011111100011111110111000101000111101100111010000001000111100011110110000110110101100111000111011110111111110100011101101100101001111010100011111001101001100011000101
111001100010011111010100000001101110110011111110001101000000010000010100010000111001100011101111010001001110000011111100010100110001111101001010001000100101111001001110101101000010001111010011001111001001110001
110011001000110110010001111100000010011001000010100001111111011111110101111110110011001110100010011101100110111010001101010110011100000101101011011010101100001101011000100001011110111100010110011100011100111101
100111011111110010111111000111101111011100011000111111000001010000111100001100100110011010110110110101110011101010100111010111000111110000101001000010111111100101111011101111011010110001010010111001110001100001
101100001101011000100101011101100100010111111111100000011101000110000110111001101100110000110100100000011000100000110001110001110100011110001101111110001010110100101011000001001000000101011010101011010111001111
101110100001001101101100010000101101010000010000110101001111111111010010010011001101100101100101111111001110111111111101100101010001010111111101100011101000110110001001111101101101101111111010001000010000011001
100011111101100001000001000110000101111011010101100101011000110001110111010110011000110101001101110001100010100011001101001100011111010100011001001001001011100011011101000100100100111000100010101110111111111101
101001000101111011011111111111111100100010011100101101110010010100100001010100111011100101011100100101111010101001100101101110111001000101000011011100011000001111010101101101110101100010110110111000100100001101
101101101100110010010000010000100110101011000110000101100111010110101111010101100000110101000110101100011000101100110000111000000011110101101110000111111101111010000100100001000101001010010011110011110001100001
100101000110010110110101000110110010111001110011111100101100000100001000010000111110000111101110001111001110101110010110000011111000010001000110111110000100000000111110101011010111011111011010000110100111111011
101101010011000100100101111110010110001101011000001110100111110101111011111111100011110110000011111001100111101011010011111110001110111111110010001100110111111111100010101110010110001101011010111110001101001001
111001010111111101101100010011000011100001011111100110110000011100011010000000001001000010101001100011110000100011011110001100100111100011010111100001110001100010001000100110111100111001001000100010111000011011
100011010001000001001101011001110110111111000000110000011111000111010011011111011101011110111011001001111110111001000100101001110000001001000101111111011101001000111111111100101001100011101110101010011110110001
110111011101011111111001001011000010101011110101111111001001110001110110000100010101000110110010011100101010001101110001100011011111111101011100001000001001011111101000000101100011110110001100001011010100110101
100100010001000100110011101010010110000001100101100001101100010100110100110101110101011100100110110110000011011000011111111110001011000100010001100010101011001010100011010100101111000011100111011011010001100101
101111110101110110011110001000111100111100101100101111000110110110100101111101010101001101101100010100111111001111001001000100100001101111111111101111101011100000111110010110000000011001110001110010000111101101
101100000111010111001000111110101001110110000110000001110000111110101111000001000101111001000111010101100001100101101100010101111100101100011000100101001000111110001000110011111111111101011100010111111100001101
100110111100000011100011100011100011000011111111110101011110010000100110011111110001000011010100010101101101110000100111110000110110000001010010101100011110001011100011111000000101100000001111010001000110111001
110100000101011110111010001010001111101010000100011100000011010110101100110000110111011001111101110100000101011110110000111101100011111011010110100101111000100000111110001111110100111111011011011100010100101011
100110101101110000010000111010111000001110101101001101111110010010101001110110010100001111000100100111101100001010111110011000001010000010000110111100110011111110100000100010010110011000010010010111010001100001
110011101100100111011111110010101011100110100001101001000000111011100011000111010101011000010110110100111001101010100011001101101110101111110100000110100110011010111101111010110011000011110110110000011111111011
111001000110101100000010000110100000110010111111101011011111101000111111111100010111001101110110000001100011001010001111101000111100101000111111110010101100110010001000100000011011011110000100100111110000001001
101101010100101001101000110010101111111000000001001001000010001101100000010001010001100101010011110100101111011010111000101010010001111010001100011000101110100111101010110101110010000000111101101100000101101101
100001010001101011111101110110111000010011111101011011101010100100001101000111011100110001011001011110101100011010100010101111010111100011101001001101101000001110001010011100111011101111100001001001111100100111
101011111011001110000111000010011101011010000101001001111010110111100111111100000110010101001100001000100111000010001110001100010110001111001011101001001011011100111011000110010010100110001111111011000110110001
101000110000011000101110010111010001001110110101011100110000110100110011000101110111011101011111100011110001111111111011111001010010111010011000100011011011011001110001110111010110101100100110000010010010011101
101010011111001011100100111100011011101100100101000110011111100101111010010111000001001100000001111011011100011000000010101011011010100010110010101001001001001101100111010001110110001001101100101110111011001001
101111010001101001110110001101110010000001101101101111000001110101101000110001101111100101111100110001000111001011111000000011111000001010011111101111101111100100110000010100010011101011111001101100101011011011
100101010100101100010011111000111011111111001001100011110100100100101111111100111000110101000111100100010001100000011111111110001111111011000001100110100011110110011111011111011000111000100011111001100010010001
110001000110111110111000100011100000100001101011001000110110101110000001000110000010010111010000101111111100101101110001000110101100001001011101001100111001000011001010001001001110011010001110000011001111110101
111101111110001100011101101111001110001101001110011011100100101010111100010011111111010110011110111110000111111111000100010000100001101111110001011001101101011111101000100011100011001110111011110111011000000101
100101100011100101110101101010011011111001011100110010001101101010010001111001000101010100111010000100110010001000011111111111111111100000111011011011101101001000101111111111110111100010100010000101001111011101
101101001000110101010100001010110010000011010001111110111111101000110101001101110001010101100011110101111000101110110000100000000000111110001010000000101001100010100010000011100000111010110110111101101000010001
101101011110010001000111111000011010111110000100110000100001001011100111101100111011010001101000010001001111100000011010001111011111110010100011111110001011001110111010101001001011110010010100100001100011110111
101001010010111111101100010011111010000110111110011011101011011001001110000110000010011111001011011111011010111111110011111001010000000111111110010110111011011010110010111101011000100111000101101100111110100101
101011010110010000001001110111010011110011101011010010001010011111011100110011101010111000011110000000000010100001000111000011010101010001100011000000010010001010011010010001001101101110011100100110010100101101
101010010011000111101101000100010111011001000010010110111010110000010101110110001110001110110100111110111010001101010000011010010101111100001111011111110111100011001011010111101100100011001110110011000101101101
101010111001101101101101011101000001001101110110110010001000111011010101010110111100100100110001100011100000101111011111111110110100000111100110011011010000111011100000010001000110111001100010011001110101001001
100010001100100100100001000001111101100100010010110111101111100001110000010010000101110101100111101000111111100110001000100000100101110001110011001001011101100000101010111101110100011100111010111100100101011011
101111101110110110101111111111101100001101011000010000001100001100011110111000111101010001001100101010011000001100111010001110101111011100011001101100000100101010111111100000111101001110001010000110110001000001
100011000000010010000110001000101001111111001111011111011001111111011000101111100001011111011110101111001011111001101011111010100010001110111111100101110110111011100011001010000001011011101110110010011111111101
111001111110111011010000100011100011000100011101000101110011101011010010000000101111000110000110100111101001000011001010000000111000100110100000110100100010011010001001111111111111000000100110011011000110100001
101101000111100010011110101110001110010001111001110100100110100001010111111111100100010100110000110010101101011111101011101010001101111100101010110110101011001010111100110001000001111110110011011010010000101111
101001010001001111111000111000111100111111010011010110101100001101011100011000110101010001111110011010100101001000001000111111011101000001101011100011101011101010000110000101101100000110011011110010111010101011
101011011100011000001111100011100001100010000110000100000111011101000001001010010101111111000011001010110111101010111110000101110001011011001011001110001010101111110111111100101111110010110000010111101010101001
101011000111001101100001101111001111110110101100111111110010000101111111101011000111000011011000011010010011001110001011110000100111010010011001011100111010100100010010001110100000111110011111000101000011101101
101010010001011000111101001000011100010000100101101000111010111100010010001001101110011010001111110010111001100011011000111011101101011110111101011001110000110001011010111010110110000000110001111100011001100001
101011111101110010000100011011111001011011110001000010101011110001000110101101001000111011111100000110001100111010010010101000001001000000100100010011010111111101011000110010011100111111100101010101001100111101
101010000100100110111111001000101011001000111111101010001001100111101100111001011011101000110001111111011110010010110110001011111101111111110111110110000001000111001110000111001001100000001101000001101110100101
100010110110001111100001101110000001101110101000001111101100101100101001100011011001001110000111101000001100110110010111011110000001000011000000000100110111010011100011110101101011001101111101101111001010001101
110110100011111000101100100111111101100010000011111101101110100110001011001010001101100011111100101011101001100011010001000100110101101010011101011111100100011000111001000101101001011001100100101100011011101001
100010111000100010001110101101000100111010111111000001000110110111111001011110111001001110001101100011001011001010011011010111100100001011111001001000111101111110001100011101001101110011001110111001111011001011
111010011010110111111010100001010111110010100001111011011100110100001101001100010011100000101001001110011011011010111010010011001111111000110011100010001000111100100111110001011100100110011010001011010010011001
101011001110100100010000101011010000100111101100010010010110010101100001011001010110101110101011011000110001110010000010111010011010001110010111111111100010011001110100000111010110001111000011101010000110111101
101001101100001111010111101110011110001110000111011010110011000100111011001111110100001100101001001010011100100110111110110000110000100011010001100001111110110011000001111110010011111000011010101010110100100001
101101100111111011000100111100110000111010110100010010111011110110001001100100000101111001101101011011001110001110010010100111100110111111011100110100000111100111101111000100111001000011010010100010010001101111
100100110000100001011110000001100111100000111101111010001010000011101100110001111100011011100101001001100011111011010110101101101100110001001110011111010010001101000100010001111100011111011000111111011111100001
101110100110111100010000110111001100001111100001011011101000111110001110011111001111010010110100011100111001101000010010111000000110000101100011000000011110101001010101111011011001110001001111100011000100111011
100100101110001001011111110100011001111010101111000010101010011000111011001011100010010110010110110110001100001011111010011111111100111101111011111111011000101100011101000010001101011101100001001010010001110001
110001101011101111000100000111110011100000100110010110001011110011101001100010110110110110110010000010100111111010000011001000011001100001001000110101001011111101001101111110100101000101111100011000111100100111
100111001010100011110001011100010111001110110011110100111010000110000011111000110100010010011011111110110000001010111011100011010011110101101110010000011010000111100100001100110100010001010111111111100110101101
110100011000111010000101110001010110011000011001100101100010111110111000011110010001111011000000000011111111100000100001111110010111000100000011011011110010110001110111101001110111111100000100011000110100101101
100110111101101010111111000111010010111011011101001101111110001000001010110011011011001011111111010110001000110101111111000000110001101111101111010001100110111100010100100011010001000111110110110010010001100101
110100100000001011100001011110011011100010001001011100001100101011011110100111001000011000100001110000100010011111000011011111111011001011001000010111001100101111010001101000011101010011000000100111010111110001
100110101111011000101011010100111001101110111011000111100110101110001100001101101111001110001100011111111111000000011001010000110010011000011011111100011001100000010111111101110001011000011111101101010010111101
101100100010001101101000010101101100100110100010010000110011100011101001011100001001101011111111001000000001111111111101000110010110110010111010000101001011001110110100010000110101001111110000001001011000100001
101101101011111000101111110100001110110010101110110110111000101001101011110001111011000000001101100011111100000000110001011111011100100110100010110001011001111100011101010111100101100100011011111101001111101111
101000111010001010001010100111100010011010101000010100001110111100111011000111000010010110100001111111000111111110100111111000010001101111101110011101001101000111000001011100001100110001010010000101100000001001
101110001010101110111000110001110111010010101011110111111010010110011001101101011000111100110100110001010001100010101101000011110111000011000111000111111000010001101111011001111110011111110111010000111111111011
100100100010100100011010010101010000010110101011000100000011010011001100001000001111101001111101100100010100001000101000011111000001101110011101110100011111111100111000010011011000110001100011011110100000011001
110111111110110101000011000100011111110110101010010101011010010111100101111011100110001111000111001111111111111111100011110000011101001000110000010101001000000110001011110110001101100100001110010110101101000011
110100001000100101111111111111000011000100101110111101001110110101110100100000110100100110010100011001001000000100101110100111011001011011110101010001100011101111101001000100100001001111111010110100100101111111
100001101011101101000100001101111001110101100110000101100000100000000110111101100101110000110110111100011011110001111000001110001011010010000111011111111111000001101100011101111111011000110000100001111100000101
111111100010100111010101100000101101100101110010110001111111111101110100000111001100111110100100000110110010010100010011111100101001010110101110000010001100010111001111110101011010011010010101111100001001010001
101010111110110010010100101010100100001100111010011011000000000101100111110001111110100011101101111110110110111111000110001001101101110100100011111010100101110100011010010001000010110011010100000111101011111011
101000001000011011010111111010101111011001100010110010011111110111001101010100001100001000100101000010010000100011101110101011111100100101101010100010110100011101110000110111010110100111011111110101001001101001
101011100010110001010000011010100001001111001011100110110001010001011000011111100110111110110101011011011011101000111100101111110001101100111010001110100110110001100110010101010110001110010001100100011100101101
101001110110011101010111010010110101100110011111001110100100011100011101001101110011100000100100001011001001101110110001100001100101100111100010101000101110111011001111010001110011111010110100001110110110101101
101101000111001001011101010110010111110010110001100000101111110111110001100100011001101111110101101001011011001100100111111100001100110011001110111101100010100011011000011100011000011000100111111010110000001001
100101011100011011000100010111000100011010010100111111101000000100000111001101001100101010010100111101010001011001101101001111100110011000011010010001111000101110001011110111001011110011101100000000010110111011
110001001101001011110101110001011101001011010110000010000010110101011110011001100110001000110110010001010111010011001100011000110111011111110011010111011110101000101001100001101010000110000110111111011100100001
100101100111101000000100011101110001100011010011111011011110010111010100111011110011111011100111010111000011010111100101000010110001110001100110010010000110101011111100001100100010111100110011100001000110101101
101100110010111111111111001000010111111110011010001010000011010010010001110010011001010000101101110001111110010110110101111010011100100100101100111011101100101110001111111110111010000111111000001101110011101001
100111111000100010001001101111010110010000110011101011101001011010110111000110111101000110001000010100011000110010100100001111010101101110001001101000100001100110100000010110000011110000100011111000111011001011
110100011010001000100011100011000000110111100110001000111111011000100010010010100001011111111011010111001011111010001101100010010000101011100011000010101011110000111111000011110110011110111110001010100010011011
111101001111111101111000101001101111110000110000101101100011001111101110111000101111000110100010010001100000011010111000101011110111101001111111111110111000111111100001111000011110110010001000101110101110111001
100001100100010001101110111100111100010110011010101000101001101001000010001111100001110010001110111101111110110010010011111000000001100011000001100010001111100001101100001111000010000111101101100100100110101101
111011110101000111000010011110011001011111001111101011101100101100011111011000101011011010111000100000000011100111011110001111110100111001010100001011100000001100000110100001111000110000101001110001101100100001
110000110101111100011011001011000011001001100111001000101110100111110000010010101000000010001011111011101110001110000100100000011111101101011111101000111110111111110010110100011111100110101100111111000101101101
100101100100010001111011100001111111101100110010011110000110110000100111110110101111110110101000110001100110111011010001111111001000101101000001101110100011100000111110111101010001001110100110100001110100111001
101111001111010100100001111011000001100001111000110011111100111110001100000100101000011111101101100100110010100010011111100100011010000001011100111100001000110110000100000111110101111100110000111011000101110011
100010011010011110110111001001110100110111101110100110001001100011111101111101101101001100001000111110011010101000110001001101010011111111000110000111111110100010110111010011000100010001111111100011011100011111
111011011000110000100001011100011110010011000010110100100011001000010000001001001101011001111110001111001110101111111100011001110110001101110111110100101010101011100001011010011111011011100000001110010101000001
100010001101111011111100010111001111011001011010000101110110011011000110111011100001000011100011100101011000100001101001110011100100100100100100010110000010111000111101110010110100010000111011100100110001010111
110111100001100001001101000001100100001101010011111100111100111111111111100010111111111111001010110101010011111101000011000111001101110001101101010110101110011110100000010110100101111010010010110101111111110001
110001111111001101011001111111110111011101010110001110010001110000000100001110001010000010011000010100010110011001011001010001100100011011001101010100100011010000101111000100101101000011000110010100101000111101
100100001010011001000011100001100100000100010010100111010111100111110111011100100000111011110011010111110010110011001011011100110110111110011001010101111001011101100001111101100101101111111111000110100010001101
101111101000110011110111001100101101101111111010110011000100001110010010010110101111110001000110010000111010110111101110010110010100110000111011000100110011011001111101100001001101001011001011011100001111100101
111000101011111000010001101110001000100110001010100110011101111000111000110010111000011101101100111110100010000110001100110111010110100101100001111101100110001011000000101101100001101001100001000111111000110101
110010001000011101011111000111111110110010100010110011110001000010001111111000011011001000001001100110101110111100101001110100010110001100101111000101001100101011111110100111101111001100001101110100101010110101
100111111110110111011000011100011000100110111110011001000111011111100110000011001001101111111011001100100110110001111011000101110011111101101000010001011101100010001100110000100110011111011100110110100010010001
101100010000000100010010111001001101111100100011011100011100010000111100111111101100100110000000011001110010000100100010010100111000000111001110111111011000111110100101100110110011010001110001100110101111011101
101001011111110101110111100011100100001101111001000101110101000110010001100001000110110011111101001011111011111110101111011110001111110011011100010001000010010000110111111100111011000101100100101100100011000101
101011001000011100010111001111110110100100001100010111000101111111000111111011011100011000010001101000110010100010100011000011101100011001011001011011111111110101100110000101100010011100101110100101111001101101
100011101011000101000010011011000100110111100110110001010000000111111100010001001111011101011011111110000110001000111001111000000101001101001111000001100011000111001100110001101111000110101100110101001101101001
101110101011110111111000110001011111110000110011110101111111110011000001011101100110000111001011000011111111011111101100011110110101101101100001111101001000011110011001111111001001101100100101100000011000100011
100000101010010000001110100100010100010110011000011100100000011001111011000001110011110011101110011000101010010000000101001100011100100100111100001001011111110011000011000101011101001001110111101111110011111111
111011101010111111011100111110110001011111001111000110001111001100010001101011011000011001001100111110100000111111011111101001001001110110001101101111011000010110010111110100010000011011100100001000100110000111
100010001000010000011001100010011101000100011101110100101101100111000111111001001111011011011001100110001111110001011000001111111011000111100111100001000011010000111100010001111011011000110001111010001110110011
101110101111010101001111001011000001110111010100010101100001110001011110001101100001000001010011110011111000000100010011100100000010011100110001001011111110010111101001010100001110001110100111001011111100011001
111000100010010101100100011011111111010000010001010111111101011101110000101101001101111111000110111000001101111101010111001101111110111001111101011001100100110110100011011111100011100100101110011001000111001101
110010111110110100110101110010000001010110110111010010000100010100000101101001011000110001111110000010101101001101110100011000011000110011000001011100001101100010101111001001111001101101100011001100010010011101
100111100010110110111101100110111011000011100101011010110001000101011111001011110010000101011011011110101001100101100101110011110010100110011111000110100100111010100001101100001101001001111001100111111010110001
101100001000100110001001001110001011011001101101000010111111111111111000011000100111111101010010001100100011110000101100110110000110001100110001111100101110010000111101001110111101111011001100001101010010100101
100101111111101100111011011011011001011100100101111110100010000000000011111110001100000001000110111001111010011111100111100100111100111001111100001001111011011110010001011000110001000011100111100001000111101101
110001100000100111100010011000001100000111110100000010101010111111111111000111111001111111011110110011100000110000110010001101100110100011000001101100010001000011110111001110100111101110110000001111011101001001
100111001110110000001110110011111111111100000111010110001010010001000110010100001011000100001100100110001101100110011000111000110100101111011111001001000101101000000011011000101100001000010111111000010000011101
101100011100011111111000100110001100001001111110010010101011010100010000110101101010010001100001101111011001001110111111100011100001100100010001011111011100111111101110010011101101101011110100010011110111011001
111001110111000100001101101111011001101011100000110110111110010111111101100100100010110111101011101010001111011100010000101110001111110001111101011000010110010000111100110110000111001001100101000110000011001101
100011000011110001011101001000010011000011001110111100110000110100101001001110111111100000111110001010111000010111000110001000111010111111000001001101110011011010010001100010110000011100001101111110111001100111
101111101001011011001001011010110111111110011000001001100111100001100011011100110000101101100000111010001011110011111111111101100010000011101111100001000111001111010111111000011010110111111101000000011111110011
101000111100000001100011000010010101000000110011111011001110111101101110000110000110101111001111110011101000111000100011000100111000101001100001111111110001100001010000011011001111100001100001111111010000011001
101010000101010100111111111011010101011110011010010001011010000100100011110011111110100010011100011011001010001101101001011110011011101100110101010000100100111101011111001111100110001100001111000001110110111101
100011110111111110100011000001110100001010110000110111010000110110110110100110000000111110110001001000011011100100001101000111001010001110011100010110111110101001000011100000111100111111111011011101000100011001
101111010001100011101001111111100101100010011101100011011011100010010010001100111111110000100111011011111000110111011000010001101110111011011001010100010000101011101001111110011001101000001010010001011111001101
101000010100101001101101000011001101111011000111001110010010001011011011101001100000000111101100010000001110010001011111111100001000100001010011000101000110001000111100010011010011000010100000110111010001101001
101011111110101100100100011000011111000001110110011100111110101001001000111011001011111100001001110111100111111101001100000111111101101011000111111111111111101110001111000110010111011110111101110110011011001101
101000001000100110110111111111110001110100110100110001110000101111101110010011011000010001101111100001111100010001100111110100000001101001111110000110000110101011100100011100110100000110011001010011001001011101
101110101011101100010100001010100100011111100101110111010111101000101011000110011111010100111100001100110001010111110011000111101111001100000000110000110010100000110001001001100110110011110011011011101100001001
101100101000100111010111100000110111000011001101010010000000111010001011111110110100010110011001111111100101000100011010010100001011011111110111111111111000101111111111101011001100011001100110011000101001100011
100001101101110011010000110110110011111000011101011011101101110011111001100000000101110111000011000100001111111101001000110110111000000100100100000000001011100110000100001000011111001111001111010010001011111111
110101001100100110011110000100011000011111011001001000111101100110101100001111110101000001111110010001101000001101101111100100101111110101101111111101100001110100110101111111110001100110011110000111111110000111
111111100110001100111011111111001101000011001101011110000101001100001001011000011101111100000111010101111011100101001000001110100110100101101000000111001111000101110101100000000101101100110100111110000000110011
100000110011111101101011000001100101111001100100011011110101011101111011010010111001100001011100010111000000110101011011111100110000101100100011110001100001011101100100101111111100100101100001100011011111111001
101110110110000100000000011100110100011100110111000011000101010101100011110110010011001111110001011110010111100101011010100001111101101110111110111100101111001000101110001011001110111101111100001110010000001101
100110100000110111111111110001110111000110010011011110011100010000001110000111000110011010000111011000110010001101000000001111000000100100001000001110111000011011100011111001101010001001000111111000110101111101
110010111110111110000110000111100101110111011010001100110110110111011000111101111110111010111110010010011110100111111011111011010110110110101101100010011011001010110110001100100011101100010000010011100101000001
111010000111100000110000110011001100100101011010100101110010111110001101110001100010001010110000110111001100111100001110000010010010010010100111111011010001111000110000100110001110001001111110110111001101011101
101011110000001111111111111010011001101101001110111101011010001100111001000100101011101010011111100011101001100001100011101110111011111000110001010001000100100010100111101110101000111011100010100100011001000101
100010000111111001000101000010110011000101100110110001000011100111100011011110001000000011000010001001111011101111111001000010101000101111111100010111111101101111101101101000100011100010001010001101011111110101
101111111100010011010001010110100110010000110000010111101110110000101110000111111111110111111010111011000011000010101101110110001110000001000111010010000111001001001100001011111111001111011011111101010100000101
101100000101000110010100011100110100110111111011110010101100000110001100110001000100011100011000001110011001111000000101000011101100111011010011011000101100011101011001111010000010011000010000110001000101110101
101001110101101100110111110001100001100100010011011000100001111100101001111101101101000001001111100100111100001111101101101010101001100010011000010011101001110101001100011011110110111011011110000111110100011101
101011000101111001100000010111111111111101011000001010111011000111111111100000001101111111101000111101111110101100001001101110001011111110111111111011001011000001100110110010000100110001000111111101010111011001
100010011100000011001101110100010000100001001011111110110010010001100001001110111000110001001010010001011000111001011011000100101001100010110000110010011001011011110010010111010101100101010010000000010001001101
101110110001010110011111000101010110001111101110000010011010111100001101111000100011100101011011000111010011100011110010011101101101001010100110011010111101110011011010110101010101111111111010111110111011100111
111000100101111111110000011101010011111010001000111011001010100111111100001101101110101101010001111110010111001110100110110000111000011010101111010010010101000110000011100100010100100000000011100010101010110001
100010111111000110000111110001011010011010111011110001101110110110000111100111000000101100010100000011000110011100101100100110011111110010101010010111000101011110101111001101110110001011110110001010001010111011
101010100000010000111110000101000011001010011010011100100110110100101110110001111110100111011101111010010010111001100110001100110000111000101010110001101101001000100110011101000010111110010010111011011010100001
101111101111111111110000111111111111100011000011000110110000000111100010111011000110110011111000011010111010101011001110111001100110001110001000010101101001101011111100110001011110100011000110100001000010101101
100001001000000000000110010001000110101001111111110010110111010001101010010011010000011000010011110011101010100010011100011111001111100010101011011101001011101001000001111011010000101001011100111101011110100111
110100011111010110111111110100010010101100001000100110010011111100101011010110011111111111011000100110001110111010110001110000011000111011111110000111011000101100011111101001110101101101110001110001001000110001
100111010001110010011000100111111010100101101010001111011110000110001011010000111010011001001110101110101100100010011111000111111110101001100011110000011110100111110000001100100111101101000111000111100010011011
101101110100111011000010001100010010110100101011011101011000110111111010011111100011001011100010100010100001110111000110011110001000001100001000111110110100110000000111101110001100001000011101101110111111111001
100100100110001110011111111001010110100110101001000001001011100100001000110000101001100010111010101110111111100001110000110000100011101111111010010010010101111111101101101011111001111111110100001000000010000011
110110001110111100111000000011010100001110101101110101101011001101011110100110001011001000010011100100101010101011011111100110111110101000001111011011010101100001001000001010000011010000010101111101111000111001
110100111100011001101011111111010101111000100100010111101010011001010110101111111010011101110110001101100000001011000001110011101100101011100101011000000100101101101111100011011110000101000101011001001111101101
100001110101110011100000001010010111000011110110110011000010111111000100001100011010110001000100111001101111111001011100011000100101101001110001001111111110101001100000111010000111101111011100010011100010101001
111111010101100111001011101010110110011111010010011001111110100010010001111001010010100111011110011011000100001100000111001010110000001100011111100110001010001101001110101011110100000110001111000110001010000011
100011000100110001011111001000100100110001011011011100011010001011111111100011010111101100011011010001110101111101110101101010011011111001001000110010100011111001011100101000000101011100100001111100111010111111
101001110110011101000100011111101101110100010001000111000011111000100001001111010100001001110010000111000001000100110100101011001001010011100010111000111011001011111001101111111101000110111111000001100010010001
101101000011001101111101001000001000010110110101110011110110001110001101011000010001101011000110111101101111010111100110101001101100011000111110001111101001011000110011101010110001110010010001010100111011000111
101000011011101000000101111011111111010010000111011000010100101011111101001101111101001010010010001001000100010011001110001111000111001110100010101100001100011110010110001000010111011011110100010111110001110011
101111110001101101010000100011000000011011110110001111010001100000000101011000001111111011011011101100010101111001011000111000011101100111101011101001101111001011010111011011010011001001000110111100010100111001
101000110101000111111111101110011011010000011100100010011111111111010101001111100011000010001000100111111101011101011011110011110001110100001000100011100101100010010100010010010110011100011110110001010110001101
101010011111010000001000001100110001111111110001111010111000011001011101101011001001011110111011110001000101000101010000000111000111000101111110110110110100101010110101110110110100110001110010000101011111111101
100011000000011010100010101001100100000000000100001000000011000011000000001000011100010000001000000100010001010000010101010100010000010001000000000100000001101000000100000010000001100100000110101101000000000000
111111111111111111111111111111111111111111111111111111111111111111111111111111111111111111111111111111111111111111111111111111111111111111111111111111111111111111111111111111111111111111111111111111111111111111
