1111111111111111111111111111111111111111111111111111111111111111111111111111111111111111111111111111111111111111111111111111111111111111111111111111111111111111111111111111111111111111111111111111111111111111111111111111111111111111111111111111111111
0010001001100000000010001010001010000110001101100000000110001101000010000100110100010000000100000000100100001010100011000000100011000000100000000100001100000010001100110001100100000010001000111000000101000101001000101100000001000000010001100010000001
1000101101001111011011011000111000110000100100001101110010100100010110110001100001011010111101011110110101101000001001111010101010010111101110110001100101111000100110000100110001111000101010010010110001110000011010000101111100011111000100101000110101
1111100001100011001001000010000010111101111101111000011000110101010000100101001111001010001101000110110001001011011100010010111010110011001000111101110100101010101100111110011011001111101011010110011100011011010011110001000111110001010110001010011111
1100111100111001101101010111111110000100010001001111011111111101111111101100011101101111100001010010011111011010010111000110000010111001011011101100111110001010111001100111000011100011001011000011000111011001010110011111010000100101110011011011010001
1001100110101100100101111101000011101101010111100011000001000100100001101111110100100000101011111011000000011010110101111111111010001100001000100110011010111010110011110001101110001000011001111111101101001101110100110001011110101100111001011001110101
1011001100100110110100100000011000101001010110001001111101010110001111001010010001111110111001101001111111110010010000110000110011011001111110110011001010011011100110000100100011111111110011000110101001101100100110000101000110001110011101001100100101
1011100110101110110110001111111110111011010011101100011001010000111100011000110100000010011100101101000011000111011010010101100110001111000010010111100011001000101110111110111000110001100110010000101011100110101100111101110011111011000111100110101101
1001001100100000010111101100011000010011111011000110110011011111100001110010000111011011010110000100011010011100010011000101101111100110011011010000101110011110101000100010011110000100001100111110101000110000100111100001011000110001110001110011101101
1100011101101111010000111001010011010110000010010010110111000100101111000111111110011111000011111101111010110001111011111101000110110011010001010110001000110100101011101011000011110111111101100010001010011011110100001100011110100100011011011000001001
1110110100111100010110010011000110000100111111111010010101110001100010011100001000110001101000001111000010010111001001000101011100011001010101011100111011100101101110001010010111011110000101001011111011010010000101111111000100110111001000001110111011
1100010110000110110011011111111110111101100000001111010000011100111011110001101101100100111111101000011011010011100011010100001001001101110101000111100010001101101000111011010001010000110101101110101001000110111101100010011101100011101111100011110001
1001000010110100111110010001000010001001101111100011011011000110011000010111001000001110011000000011110011011001111110010110100011100100000111110001110111011100000010100001011100010111100001001000001011111110100001001000110001001000100001111001000101
1011011111100101100011010100011011111011001000001000010011011111001111010110011111111111010011111010000110011100110000110011101010111111110011011100100110000101111110111101111001010010001111100010111001100010101011101101100111011011101100011101101101
1011110001001101001010010111111000000001011101111010110110001111100010010010110100000110000110001111101100110110100101111000111110001100011010000110101100101101000111110000001011011011011000001010100011001000101011000111001100001110001110110001101001
1010000100011111011010110001001111111100010100110011100100100110111010111010100001110011110100100000111001100010001100111110001000100001001000110010101111101101010100010111101011010010001101111110001110011111111001110011100110111000111000100111001101
1000111111110000010010000101011000000101010001100110001101110000110010001010001111011001100101111110011011101011111110011010101011111111011111111010101000100111010001011110001110010111100111000011011000110000011100111001110011110011101101101100011001
1011110101000111110111111100010011110101111111001100111001011111100111100011111010001100110101001011010010001010101111010011101001000100010000011010100010110011011101001000101000110100110011011001001101100111000110011100111010000111001001000111011011
1010000000011100010110000111010110000111000110011101110011001000001101111111010000101110011101100001000110111010000110010110001101011101110111001010111110111001000111101111101101100110100110001101101001001101101111000110001011011110011011011100010001
1000111111111001010011010110010100111100010100111001010110011011111000100000000110100111001101101111111100101010110011000110101101010001000101101010000010101101110001100000100100101110001100111000111011011000100111101111101011001000110001000101110111
1011101001010011011010010011110101110001110101100011000100110010011110101110111100110011100100100001010110100011111001101100101000010101011100100011101010000100011100111110110001101100100101101110011000010010110010100110001001101101110111110001010101
1110001100010111001000111001100100000111010111110110011101100110110000101010001111100110110110110100000110101110001100111001101011010101000001111111001011110101110110001100011111001001111101000011001111110110011000001100101100101000100000111111000001
1100101111010110011111101100101111111100010010100110110001101100000101101011100000110000110100100111010100101010100110100011111011110101101111000110011011010100000111100101000100011011000001101001100000000011111110111001111110101110001111100011111101
1001100100010010111000000110100010100001111010001100000101001001111100001001111110011010010001101100010101100000110000101011000001100111000110010010111010010110110001110111110001111110011111001100111111111000000111100011000100100011100011001001100101
1011110001111010010011101100111010001100110011011111110101011100010111111011010111011111111111111001110101001111111010101110011111001110011100111010101010110010110111010000011111000010111000011110000100001111110011001111010110111000111000011101001101
1011110101000010110110101001110011101110010111001100011101000111000100011010000101000110000000000011100001111000001110100110110110011010110101100010101000011000100010011110110000010110101011111000110111101100111001100010010110001110011111001101011001
1001100111011110010110100011000111001011000100011001000111110001110001001000110101110010110111111111001100100011100010110000100100111000110000110110101111001111111010111010000111110100101010001110010000001001101100110110110010100011000001011000010011
1100110110000010110010111110011101101011111101110011110100011100111101101011110000011010010000110001111101101110101010011111101101101011100110100100100101101000101010101011111101010101100000100111011110100011000110010010011010111010011101110011110111
1110010010111110011000010000111001001000000001000110100101000110000111001010011110110011011110100100000111001000111011110010000101100010111100101101110000000011100010100000000000010101111010110001000010111001010011011010111011100011011001100110100001
1011011010101000111111011101100011011011110111011100101101011111110010011011000000010110010010001101110011011010011000000110101100001110001101100100010111111110001110001111111011110100001011111111111011101100010110010010010000001110001011001100101101
1010001110001010100001000101110110010001000010010101101001000000011011011001111101110111011011111111011001001111001111110000100111111000100100110111010000100000111010111101000010000111101011000010000011001101110011000111011111111000111010011110100111
1000100010101011101011110100100110111111011010110000100011110111001010001100000100010010010000000110001101100011100000011111110011000010110101100001011111101111100000010001011010110101101010011000111110011000111110011100011000101011100010111010110011
1011110111101001001010100110101100100010010010111010111111000100011011101101110101111010110111010000100100110110111011010000111010011011100100111111001100001010111111011011010010010100001110111111100000110011100011110001110010001001101010000000011001
1000010111001100011000001110100001101010111010010010001101011111010010000111000101000010110001111110110110010000110011011010001000111111001110000011100001111000000010001001010111011101111100100010001101100110001000010111010111111011001011111111001101
1111010010011111111111111100101111001010001111000111101001000010010111010010011101011010011011000111100011011110010110000010111101100010011010111010111111001101111011101011010001001001001001101000111101001110111111000100000010000001011011000001111101
1001011000110000101100011001100110011010100011111100100011111011110001111011000101001111011000010001001011000011000100101010010100101010110000110000100001100100011001000001011101011011100011111110100001011010000011111101011110111111011110011100011001
1011001111100110100001000011110000110010111000000001111000101000111100110001110101100000010010111101011110011111110111111111000101101010111010100101101011110001001101010111010101011000110111000100101111010011111010000001010000110001000100110111000011
1011100100101100101111110110011111100111110011110100101110101110000110010100000100111111110110000101111000111000100100000011110101001010001110101111001000010111100101011100010001001110000100010001111100000110000010111101010111100101101101100011111111
1001110110101001100001100011000000001100010111000110100010000111101111011111111101100001011111010100001011101010001101111000110100011011100011100010011111010101110101110001010101100011111101010100010001011111011111100001010100101100101001001000010001
1100000100001011110100101111111111011101010110011110101011110010101001000100100100110100000101111111011010000011111101011110011111110000111000110110110000010001010100000101111111111000001001111111010111010001010000001111010110000110100011011111000101
1001111101011010100110100000000110000001010100110010101000011010100011110110001110010110110000001100001000101110000001010011010000111110001110100010010111011100010111010111000010001101101101100010010001110101011101111010010011011100111110010101110111
1011000111001010001111111101110011111111011101111000101111011010111000010011011011010110011111100001111111111000111111000111000110000110100100110111010001110001010001111100011010100100100001001010111011000100010001001010111010010110110000110000010001
1010010011011000111111000100011000010001000001010011101001001000011111011001010010010100111000101011100001010011100011010001111111110100110110000110011101000111111100000101110000110110101111011011110010011111110111101000110010110000100111110110111011
1010111001110010100110010101001111010111111111010110000011101111010100011101000110111101100010111010001100000110101000010111000000100101100011110011001100011100001111101100111111100100100100011011000110111000110001001011100110100111110100011100011001
1010011100011110001100110111100011010110100001010011111110000100010101110001101110001000110110010010111111111110001101110011011101101111101000011001100111110001100001100110001001001110110101110010011100101010011101011000101110101100010001001001110011
1011000101000111101101100010110110010000101100011000000100101101110100110111100011100010100111011110110000100000111100011001000111001000101011011111110101000111110100110111101100011100100100010110111001100011000001001110101000101101011111101100010111
1001110111110100000101111000111100111010001001011111110101101001000110100100001010111110101100000010100101101111100111011101010011011010111110010000100101010100000110010100100111001001111111010000110011111001111111100100101101100001010001001111010001
1100110110000101110100101110000101101011111111110000100101111011110010001110111000001000100111111010101111001100001100010101011000010010001000110101101101011111010011000110110001101011000001011111100110001100001000101101101001001111010101011010011011
1110010100111111000110100011110101101000001000010110101100011000011011111010101111100011110110001000100011011001011001110001001011110111101011100100000001000001111110010000011101000010011011000001101100101111101010001000100011011000010100010000111001
1011000101100010011110110111000100100010100011010100100111001111001000000010100010111110110011101111101010010011010011010111101111000101001010001111111111101101000100111011010001011110111011011111000110100000001011101011111111110011110111110110101101
1001011101001110111000100100011110101011111111000101110011100001101110111010101000011000011001100000111010111010010110000000100110011100011010111100011000100100010111101110010101110000101000010000011110110111111000101010001001100110110100010100001001
1011110001011000110010110001011010111110000110010100111001111100100010001010101111001101001100111101100010001010110011101110110010110001000010010001000010111110110110000011110111100111101101110111110100100100011101101010100011001100100001000111111011
1010100101000011100111110111000010100010110010111110001100110001111011101000100001100111100110110001001011100010011000111000011010111111010111010111101110000100010100101000010010101100000111000100000001111101001100100000111001011110001111111110000001
1010001111111000101101100011111000101000011010011011100110010100001001101011111101110000001100100101011010111111011110010011010010100001011100010010111011110111010101111110111000101001101100011110111100110001101001111111110011010100111000110000111011
1000111010001110100100001110001110101111110011001010110011010111111100111001000100011011011001101101001000100001001011011001110110101101110001111010001000010100010000110100001010000011111001010000100110010111101111000010000110010001100010010101100001
1101100000100111110110101100100011101100011001100010011000010100001110001101010111001011001011101001101110101011101001001111100100000100011011001000101101110101111110100101111111111000100011110110110011010000100100011011101100110111110111010111001111
1000111101110001000011100101111011001001011100111000110011110101100111100100010011101001101000101100101010101001000011100110001110111111000010011111101000100111000010001101100000011111101110100010011001011110101101111000100101111100000101010001011101
1110100001011101101000110100001000011011000110001111110111000100110010110111111000111101111110100110001010101100011110110100111000000001010110110000101101101100011011111001001111000011001000101111001100010100100001001110110100001001111100010101000101
1100110111000100111110011111101111110010010011100000100001110110111000100100001010000100011010110011111000101111110100010001110011111111110100011010100101001110110001100011011001111001011010100001011111110001111111100010011111100011100110110101110001
1001110011110110000111000110101011010111111000111110111100010010101101101101101111110111000010011010000011100010110001111111000110110000110101010010110101011000100101001001001100001100010010111011000100000101001010110111010000111110101100100100011011
1011011010000011110101010010001001010000001110000010001001000110000100101001000010000010010111001011111000111000100100000001011100100110100001010111100100001010101101011011100111101111110110011110010101111111100000110010010101100000100001110110111001
1010000010111010100101011000111100011111100111011010101011111111101101101011111010111011110101101010001111101110111101111101011001101100111111010001001101100011111001001001110001001000100011001100111101000110111010000110110101101110001111010110001101
1011101010001000101100001111100111010000110011110010101111000000000100100010011011100000010001001010100000000010001000000100000011001101100010010101011111111010001011101111011101100010001111100101110001010010000011110010010101000111111000010011100101
1011001111101111100110111000101110000110011000010111100100011111111101111111001000111111011101011000111101111111101110111111111011011001101010111101000110001110101001000000001001101111111010110101010111011010111110011011000100011100000010110110110101
1000011101001000110010001110000000101111110011010001110101110101000100000011101110011010000101011010000100000001100110011000100001010011001000000101110000100100101101111110111011001000000000110100010011010000100011010011111111110001010110110100010101
1111110000011010011011100011011010111000011001011100100100010001110110111110000011001000110101001111110111110100110011110010111101011001111111010000010111110101100100010000110010011111110110100111011001011111101001000110000101011111111100100101110101
1010110111110010111010111001001011110011001111001110001111000100000010100000110111101111100001100010010000110111111000010110000111001100100001111110110001100100110111000110100111000000010100101110001101011000111101011111101100000000111001101100110101
1000000100000110110010001101111010000111100011100011111010010111101110101111100000001000111101111010111010100100001111010111110011101110101100001000011111001110110001110111101111011111011101101000111001001010000001010000001101111010010011001110100101
1011101101111110010111101101000010111100111010111000000000111110000110001000111101111010001111000010000011101101100001000100111001001000100111101011001000011010010100010011001010000011010000101011110011101111101101011011011000001011000110011000101111
1000100100011011010101100000010110110001110000011011110101100011010011111010011001100011101000011111111111000100101101111110001101101011110110101111101011111011011111010110011000111010010111100001000110000101001101001110011011111001110110110011100001
1110101111001001000100001111111100100100011111010000011111001001111000011011001100110111001011110000001100011110100101010010101100101010000100100111101010000001001110010100111011101110110011001111011111110100011001100110110010001100011100011000101101
1000100001100011111101111100010001101111010010010101110001011100101101010011100110010101011010011011100001111000110100011010100110001000111101110011001000110101100100111101100001001000011010011000010001100110111011110010000110100111001001001101111101
1101111011111000110000101001000101001001000110110111000101000110001111110110110111000100010011000001111101000011100101001010110011111111100100011010011111100100110101100001001101101011111000110011110100001100100001111011110010110011100011011001010001
1001100001001110011010101011111111011011101110111100011101110100100000000100010101111110111011011100000101011111001111101000011000000000110101010010110000101110100101101111011100101010110011110110000111111110110100110001100110111000110110000011000101
1111001101100011001110001000100110010000100010000110110100000101111111111110110100010010110001010111110111000001011011001011111101110101100101010111100110100011101101001001010110001010010110000100111100000100011110011100101100101110010011111110011101
1000011100110111100110111110110100111101101111110000100111111111000001101000110111000110010101000101010010011111010001101110000111000101001101000100001100001011001000011011010011111011010110111101100001101101000111000110100101100011011001000111001111
1011110110010000110011100000110101110001100100011111101110001010010100000011100110010111010101110001011000110001010101000111010011010100011101111111011001011110011111111010011001000011010010001001101100111001110001111100111101001001011011010001100011
1011000111010110011001001111100100000100110001000101000000100010110110101011001100110010010100111101001111100100010100010000011001010111010101000001001011001100110001101000111101011110011011101011001110001011011100100001100001011101010001011101111001
1001010000000111111100011000001111110110011111110000011011111011100110111110011001111000110110001100011011001101110111111101111101011101000100011101101001101001110100101011100001010000111000100001101011100010001110001111110111010001010111001000001101
1101010110110100011111111110100010000011001000111111001010000000110010010000110011101111100010100111000010011111000001000111000100011001110111110100001100111011000111100001111011010110010010111111001000111110100111111010100001010111010011101111100101
1001111100111101001110001100101110111111111010000001101011011110011010110111111000001000111110110011101110110001111011010001101111110011100110000111100110100010010110001111010010010010110111110001101101101010101100110000001101010001011001101000110101
1101000111100001100100100001111000100010100011111100111001110011011010010010001111100010000111111001111000010100001010011101100000100110110100101101110011101110111100100000000110111010010110000100100000000000100101100101111001011101011100101010010001
1001010000001111110001111101100011101000101010101110001100100111010011011000100100001111110000001101010010110111101010110100101110001100000101100001011001001100011001111111110100100011000011011110111111111111110100001111100011010101010111101011111011
1101011111111000011100001000110110001110101110000111101110101110010111001111110101111000100101111001000111100010001110100110101010100001111101111101001011011001000011000110110101111111011110010010000000110000000110111000101110010100010000001000011001
1100010000011101110111101110100100101000100100110001000100101000111110011000010111000010111100110011101100001010101100110110100011111111001101000101011001001111110110010010100101000001110000110111111011100111111100011010101010110111110110111111001101
1001110111010001100001101010101101101110110111110100010001100011101000111011010000011110000110000110001110111110111001110100101001000000011001101101011011100000011100111010001101011100000111110101001001001100010001110010001000000000011100000011101101
1011100001000101001011001000100111001100010001010111111111111010000011100001011111110111110111010100100100100000110011010101111101011111001011001001001010111111001001110011111001000111111100000001101101011110110111000110111011111101000110111010001001
1000111101111100011110011110110000011001111101000011010001010011101001001101010000100010100101111110110001101110100110000100010001000011101011101011101000000001011011010110000011101101000001111100100100010100000001011100011011000111101100110010101011
1110101100110001010000110100111111111011000101101000010100011011001100011111000110111010001101000010111111001100101111101111011101101010001000100000001110111111000000010100110110001001010101001110110111110001111111010111001110010011000111100110111011
1000101001100101010111100101100010101011110100111101110111001001111111111000011100001010111000011010001000011001100100000001011000111010111110111011111100100001111011110101100100111011011101100010100000011011000001010011011000111001010110001100100001
1101100011001101110100001100001000001010100110001100100001101100010000001101110111100010101110110010111011011111110101011101001010000010000010001001100001101100110001000101110101100001001100111000101111001111101101011001010011101101110000111001101111
1001001001011001000101101111111111101000001111100111101111100111011101101101010100101110001000110110011010001100010101001111101111111111111011101011001111001110011011011100010101001100011001110010100001100101001101011100010110100100111111100011100011
1101111101001111011100101000001010101111101001110001101000110011000001000001000110100111100011100011010010100101000101100000101000000011001000001110011100011011001110010111010101101111110011100111111101110100011001000101010010001110100001001000111001
1000001001100001001001100010100010000010101100111100001010111001111111111111010010110000111110101110010111111101111111111101100011111001101111011000111001111001100110110110010100100011000110101101010001010101111011010111111011011000101100011110101101
1111101011001101101111001010111110111110000110010111111010001101000000000000011000111101100110100100110110000101100011000001111111001101100000001011100011001011110000100000110110111110011110100100000111010101101011010000101000001110100101110100001101
1001101111011000100010011011110000011000111111000100000010100101111110110111111110011000110000110111100000110001001000011100100000011100101011101000101111100000011111111101110010010000110100110101111100010001001001110110001111100110111100010101011001
1100100110001110111011010011000111010010100101110101111111110100000100011100001000110010100101100000110111111111011111110110101111000110111000111110101101111101001100000001000111000111100001110101000001011111011100100010100000110010011001010001110011
1110110011111000101001010110011101110111110000000101100001110111110101001001101111100111101100111110010001100000010100010000100001111100011110110000100100110001111001110111011101111100101011100001101111000000000110111110111110010111001101011111000111
1000011000000010001101010100110000100101000101110100001100100100010101101011101000001101000110000011011101001111110001000111101100001101000011100101110110010101000011010011010101000110101000111111100001111101111100000100010011000001101001000000011111
1011001111011111111001011101110101101101011100011111111110101101000100101000101010100001011111011001001100011100000111111100100111100111111011001111010111000111011111011010000001110000101110101000101100010001000111110101011001111111101101111111110011
1001101100001100011011000100010101001001000111001000000110101001111110101110100011111101001101001101100111110110111101000101110100110100001010011010000101010000011000001011111100110101101100000010101111011011010000010111001011000011001000000010111001
1011001001111001000011010001000111011101110101101011101100101011101010100100111110001001100001101100110001100010100101010001000001110101101010111000111100011111001011101010001110011101101001111110100001001110011111010001100010011010011111101000101101
1001100011000011111110011111111100001100100000101010101001100010001000101101110000101011111100100110011101001000101100011011011111000100101010101011100001110001101010001000100011001100001011000111111101100000110010010100111010110000110000111110100001
1100111111101110000100110001100001111001101110101000101011111110111011101001000101101000000101110011000101101101101001011000010000010110100010101000111111000101101010111111110111100111111010010000001001111111110110111110010010011101100110010100101101
1110100001100100110101100100101111100011000011100011101000100100000010100011011111001111101100111001110100111000100011001111110101010100111010101101110000011100100010101000010011110001100010111111101011000011010110001111010111000111001111000101111101
1010101100110001100100101111101010101111111001111110001110110001111110111110000011101100000101101101100110001110111111111000010111011101100010000101000111110110111110001101111001011100001010010000100011101001000011100101010001010001101011111101100001
1010100111111111101110001000001010000001001100011000100100011011000100010000111110001001111100100100111111100100110001100011000110011001111111011101011101000010000110100001101100001110101011010101111110001101011001110001010111110101000000011001001101
1000110110001000000111101011111000111100011110110010111101110000010101010111100000101011000110110110000000110110000100001111111100110011000100010001000001011011110011111101000111100111111111011100000011011101111101011011010100011101011111010011011111
1110110100100011111100101001101010110001010000100111100001000101010001010101001011111011010010000111101110010011111111111001000001100110010001110101111101110000011001000000010001110010000001000111011000010100001000001010011101000101001101000110000011
1100000101111110000101101100001011100111010111101110001111110111111101110101011010001110011011110100001100111010100010001100011111110010111011000101100100010111001101101011111101011010111101110001111110110111101101101000110001110101100101111111111001
1001111101101010110001001111101110001110010010000010111000100010000111100101011110100000110001100101111001100010101000100001011000111000001111101100001111010001100100111110001100001010100100111101000100100001001001001111100101000000110000100010001101
1011000100101000011111011010100100111000111010111010110010101110110001001101000010111111110111001101100011101110101111111111110010010010101000001111101010010100101110010100100110111000110110000001010110101111011011100110001111111111111110001000100101
1011010110100011001000000000110110011011100010011010100110000110111011011001111000100011000010011100111010001000100001000101100111011110111011111011000010111110100111000101110110011111110011111111010000100011010010110011011011100010101011111111110101
1010010000110111101011111010110111001110001111010010101111111100101000011100001111110110011010110110001110111010110100010001001101000100110010000000011010001100110001010101100011000100011000010000011111101010000110111000010001001000000000010100010101
1010111111100100100001001111100011100010100110011010100110000101101111110001111000000110110010100111100100100010110111111011011101010101100110111110111111100001111101110000111001110001001111000110110001101000111100001111110100011111011111010101000101
1010100000101101111100011000101110110110111100110010110011010100001100011101100011010100100110001100001101101011100100001110010001110101001111100011101000111111000100111111101100011111101000010011100101001111110001100000000111110001000010000101111101
1010111010000000110111110010101010000000011001100110011000010110111001001100101110010101101111011001011001001111001101100100110100100101011100001001100010000001101110100001000111000011001011011110001101011100011111111110111101000111111010110100110001
1010010010111110000100000110101000111111110011110111011111111110010011100110001010110100100001010011110011011000011100110001100111101101010101111100101111111100100110101100010101111010011001110000111101110001000000100010000000010110000011100110011011
1011011011100011110101111110001011100000010110100101000000001011010110110010111010100110111111010110000111010011110110011100110001001001000101010110100001010110001100101111010001100010111101100101110100110111111110001011111111110010111111001111001001
1010010001001000111101000011111001110111000110001101111111100001010100011010000010101110001100010100111100010111000011000111110100011111101101000010111101000011100001101000011111001010010101001100000110100100000011011010000000011010011001101011100011
1110111101011110100001011111001100110011111100111000100010111100010001010011111110100011101001010101101110110100011111101100010111110000001000010110011001101110111111001101110000011111000100011111111110001101111001111000101011010011001101001010111001
1000110001001100101111000100011110011010001001110010001000010111110111011000100010111110100011110101000100010110110001100001010100010111011011111100110011001100011011011000011011110111110101110110000011111001011100001111111001011111100100011000001101
1101100101101001100100010001111000110011011011000111111011110000010101001010001000100010111110110001010001110110000100111011010101010110010011000101110111100001000010011111110010000010000100010100111000100011001111100110001111000111110111001101011001
1000101101101011110101111011100011100110000010011110010010000101110101101111111011101000001100011111011100010010111110001110010101000100110110010101010000110111111000110000000110111010111111110001101110101111100010110100100001110011110001100001001101
1110100111001000010100101000001110001100110111000010110110101101000000101000001001101110101001011000000110111010001010111000110101110101100110110100011110100100011111100111111100101010100010000111001000101101111000010001111100011001100100111111100101
1000110010011111000110001111111100111001100101111010010010111000011111100011101100100100101011001111110010001010111000100011100100011111001100100111001100101101000100001101000110101000101000111101100011100100000011011111101110111100110110000000111101
1011111010110011111111011100001001101111001101101000111000011111110001001110100111110101101011100000111011011010100011101110110111001010011001110110011001101001101101101000010000001111101111101100101110110101110110001000101010011110011100111110000001
1010001010111000000101001001100011000110011000101101101111110000110101101000110001010100101000110110101110010010101001001000000001100000110011010010110011000011000100111111111101111000000101000101100100110111100100100010001011001011001110001011111111
1010101110001110110001111011111111110100110010000000100011010110100100100011111100000110101110100100000110110111101011011111111011001111100110011010000111111111101110000110001000010011110100010001110001100100001101111111100011101011100011101000100001
1010100111100011100101000010110000000101100111111110110110010010001110110110000111011110100111101111010010100011001001010100010001111000001100111010111100000110000010110100101111011000010101111101011011001110111000011000111010001000111001001010001101
1010110000111000001100011110011011110100110110000110000100111011111110111100110001001000110001001001111010001110011101000101011100010011111001100010000001110010110111100101100110001101010100100000001001011000101011110010001010111110001101011110101001
1000111101101111111111110111000010000110010011010011110001100011000100100001111101101011111100011100110011011000110101101101010111000110001100001111111111011011100001110000110011101111110110101110111100011101100000100110101010000010101101000111111011
1011100100100000000001100001010110101111011010011000110111001110011101101111001101001000100111110110011001001101100000100001010011111111011101111000001100000001101100111010111010000110000011101000011111110101001010101111101111111000100101110000010001
1010001110001011111111001100010111100010001110111110011100011000111001000011100001011110110000000011001101101001001111111011011000001000010100100010100111111100000110001111100010111100111110001111001101000001111111101011001100001111110100111111000101
1010111011101110000000011111110001111010111100100011000001010010010011111000111101001100100110101111100101100011011000110001001110100011000110111010110000001111111111100100001110100001100011011101100000010111000100001001011001011010010110100011111101
1000110011001000111111110001011100011110011001101001111111110110110110001010011001101001111100100100001100110111110010010101100010111111101110001110011111100000000000101101111000101111001001010101111010111100010001111101001011000011010010001001000101
1110010110011011100000100111000111000010110011101100001010100111100100101011010011001011011001110101011110111100000111011111111010100010101011100011000010111111111110111001000011100011101100010001000011100001111111010101100001011001011011101101110001
1011000010110010001110110001010001110110000110000111101000001100001110101110011001011010000011010001001000100001111101000000001010001000100010111001111010100010101000100011011110101001001111011100011110001011000001000001111111001100001000111000011101
1001111010000111101000100100011011010011111111010000100011011001111110100111001101110011011111010101101011101111000001011111100011101010111000001101000010001000101011101110010000001101100110011001001000111111111101011100000011100111101110001101000101
1100011011111101001011111111111010011000110001111011111111001011000100110001101001000110001000011100101000101100011101110001111110001110101111100100011110101110001001101010111111101100110010110011111011100110000001000110101001110000100011100101010101
1001010010000100011000000000000010111110000100001110000000011000010001111011001011011111101101001101101110101001000100100100011011111100101000110111111011100111101011001010100011000101111011100110100001110010111101010011101100011110111001110111110111
1011010110111101001111111111111010001011011101100000111111001111111111001001011001011000101101100111000100100011011110110111001000000101100010010001100000110101001001011010101001110100010011001110001111011010000101111010001101111010001100010000110011
1011010110001001100110000011011010100001010000111111100001011000010001101100011101000010100100111100010101110111110000100011100010110101110111011011001110100101011100010010101100100111011001111000111000001000110100110010111000101011100111111110011001
1010010100101011110000101001010010101101011010100010001101001011000100000111110101011010110110001101010100011110000111101110111110100101000110001000011000001101000111111010001110110011001100000010100011101011100110100110011101100000110000000011011101
1011010110100000010101101101000111111001001111101010111001101001101111110110000101001110110111101001110111001100111110101000000110110101010010101110111111111001110000101011111010011001100111110110111010101110001100101111000111001010111111110110000001
1001010010110111111111101101011100000011100001101010011011001100100000111100110001100110010010001011100001100001110100101101010100100101111011101010101100011101011110100000000011001100110000011110100010100011011111101001110011011110101000010011111101
1101011011100001000010000101010001111000111101001011001011011110111110010001111111110011011011011011001111111111000001100001110101101100110001000010100101000001000010110110101001100111110111001000110110111010011010001100011000010000001111011001001001
1001001000101011011010101101010111100010010100011001101010000010110011000111101001100111010001011001100011000000011111111111100101000110011101011010110001110101010110010011111011110000010001101011110100011011001000111101001111110111100001001100011011
1011101110111110010010111001010000111011010111011101101010111010000111110100001100001100011101001100111110011010110000010001001101110011000001001110011101000111010111011110000010011111011111101010000101000001101011100001101100100101111101101110110001
1000100010010100110111100011010110001011010001110100101010001111110011011110100111111001110001100110000000111011100110110100011100111010011111111000111001011110010100010000111011000001000011001010111101111111001001101011101001101100000101101000110111
1010111111010001100010001110010111101110010100100110101010111000111001001010110010000011100111110011111101100010001100010111110110001011010001000011110011011000110101110111100001111011111001011000100100000001011100111011000011001001010100001010010101
1010011000011011111010111000110011001100110110001100101110010010001101100000111010111110110000000110100000111110111110110110100011101001110101011110011001000011100100100100001111000000001100011111101111111101001110011001011110011101011111101011110101
1111010011110001100010001011111001011001111100100101100111010111101101110111100010100000011111110100101110110000000110000000001000101100110101010111010011111110001110110101011001101111101111110000001010001101100011001101001000110101001000101000100101
1000010110110100110111101010011101011011110001110101110011010101001001000010001110101111010001010001100010010111111100101111111110101110010101010100000110000010111010000101111100100000111000011111100000101001001001101101101010100101100010101110001101
1101110100000110100100001000110001001000100111010100111000010101011011011011100000101000010100010100111011110100000111111000000000100011000100010101111100101000110011111100110110001110000011010000101111101011011011000100111010110000111110000111111101
1001000101111110101110111110011111101110001110000110001111010001001010001000111111111011000111111110101001000101110100011111111101111011111111110101100110111110000110000110010100111011111110000110101000101011001000010001100011111110000011101100011001
1011011111000010101100100011010001000011111010101111100001011011100011101110000100010001111100001100101100010101010001000100000100011010001000000100110010110111010011010111000110001000110100111110111010001001101011111111110110000011111111000001001011
1011010010011000101001101001000101101000010010111100111101111001111111001011110001010100000101101001101111011101011111110001010111001000101010101110011010010000011000010101110010100010000101110000000011101100101110000011000110111000100001011111101001
1001011000111111100011001101111101001111010110011001100100001100011001101010011111011101110100100011001001110001000000011111110001101011101010100011010011011010111101110000111011101011111101100101011111001110100111011001010010101110001101110010000011
1101001110100000111110011000010001111100010011010011001111101111001100101000110001000111000110111111100011000111010101000110111101111000101110110110010111001111100111011101101000111111000100111111010001101000101100001101011010000011111100011000111001
1001100110001101110000110011110111100001110110000111011100100001101110001101110101110001101100010000001011011110010111010010100100011110100010011100110001100000110001000000001110000100010110110001110100111011111001111001001011111011000111001111101101
1011110011011101100111111001100100001111100011110000011001111011001010111100000100011011100111011101111001010000110001011000110111001000111011000101100101111101100101111111101011110001110010100101000110010010000011100011011000100010010001101000100001
1000011010010100111100011101001101111010101001011101001011000010011010100001111101011000110000001101011011010101111101111110100001101011101001101101111101000100101100100000100000011111011010101100010011010110111110001110001110001110110100101010101111
1011110010110110011001001100011001010010001100011001100011110110110010111111100001001110011101100101001001011100100100001000101011001000001100100000000001010110000110001010111111011000001010100111111001010010100010111011101011111000111101101010101101
1011000110000011000011101001110011000110111111000011110110000100011000000001001111011011000111110001101101001110001101101011101110011011111110111111111100010011110111111110000011001110100010101100001111011010111010100000000001000010001001001010100001
1010011111111011111110001011000111010100010011111110111100101101110011111100011001010001010001111111100001100111101111001000101000111110001000000110000111111111000100000111111001100100111110000110100100001000100010111101011101101111101101011010111111
1000110000010000000010111011010010010001010110000000001001101001100111000110111100000111011100110010101111110000111000011110001010010000101110110000101100000001011111110100011100111101100111110010111101101111101010000111110001001101001001001010000001
1011111111000110111110101001011011111111010000101111101011111011001100010011100001010011000110011000100110111101100011111000111011110111100011100101101001111101011010000111001110000100001100011010001101101000101011110000110111011001011101100011111101
1001100011101111100000101101011011000010010101100000101001000010011110111000101111111001111111001011110010100100110110001101100010000100111000111100100011100001001000110001101011010111011001011011100100101110001010011110100010011011000111111111000101
1100001001001000101111100001001001011011011101111111101100011111000110101110111000001100100011101000011000101110110100100111001110111101101110000110101110001111100011111101000001110001001011001000110110100111011010111000111011001001010100010010010001
1111111101111010101001111011101100001001000111000110000101110001110010100100110010100111101000001011001110001000100101110001100010010001001100110011111000111000111110010001011100111011100011101110000010110011010010001011101001100011010001000110110101
1000001100100010101100110000111001111101110110010010101111011101011010110001100110110000001111111110011011101011101100011101111011000100011001111000011011100010000111010111000111100001111110100011010110011001010111101001101101111111111111101110111101
1110100110001110101110011110011100000100010000111010100110000100010010010101001110111111111000000000111010101011001101001100000011110111110011100011001000111111110011010110010000101101000000111001111100111100010011001100101001000000011000100010000101
1100110011111000100011000111000111110111011111110000111100110101110111010111101100001000100011101110001010001001100111100111111110000100010110001111101110010000011000010011011101100100011111101100000001110111111000011110101011110111001010001111110111
1001100110100011111010010001110010000110010100011110011001110101000101010010100110111010111110001000111000111101110010110000110000111101011100111000100011000110111010111001000100110111001000100111111111010000000011111000101000100101100010101100010001
1011101100101111000010111100011011010010110001000011001011000100010001011000110100011010000111011011100011100100111000011110000101110001000110000010101001110110010010011101011110010001111010001100101000000111111110000011101110110100111010111001011101
1001000110100000011110010111001001111110111011111001100001101111111101010010000101110011110001011011001110101110011101010010111111100111101100111111101100010011010111000101110000111011100010100110001011111100100010111110000010110110001110100011000101
1101010000111111111011000101101100000100100010001101111111000000001101010111111100010111011101001001011000101011000001000110000011001110000111100001111111011010010001010000110110011001001111110100101010001001101010100010111010100110100100101111110101
1101011111100100000011110001100111110001101110100101000001111110100111010010001111010001011001101111000010100001111111110011111110011100110000001100000110011110111111111010000111110011011000000101101010101011001000110110001110001100110001100000100101
1001000000001101101000110111001100011111000110110101111011000110110001011110100001110100010011100011111110001101010110111010000000111001110111111111101100110000110000001111010100010110011011010101001000101001011111110000100111111101111111111110110101
1011011101101100101110100100011001011000010011110000001010010011111101000100101011000110110111001000000111101001000010001010111111100011011100001000101001100110011011100101111101010000110011011101011111100011001000100101110000101001100000010000100001
1001110001000110101000111101010011000011111000010110100000111001110001101101111001101111100101011111110000101111011000100010110001110110001001101010100011110011110010110001100001011101110110010001000001111001100010101111011010001011001011110111110111
1011000111111110101110011001010111111110011111010011111110001100100111100001000011001100001100001101011110001000011111111110000100010011101011000010101000011011000110111100001011000101010100110111101100100011111110100110010011011010011110000101010011
1010010010000000100011001011110101000111001000011010000111111101101101001111011110011001111001100100000011111011110011000111111111011000001001111110111111110001011110000111111011110101010110010001100111101110001000110000110110010000110000111100011001
1010110110111111101001100000100100010101101011111110110011000111001000011001000010110011000011110110111000110011011000010010001101001111111101000010001000011100010000110100001001010100010011111100110000001100100011111110010110110111111101110101001101
1010111100100001101011111111101110110000101000011000011000010001011011110011110110111011111110100100011110010110011111111000100001100110001001011011101011000110111011100101101101010111111000000110010101011001111110011010110010110011000100010001111101
1010010001110100111001100011001010100110001111001101111111111100010010011011000010011010000100001101010011010000110100001011111100110000101011011010100001110100001001001101000100010010001111101100111111110011011011001010011011100110010111010111000001
1011000111000111100011001001011000101111101001101001010000000111110111010010010111010010110111011111011000011101100001101010001101111111101001110000101111100111101011011101110111111000100110001001100001100110000001100011011001001100110000010100011111
1011111110011100001111011101011010100101100011001011000111110001010100000110111100010110010001001100010011010100001111101011100100111000001011000110111000001110101110000101100000001101110010111011001011001111101101110111001101011101111111110001110001
1000100011010001101000010101001110110100111001011011011100011100010001111100100001110111011101100101010110000111111100001000110110010010101000011110010011111010100000110100111111100101011010100010011000011101001001000001011000010100001000000111011101
1110101010010111001011110101100110100110110011010010010001000101011011000101101111010010000100110001111100110101010110111101100110110111101111111011010110001000111101111110001000110100011010001110111111110100011011010111001111110111101011111100001001
1000001000110100011010000100110010101110011001000110110111110111000010010001001000011000111110011011000111100100000010110100110000010111000110101011010100101010011001000011101110010111001010101010100001000001111010010011100001000001101010001001100011
1111111111100101001000111110111011100011001101111111100100010010010110111101011101111111101011001110010000110101111010000110011111110010010000100010010110101010110011011000100011010011111011100010101100011011001011011000111101011011001010101011110111
1000000001001111111101110000101001111001100000011010001101011010111110100101000100100001100001100000111110011100001011110011001000011011110111101000110010101010000110001110111001011000001001111010111001110010011001110010010001001110011010100001000001
1101111100011000000001000110001100001100111111000010111001011010101100110001110110001100110111111111100011001111011010011001100011001000011100001011111010101011111111100100011101001111101101001010001011100110111101100111000111100100110010111101011101
1001000111001101111111011111100111100110100001111000100011110010101001100111010011011110010000001000001001100100010000111100110111101111011001111110001010111010010110110111000001011000001001011011101110001110000100110011111100001101100110010111010001
1101010011100100101000010001110100110100101100101111101011000110001011001100011001010000110111100011011111110101110110010110011100000001001011101100100010011011000000010001111111001011111011000010001100111010110110010110100001101101110011000010011111
1001011000110110101011011011010001110110001110100001001110011110111010011001111101011101100001110111010000110001000011000011000111011111101001001001111111001011101101011100011000011001100011011110111001100000010111010000111011100100011001111010110001
1101011101100010101001011000010101010011101010111100011000110010100010111011100001000100101101000101010110011111011011111111110010011000101100011011000001101001001001000101001010111101001001001100100011101111010011011010010010001111001100100010000101
1001001100001010001101110010111100011000101010011001000010111000101110001010001111010111100111010101010111000001001110001000111000110010100110110010010100101101111011110111101010010001111101100101101010001010011010010011000110111001011110110111111101
1011111001011010111000011010011001001110101011001101111110011111100011100010111101110001110100011100010011010111101100100010000011100110110000100110110110100101100010100010001011000100001100111101001110111010111110111001111110101101001000010110010101
1010110011011110011111001011001011111100100001100111000111000001001000111110100000010100100101111001011010010011000101111111111110001110111111101100110110110000001010001110111011111111100110000100011100010010100000101111000100001101101101010011000101
1010000111110000110001101111100010000001110100110100010011111101111010000010110111011110101100110011111010111001110101100000011000111010000000101101100100011111111110111000100001000001110100110111110111000110101111100001010101100000100111011000011101
1010111101100111100101100110101110111111111110110101111001100100011010111010010001000110000110011010001010011111000100110111000011100011111110100101001101000000001100101011101011011101010110010110000001101100100110110100010101111111110010001101001001
1011100001001101001100110100100010100000111010100100001101001111001111100011010101110011110011001110100011001100010110010011111110001011000100110101011111111111100110101000111110001001010011110000111011101001110010100111110111000001011010111111111011
1010001100011101011110100101101110111010010010101111011101011001101000101011011100011000111001100100111111100101111100111000100011011001010101110101010110010000110010001101110000111011011000011111100011001011011010001110000110011100010010001100000001
1000111111110001001010001101001000110011000110101001010001000011000010001001000110111110011101101101110000110100000101101110111000001100011100100111010010110110011011011101010111100010001111010000001001101000010011011010110100110111000111100110111111
1011101000010111100011111000011011100111101110100011010111110111111111111101101100010100110000100000011110100101110100100010011111011111001110001100011010000111001011010001000011001110101101000111101111001011010111010010011101100011111101110010010001
1000100010110000111010001110110010001101001000111000010101100011000000010000100101000110100111111011000000101111000110110111000001001010011011111110111000111101101001010101011010011010100100010100000100011011110100010111001001001000100001011011000101
1110101110000101101010101100100110111101011011101111110100101110011111000111110111010010110010001001111111101100010110110011111101100011000010000000101101100000101101110101001110110000110101111111101101111000010001110001100011011110101100001010010101
1010101011111100001000100110101100000101001011000000100110100000110001111101010001011010011010101100110001100110110010011000100001001001101010111110100100001110100000100101100110111110010000101000111001001111011111100101111110010100100110111011111101
1000100011000101101111110011100101010001100010010110101100101111111011101000011101110011011010101111100100110010011011001101101111111100111110101100110001011010111110001100110010001100111111100010000011101101001000110100000010110101111100110010000001
1101111001010001001100111001110111011100111110110111100110000110000000100011000100110111010010100001001110011011011001101000101010001110011000001001111111110010100011111110011011100110100000101111111110001001100010011101011000100001000001100111011101
1000110011011111100110101100110011110110101100010001101100110011101110110111101110100101011010111100011111000010010011101110101000100011010010111011110000011000001001000011001001110011101110001000000000100011111011000111001101110100011011001101011001
1110010110001000110100000110011001100100100101111100100110011001000110100100001010001101001010000111001101110110111110000000101011111000010111100011100101001111111011011001101011011001001011111011101101111110101011110001100100011101111110011100001101
1011011110111010010001101111011011001101110001000110110011001101010010001101111011111101101010110001111000110010000100110111101001101011010001001001001111100100010001001100101001001100011000001010100111000110001000011101110101000101000100110001101001
1001000000100011011111001000010010011100011011010010011011101101011011111000000000000101001111111100100010011111010001111100001100100001110101011111011010101101011101100110111101011111111111011000110000010000101111000100011101110101010001110100101011
1101111011101111010000011011010110110111001001111010111000111001111011000011011111101100011100010001101111010001010111101001111110111100111101001000000000100101001111110010000101011000000100011110011111111101101011110111000111100101011111010110101001
1001000010001001011101011010010110000101101100001010110010001100000010011111110001101001110001010100100010000101110011000011100100001110011001100011111111110101100110000111110001000011010001010011011000001001000010000101101110001111010000010011101011
1011011110111011000101110011010011110001101110101010011111100111011011110000000100111011011011000101111011111100111010011110001101100111110011111110001000010101110000111100011111011111011111011011001110101011111010110100100100100110010101111010001001
1001010000100001110101000110011000100111000111100011001100110001110001000111111110010010010011010111000010000110011110111010111000110001100110110000111011000101011111110001001101110001010001001001100000111001100010110110110101110100110100000010111101
1101010111101101000101011111011110110010010000111111100001111100100111011100000011000111000110011100011110110011001000101000001011111101001100010110100001111101000101010111100001100101000101101100110110011100110110011100010000111101110101010110000101
1100010110000100011101000010001010111000111110000110110111001110111100010001111011111101101110110001111000111111100011100011101000110101011101000110101111000101010001000010111101001101111101100001110011110110010111001001011101101001010111111110110101
1001110100111111110001111011101010001101100011110010000000011010110001110111010010100000001000010111001101100000111110111111001110100100010001111100100011010001011011011000000100011100000100111111011001100011010101101011001001001011010011000100100101
1011000101100101011111000010101011100111001000111010111110110010000101000001010110001111011111010011100101001010010000000010011000101111111100101101111010011111011110001010110111110111110110000110001011001111010101001001101011011001011001010101101101
1010011100110000000011101110001010110011111010010011100000100111111111011101010011111100010110011000110001011111000110101000110011101000000110101000001000110001000100101111110010000011010100110100100000011000010001011111101010001101010011010101100101
1110110101100110111010100100100010111000011011000110001110001101000010001001010110000001110000111110100100001101101100111111110110001010110110001011101111110100010101111000011011011000010101100001111101001011110101010000101010111001000110010100110111
1000100000111100100000110111111010101111010001111111011011100001101110111011000000110101100111100010111101011001101111100001010111100010110011101001000001000101110001010011011010011110110100111111010111101000111111000110100000110011011100110110010001
1011101010000110101110110000011000100100011100011011010010111101100010010011011111111111001100001010001111001011001000001100010000111110011001111101111101110111011111000110001011000110100101100100010011001110010001111100110111100111110001110011011011
1001111111110010111000011111001110001101110111000010011000001001001010110110000010001110011101111011100011101001011011111110111110000111011100110001010101100010001011010100100010011100101101001101011001100111000100011001100010001110100111010110001001
1100000101011010001101000011101010101001000101111010110011101011101000100100111110100100110001001000111010001101010011000010101011110010010110000111000100101000100010011111111111110001101000011001011100110101111111010011001010111100001100010011101101
1001110100000010100101101001001010111011011100000000110110001001001111101110001000110110100111101101101011011001010110010110001000011011010011011101010110111111111010110001000001000100101111111011010110100100000011010111111010100001111110111000111101
1101100101111111110111111101011000100010000101111111100110111101011010100011111011100010101100100100001001010011000000110011101011010010011001110001010110011000001110100100011101011110100000010011010000001111011010010000010010001111010100011101100001
1000101100000001100010001100010010101110110001010000101100010101000000111011000000111010001110001110101101000111111111111111001011000110111100100111010011010010101000101111111001000010111111000110011111101000001110111111010111111010000101001100101101
1110101111111100001110100111111111100010011100010110101111000101110111100010011110011011111010101010111001110101010001000010011001111100101110001100011000010111101011101000001011101011100011111100111000101011111100010100010110000000110001100110100111
1010101000001111100110110000010001111011111001110110100001110100010100001110110011010010000000101000100011100100010100011000111100100110001010100110111111110101001001001011101001001000001010001101101010100010000001000101110011111110011111110100110011
1000100011100001001100111010110100000010001111000100110100111111010101111100000111110111011101111011101111001101110111011111100110001100101000110000100010100100011100011001001101101101111000100101000010111110111111110100111010000000110001111101111001
1011111110111101011001101110000111111110100100011110010110000101010100010001111111100110000111000011001010011001000100001000001111100111101101111111101000001101110110111101011001000100011111111101110110100000100001100110010011010110100100110001001101
1011001100000101010011000111111101100000110001110011011111110000010110110111000011001100101100010110011010111101011101101010111000110100001001000000001111101001010100110101010011110111000100001101000110110111101100101111011010010011101110011011100001
1000011001010101110111010011000000101110011111011001001000100101111110000011011001011111100110111100110010001101010000111010010010010101111011110111100001111100000110000101110110010001110001100001101100100101000110000001010000110110001011010010001011
1110110011010100100100011000010110000011000010001101101010101100000010111110001100010001110100011001111000100101011111100011000111000100010000010001111100000111010011110001100100111100011111111111001101101101010011111111011110011100111011000111111001
1010011111010110001110111111110010101001101010100100100010111111111011110000111101010101010101001011010010110001011000001111111111111111010111011100101111110010011001000111001110010111000000100100011001001000011110001100010110110001110001111100011101
1011000010010011111011100000111110111100111010110001111110010100011010000111101001110100010101111010010111111101001011111000001010000001011100001110001000111010111101110100011011000011111110110001001100011111111000100001110000100111000100000001010001
1001111011110110000000001110000100011110100010011100000111000111001000111100100011100111010100100011010010001101101010011110100010110101000111100011101010001011110100011101111010011000001100010111100111111000000011111101000101101100011111011101010101
1100001011000100101010111011110111001011101111001111110011110011101110100110001110001100010110101111010110100111101011000000111011100101110010111000111011101001100101001001000010111110100111010011110000001101111110001101111111001001010001110001011101
1111101000010111101110100011000010011000101001101000111000111000100000110000111000111101110000101000010100110001001010011101101011001100111010011101100010001100101111100011011010100010111100011001011110111001000110100001000010011111110100110111000001
1000001111110001111000110110011011110010001100101010001110011110111111111111100011100101011111101101110101110100011011111001001000011110100010110000001110111110100010111110001110111010011001111111000000100011010011111111011010110001000110100101111101
1010111000011101010010100100110000100111101001101011100011000100010001100000101110001101000001101000100100011111111010001011101111110100001110100111111010001100101000010000100100001011001011000001011101101110011010000110001000110101101110101100000101
1010000011000000000110110001100110001100001100000010001001010001000100001010001000100000010100001010001101000000000000100010000000000001101000001100000000100001101011000101110001100001100000010100010000100000110000110000101010000100001000001001010000
1111111111111111111111111111111111111111111111111111111111111111111111111111111111111111111111111111111111111111111111111111111111111111111111111111111111111111111111111111111111111111111111111111111111111111111111111111111111111111111111111111111111
