11111111111111111111111111111111111111111111111111111111111111111111111111111111111111111111111111111111111111111111111111111111111111111111111111111111111111111111111111111111111111111
00010000100000000000000000100011001000100000110000100000011000001100000000010100000001100011000100100000000000000100000000000000000001001000101010100000111000010110000000101011011010001
11010110001010111111110110111001100010001110011010001011110011100110111011110001011101001001110001101101111101101101111111111101110101101010000000111110010011010000111011100000010000101
10010111111011100001000100011100110111011011000011111001100110110010101001000111110001011101100101000111000100100001100001000111000100100011011110000111000110010101100001101101000111101
10111100011001101100011111001110011100010001111110000011001110111000100011011100110100010100110101010100010111111011001100010000011110111111010011110001010011110101101111000101111101001
10100001001011001111110001100111000001110100001010111110011010101110101110010101100111110110010100011101010000001011011111111111111010000110011000011100010110000100111000010100010101011
10101011101110011000000101110001101111000110111000100011010000000110101010110001001100010111010111110001111111101010010000100001001011110000110011010111110011011110010010110111010001001
10111010100100111011101100011100101100010111100011101110010111010010101010100101011001010000010110000111100001001110110110001101011000011110011010010011011001010011000110011100010111101
10001010110101100000101001010110001001011100001110001100111100010110101010101101011011011011111100111100001111011000100011011101001011000011110010111010001101011001111111001110110000101
11101010110001111101101111000011111011010001111010111001101001110010100010101001001011001000001101101001100110010011110111010101101001101001100110110000100101011011000111100110111011101
10100010011111010000100001110110001011110111011000000011000011100110111010111011100001101111100101000011110100110110100010010100001101101100001100000101111101000010010011001100101000001
10111011010000010111111100110000100010000011000011111110011110110010001110100010101111101000110001010111010101110010101010110111101100100111100110111111000101111010111001111001100011111
10011110000111010100000110011010111110111110011111000011010010100111100100001000111000101010011111110010010100011010101110100011000110110000111100100000010001100010001111000011101110011
11001100111110010001010011010011100000100100110110011010011000101100110101111101100010001010110000111010110111010010101000101001110110011110011001101111111011001110111000011110000111001
11100101100011011111111111010111001111110001110100110010111010000101110000011111001011011010011110000010010110000110001011101101000011000111001111000110001110011000001101110011110101101
10110000101010000010000100010101011100010111000001100110001011110100011111001100011001110011000111101111000011111110111000111001011001110101100010011100100110111011100100111001010001101
10100110101000101000110001110101000001010010011111001100101011010111011001100110111111100110010000100101111000000010101110100011011100100100111010110001110010101000110110011100011101001
10101110111111111111111111000101111111011011000110011110101110010011000011110010000000001111011110110100001110111110100010101111010111101110011010000100111110101110010011010110111001011
10100010000100001100011001010100000101010011010011000011100010111010010110011011111111011010000010010001100011100010110110100010010110001010110011110110010000101011011011010010010011001
10101011010101101001001101011111101100010110011001011000111010110011110000110000100001110000111011011100101000001010110010111000110100111000100110110011110111100000010010011000110111101
10111011011100100011101100001000001101110011111101001110000010011011000101100110101100011110110001000101111101111010000110110010000101101011101100011010000100001111110110111101100011001
10010001001110111110101001101101011001011001000001100111111111000000010111001100100111001100011111110111000111000011110010010111111101000010001001001010111101111010000100100000111000011
11000111100000101000101111001001010011001100011111110011000101110111111110011001110001100111001100000100010100011010111011011110001001110110111011100010101100010010111101101010001111001
11011101111111100011100001011101010111100001010000011010010001100001000010110011111011110110011001110101010101010010101011000100100011000110110000111110100111011010000101111011100001101
10010000110001101000111101000101010001110111111101010010111011001111011011110110101001010011110011100101110101111000001001110101111110010010000110010000110001010010110100011110001011001
10110110100100101101100001110001111100011110000101010110001001011100010001000000001101011000010111001100110100001111111100100100011000111111101100110111110101000111110111000110111001101
10111110001110111000101111011100101111001100110111000011101101010001111101111111011001001111000100011110010111100000000110101111000011100000111001100100000100010011000001010010011101001
10001100111010011110100110000110101011100101110011011110001001010111100101101100010011100000010101001011010011001111011110100001101001101110011111101111111111111001011101111011001001011
11101001110011001000110011010010001000110101011010000110111011110110001100100110110111001111111111100011011001100011000010110100101111000111000000100000010000001101001000101001101101001
10000011011001101010111010011011101101110001000010101100100011000100101110110000110001100010000010001110011100111001011000010110100100011101111101111111000111100111101110001100101001101
10111111001101001010001011011111000100011111110111111001101110011101101010011010011100101110111010111000110110011111110011110100110101110001010001100001111100110100001011011110101111101
11100001100100011011101010000000010001110100100110000011100000110001001011001110110110111000011010110011100011000100011111000101100101000100010111001100000001100001101010001000100100001
10001100110101110010001010111111111101000001101100111110111111100111100001100010100010000011110010100110001011101101001100011111101101010101010110011101111111001111111000111011110001111
10111110110001100110111011100000000111011101101001110010000000110010101100111010001011110110000111101100111110001101100101110000100101110111110100110000100000011000001101100010010111001
10000010011011001100001001101111101100001100100011011010110110111010000111101011111001100010110011001001100010101000110101000101110100100001000001100101101111110010100111110110110100011
11101011001000011111011100001010101101100110111111001010110110100010111100001010001111001010100110011011001000111011100100010100100110111101011111110111001000010110110001100100100101001
11001011101111110001001111111000100100111100010001100000010100101011100001011000100110011010111100110001101110010001101110111110001100011001001100010100011010110010111011001110101111101
10011010100001000101101000100010110110100001000101001111110111101000001111011111110011111010011001100100100011010100100010100011100111000011100001010101111010111011101000011000100011101
11011010111101101101000010110110110000101111111111011000110011001111111000010100011000001011000011101110110111110111111011101000110001111001101111010100001110101000101111110010111001001
10010010100001001001111010010100011111100001100011010010011001011000101011000110111111101011111000111000010001100100000010001010111111101100111000010111101000001010100001010111101100011
10110110101111011011100011000101011010111011001010011011011100011010001001110000000101001110001110011101010100001101111010111110011000101101100011010011000011111010101111000000101111001
11100100101000010000111011111111000010001011011010110001001111110010101100111111110001011000100111000001011111111100010010000111010010100000101110011110011110001110100000011010100001101
10001101101101011010010000100011101000101000001010100111100000010111111110010010000101011101110011111011001010000111010111110011010110101111100111111000111000100000101101001110101100101
10111000100111001111010101101001101111101111111010110010111101010100000011011010111111000001011010010001111000110000010000011001000010101001110001000011110011111110100111100100100110001
10101101110001100100011101001100111001001000001010011010001101010001011111001000100001111111001011000101000010011111111111001101111110001011011100010110000110100000110010111101110011101
10100000011101110111000111011110001100011011011011001010111001011011010001101111101011100001100010011111010111110000000100011001100011111010001111111111010100001111111010001100011000111
10111101010100010001110001010111100111000001110011101000110011001110000100101000001000101111101111011010011100011011011101110011001001100000111001000100010111011100001110100101011010011
10011001000111010100111100010100110001101111100110001111100111100111110110101011111110000001001001001010111001001111001001100110011100001111110011010001111110000111011100110101001111001
11001101110011010110100111110001111101111000001100111000001100110000011100100010000111110100011101101010110011100001100011001100110111011000000111011011100011110011010001110111100101101
11100100110110010100110000000101011001000011111001101011111110111111011001111110111100011111110100001010000110111100110110011101100100011011101101001110001010011010010111010011110000101
10110110010110110101110111010111000011010111000011100010000000010110000011101000010001001100100001111011111110001110010010110100110101110000100101100100111011000000110100011001111011101
10000011110100100100100010010100011111110101011110001111101111000011111010001110110111100001101111010000000010100111011110100110010100010110110000110101101011101111110101011100101000101
11011000010101111110111010110101110101000100010000111001000011111000011000101000010001110111001100010111111010110001000010101111010111000011111110110101101000111100000101010110001101101
10001111010000001010001010100100000000010101110110001101011110001101001111101011011100010100011001010100011010011101111000100010010011111001100010010001001010001001111101000011100101001
11100011011111100011101010111101111111111101010111011000010100101101111000100010000111010001110011000111010011001100001111110110111000001100001111011111011111011011011001101000110101011
10111001010000111011001010000100100011000001000011001111000101100100000011101110110110011111011001111110010111100101111000000110001101101111100100001100011101010010001100101101100101011
10001101000110110010011011101110101000011111111001100001110100110101011110000111111100110000011100101010110001110100011111110011011001111000111101100001001001000110100110100111001101001
10111101111110100110111000101100101111110001101100111101100001111101001100111100001101100111010110100000011100011101001000111001000011000010100001111111100011111100110100110100011001011
10001000110000101100001110100101100100000100000110000100111011000111101001101001100101001110010100101110110111000111100010001011011111011010001101001000001110001111110001110101111100001
10100010010111100101101010110001110111101101010111110110001110010010001011101011110100011100110001100010010001110001110111101000010001001111111111100011111000111000010101000100001111101
10111111010100110101101010111111010001100111110001100111101100111010100000001001100111111001110111111111000101011100010000101110110101100011000010001110010010000011011111010111100000111
10011001110101110111001010010000010100110100011011001100100001110010111111111100110101001101010000000011010100001111010110101100010101101000011010100010110111110110000000011110111110001
11000011000100010001011011010110111110100101011110011110111111000110110000010110010000011001000111111001111110100010010100100101110100111011110011101000100101010111111011001100000011101
11111110011101111101010000010110001010110001001100110110001001101111100101000010111110111011011110001100110000110110110101110111100110010000011000111101101100010011000001100001110110101
11000100111000000101010101110011101000011011100101100000100011000110001111111000000100100010010000100110010110011100100101010010001111011111001110001101000110111010010100111111000100101
10010001101011110101011101011010100011110010110101101111110111011100111010011111011101101110111011111111010011010001101101011010111000010001100111011001011100110010111111100011110001101
10111111100001010001001100001000111110010110110101000100100001000001100000110001110000101010100010001010011011110101000101011000110010111101101101001101001001100111100001001001100100101
10100001001100011101100111101110011000110000100101110001101111111111111101100100110101101000001010100000110000010111110101000010100110101100000101100111101011001100001101101100110111101
10101101111111111000110000111011001110111101101100011111101100000000000001001111100111001111111010111111111111010010100101110111111100100001010000110001000001100101101000101110010110001
10000100001100001010100110110001100010100100100111000000100001011111111100011000001110011100010010010000100001011000110100011110001101111111111011111100010100110100111110001011010100101
10111111011001101110111110100100111010001101101101111110111111001000101111001110111010110001000111010110101101001110011101000000101000000000101110001111111101110110011011101001011101101
11110000010011100100000100001101100010111000100100000010100011101101100001100110000010110111111101000100101101011011000111011101101111111110100010100011000101000011001000001100000001001
10000101110110110111010001101001001110010011110001111010001001001000101100110011011010100100000001111101100100010001110010000111001000000010101000101000010111011111101111111111111101011
10110100110100010011011011111101011011000110111111000011111100011110100101111011001110101101010111010001110111110100011011010100011101111110101111111111110001000000101100011000000111111
10011111100001011001001110000101001000011100000010011010101111110000110100110001100010100111010010010111000000010111001001110101110100011000100011000100011101110110100001000010110000001
11001100001111111101100100110111101011110001010110111000100000111011100110000100111010110110011000110011111111000001101100010101000111000011101010010001000100000100111111111111100110111
11101001111100010000110101100100001001011011110100101110111010100001001111111111110010110100111110011010100010011101100111010100010001110110111010111111110111011111100010011000111100001
10100011000101011110010100101101111101000000110101100010010011101101011000110001000110100101100000110010001011110000110001011101111101100110000010110000010011010000001000110010001101011
10001010010101000111011101101001010001111111100101110111000110000100010010000100010010110001111111100111011000011101100101000101000001001100101010010101011001110111011111110110100111001
10111110110001010100010000100011000111100000101101000110011100111111110110111111111010011101000000001100011111011001001101110111011111011001101011010101001100010001001000010011110000011
11100000100111110001110111111111010000001110100101110000110001110000010010011000001111001101011101111001010001001111011101100011010001001111001110011101101110111101101011011001011101001
11001111101100011111000100000001011111111010110100011010100111010110111010110011011101101001001111000011111011100010010000111000010111011000011000110001000010000000100010001101010001101
10011100001001000011011101111101001000110000010111001110101101000010100011100111001001001111100001011000110010111000111111101111110100010011010011111011111011011111110110111001000111111
10110111011011111001010000000101011010011111010001100111100001011010101110001101100011011000111101001110011000001110100000000000110001110111010111000001100001110000011100011011011100011
10100010001011001100010101111101010011010001011100110000111101110010100010111101110110010010000001101011001101111000101110111111100111000100010001101111001101000101001111010010001001001
10111000101001100111111111000100010111000101000110010110000100100111111010100001000100111011111111001001101100000011100010000011001101011101111100001001011111011101100011010111111011101
10010011111101110000000011010110110101111101101100111100101110001101000010101101010101110001100000011011100111111000110111111000011000010000000111111011011010010001111001010000100000101
11010111000000111111101001010011100100010100100001100001111000111100011010001001010100100100111101110000110000001110010000101111110010110110101100001000010000111111001100011110001010101
10010100011111100010001100011011001101000110111111101011010011100001111110111111011110101110000101000111111101100111111110100000000110011111101001100011110110010001011111001011111111101
10110101110100001000111111111000011111010010000010101001010110001101000000010100010000100011110100010011000111110000000110110111111111011000111011111110000110110101000011101011000101001
10111101100001111111110010001111110000011011111010001100010110100111011111110001110111101111000111111110010010111111110010011100000010000010001011000011011100100101111000000010010000011
10000100101111010000011010100000011110110000101011100110110100110010010000010101100100100100011110001100111010000000011011000110111011010111100010010110011001101100001111111010111111011
10101110001001000101001000101111010000110110001000110010110101100110110111000101001101110101110000100101100010110110110001101100101001110000110110111100110011000111100010001110100011001
10100011111100011101111011111000000111100111111110011010100101111100010010011111011000000100010111110101001111100100100101100110101100011111100110000101100111011110111000100010101001101
11110110100001110001000010001101111100001100000011001110001100000101111011001010001111111110110100110101101101001101101100110010100111001000101100101101111110010100001010110110101101001
10000110001011000101011110101001000110111001111001100010100111101101101001101000111100001010100001100101000001011000100110011000110101100010101110100100000100110001101111100110100111011
10111100111111101101010000101101010011100011010011111011110101001001001101111011101001100000101101001101111100010010001111011111110000111110100010101111110001111011000101001100110110001
10110001101100000111010110100001011001001110010111101001010101011011011000010010000011101110100111011001000111111011111101110000000110100010111011100000011111000011111100011101100100111
10000101000101101100010011101011011100011000110011001101010101011000011011000110110110100111110011011011010000000011000100100101110100101010101011001111010010011000100001001001001101101
10111111110101000110111011001110010111111101111010011101010101001111001111111100110100110100011001001001111111111110010001101100100111101000100001111000011000111110101101011011011100101
10011010000101110100001001011000110100010100011000110101000001100101100110000111100110000101000011101101100011000110111011101110111100001111111101000011001010010000100101110010010110101
11000000110100011101111101111011100101000001001101100001011111110000110011110011001110111101111110001100001001010010101011001010001001111100010000011111101011011111110111100111000010001
11111111100101000100010100100010110001011111101100101111111000111110011000111001011000011001100000111001111100011000001010011011100011000101110111110001101010010001000011001111101111101
10010101101111110111010110001110010111000100000110001000010010000110111110011100001110110011001111101011000111111111111000111010111110010000010010000101001110110101111010011010101101101
11000000000011000001010111111010110101110101111111111011000111110000000111000110100011100110011000001011110000110000011111100010000100110111011010111101011000010101100010110000100001001
11111101010110011111000100001000000001100101000100000001101100011111110001010010101000001110111101011000000110011010110000001010110101100100001010101001011010110101001010010110101011011
11000111111100110001110101101011111111001100010101101111000101000100111101111011101010111000011001001111111111010010100101011010010111111101111010100011001010010100011011000010111010001
10010010000001100100100100111001010011011111111101100010010101110110000100101001111110100010110011100000000110011010101101110011010000000001100010111001100010110111111011111110001000111
10111000111111001101101110001100010110010000010000101010111100110100110110001100000011101011100111111101111100111011101101100110011111111111001010001101111111100100101001100011101101101
10110010110001011100101111100111000010110111010111111010011001100101110111011111110111001011001111000100001001110011000100101111001000000000011111101001000011001110001101001000100101001
10010111100101001001100100001100011110100010010000110011110011001101010001001000010010011110011010010111100011010110010110100110011011111111000110101011101000011011011100011110110101101
11010101001101101011110101011001110000101110111110100111000111011000011011101101111010110100110010110001111011000000111100110011010001100001110000101011001111110001000111111000110100001
10011100011101001001100101000011100110100110000100101110011101001111110000100101101000100101100110111100010001101111110001111011000101001101011011101001101010110101110010001101100101101
11000001110100011100110111101110101100110011101101100010110001100100011011110001001110110001001110001001010100100001000111001001101111011001010010001100101000000100000110100001001100111
10011111010111111110010000100100101111111001101001111000100100110101011001011100011011110111100010101111011110101111011101101100100110011011000110111110001011010111111100111111011110011
10110001000000001011011110110001100100001100100011001111110110010001001100000101110001100101001011100110000110111000010000000110111100110001101110100111111110011100000001100001000111001
10010100011110100001011010011011110101011110111111011000000011111111100110110100100100110100011001110011110010100011111101111110011001100111000010110001000000110001111100110100010001101
11000101110011111011000011010001010101000010100010001101011001000000110010010001101110100101001100011010111010110110001100001011000011101101111010011100010110100111000111100101011111101
11111111011001101001110111011101010001110110001000100111001100010101111011011111001000101101111110110010010010010100111001100001111110101000001011001101010111101110010000101101111000101
10010110001101001100010110010001011111010011111111110011100101110101000001110000011011101000110000110111000111010101110011110100001000101110101001100111010011000010111110101111000010101
10110000100001011111010100110111000100011011001100011000110111100101011101100111110011001010010110100001110101010100100111010111101010100000101111110010011001011110100100101000010110101
10100101111101000001010101110110010001001001011001001110011100001101000101001100010110011011110011101111100101000110101110010010101011111111100011011010111101000100101101100010110110111
10001100100101010111010001000100110111101101000011100111011001111001010111011111010100110001000110001011001101111110001000111010000010001000111001000010010100011101100101101111100010001
10111110110001110001011111101110010010111000010110110001000011010011110100010000010001110101011100111001100100110000111011101011110110100010101100011111010111110001110100100001111111011
11100000100100111011010000100011111000001111111110111011111110000110100101110110111111100111010001101100110101100111110011001001100010111110000111111011010010010111000110110111000010001
11001111111110000001000110111000101110100000011000100011000000111100101100110100100000111100010111100110000100001100000110011100110110100011110010001010011000110011010010100100011010111
10011000000011111111111100011010000011110111010010001001011111110110100110100101110110001110110000110000101110101001110000110110100100101000011000101000111101111010011000111101110010001
10111011110110000001000111001111111000011110010111111101000100010010110100101100010111100100011110100101100011100011011110100110101101101110111111101011101000110010111111100001000111011
10001000010011011011010101100000011111000000110000000111110001011000010101101111000101110111000010111111111000111110001010001100101001001000011001101001000010010110010101110111101100011
10111101111000001000010001111111010011111110011111110000111111001101110101000010011101000110011010100010001110110000100011100101101011011101110011001101111011010111010100000100101001001
10010000101110101110110100101000010110101011010000111110010001011001100101101010110001011100110010001011011010011111111000001101101010001000000110011000110001010001010001101110001101101
11000111100011111100100110001011110100001001000110011011000101001011001100111011100100010001111111111011000011001100001110101001001011101111110010111110010111011101010111001000101001111
11111100001011000110101110111010100001101101111111001001010101101010011110100011001111111011001000001001010111100101100011111011011001000010011010101011010011011001011100011101111100001
10000001111000010011100100011010101011001000101001100011010111001010111100110110011000000000011011101101010101110101111000000010001101111011000010000011011010010011001001110100110001101
10101101001111111000110101110010001001101110000011111011010100011010011001110100110011111111110001000001010000010100001111111111011001000010011111111000010010110111100011000110011011001
10100111100101001110100101000110101100100011011111001001110001110011001011000101100110000100010101111111011111010111101001010101001100011110111000101111110110010111111111101111001111101
10110011110000011010001111011110111110111001000001011100111111010111100010011100101111010001011100001001010101010100001011000001100111110010001110000000011111010011000001000001100001101
10011001011101110011101010011000011000101101011100000110100000000110111110110110000011011111001101101011000001000110111000011011110110000111100011011111001000011000010101110101111100101
11001100001100100110001000110011001110101001010111110010101011110100001010100011111001001101100111001011111101111100011110111000110011101110111001000001100011011111111100010100010110101
11100101100110001110111011111111100110101011000001000110111000010001101000101000001011100101110000011010000101000111000011100010011010001010101101010101111111000110001111010111110000101
10001111110011011100001011001000111100101001111111010010110011011111001010101111100000110100011111111000111101010011011000101011010011011000000101110100101000010010100100010001000111101
10111000011010010101111001100010001101101100110000011010011001010011011110100000110110100111000110101011100001010110011110101110010111010011011100111110100011111110110001111011011100101
10010011000011000101011101110111101001000110000111110011001101011000001100111110011111101110010010100011001111011100110110100011110010010111001110010000110110000100011111000000000110001
11010111011111110100010001000011001011010111110100000111101111010010111001100010110000101011011000101010011101010001100100101000011000110101100111000110100111010111010001111111110011011
10010110010000110111010111110110011011110100000110110101001010010110000011001110100110001000011101101010110100000111110101111111010010010100110011111100111100010001010100010000011001001
10110010110110010000010000010100110000100001111100011100011000110011111111100000101111111011110101001000100001111101000100010000010111010001111000010001110001111100010111000111011100011
10011010110111011010111111010110010110111111000101110001111101111001000110111111100100010011010101011111110111010100010111010101110011111100001111000111000111000101110011111110010111001
11011010100101001111100010010011011110000110010111000111000001101111010010110000110101011000000101001100010010000001011110011100011010000110100101111101011101010000111010000100110001101
10001010101101100011001000111010001100110000110001011101110101000010011010100110100101001110111101100110111000111101001100111001000010101110110000001101001001011110001010110001110101101
10111010100100111000011111110011100111111101111101011000000101011000111000101100101101100111100000110010001111100101101001100011111110100000111110100101101100000111011010111111000111001
10010010110110011111010000000110110100011001010001000011111101001111101110001001100000110001001110011010100100110000111011001111100000111101100010110100100110110011110010000101011110011
10110111110010110001111101111100010001010011010111111110000001100100000011111011111110011101100011001010110001100110110010011101001111100111001011110001110011100110000111110100001000111
10010000011010100100100001001101011111011011010010000100111111110110111000110010000111001101101001111011111011001111100110110001011000101100011000011111011001101100101110110110111011101
11011111001000001110001111100001011000010000011010110001100010000110001110010110110101100101001100001001101000011000001110111011000010001001111111011000001100111001100100100100010010001
10000100011111111111111000101111000010110111111000111111001010111100100011010010100001111101011111011100100011111010111000001001111011011011100001001011100110100011110001101110110111011
11111101011000010101010010100001111111110110001011100110011010110001111001111010101011000001000101001110101110001010011111100011010001110010101111101000110110001111010100101010100100011
10000001001011000100000110111101001101100010101000001100111010011100101100010010111001101111110101100010100100101011010000111110000111000110100011001010010011011000011111101000001101001
11011111101011110111011110110101100001001010101110101001101011000110000111000110001100101000110001111010110101101001000110010000111100011110001001011011011010011101000110001110111001101
10010000000010010010010010100100110111011110100111100011101011110011101101111111101110101110011100011000100101101101111111000101100110111000111101010011011011010001101100111100100011101
11010111111110111000111010101110010000000100110000111110001001011001100000101000001000100111000111001111101101000100001101111100001100101101101100011110010001110111101001101001111110001
10011110000110001111101010100011011011101101111110011000111101001100111110001011011011110010010001101010111001010110100100001111111001101001000111111000111100000100001011000011000000101
10110000110011100000000000101001001110101001001011001110011000011110001011101001010000011011011100100010000011110111110101111000100011000011110000001011100111111101111011011111101011101
10010111111001111111101111101101100010101011100001100011000011111011101011001011011111001001010110111011110110100100010001100010110111111000011010100001110100000100010010000100001110001
10110001101100011000101100000111111010101000111100111010011110001010001000011001010101101101010010001000110100001101011100101110110000001111001110111101000001110111010110110101100011111
10111101000111010010100111101100000010101110110001101011110000100000111101111111010000100001000111101110000101111101001110101010011111101001100111110001011111010110010011110111001000011
10000000010001000110110001100110111110001000100111001000000111111111100100100000010110111111110001100011111100100101100011101011010000101100110010000111010001010100111000100001011111001
11111111010111110010011100110010000110111011101100011111110010000100001110001111110110001000011011001010010110110000111000001001010110101110011000111100010101000101110010111101000001101
10000001110100011011010110011011101100001001001101010000110110110110101011111001100010100011010010011011000010011010011111111011010010101010111111100110111101011101100110000101111011101
10110100011101001110010011000000100111101101100001000101100010010110100000101100111011111111000110111011110111010011000100010010011010001000011000110000101100011001001111110100001110001
10010111001001101100111001011111110010000101001011011111001111010100111010000110001001100001111100101010100011010111110101011000110011111011001110110111100001110011011001000111100000101
11011101101101100001101100001100011010101101011001001010011000010101100011111111101100001011001001101000101010010000110001010011111000100001100010000100101111100111111100011101111111101
10000100100100110100101110111001001010111001111101100000111011110100111010000101000111111010011011101110001010111111100111010110100010110101111011101101100011001100010110110001000110001
11010101110110011111100011100011101010100011000111110101101010010110001110110000010110001000110010000111111010000000111110010110001010010100101000001000111001011001000110110100010010111
10010100100111000100001001001111001010101110010000011101100010110111101000100101110010101101110110111100001011111110110000110011111011010110101111111010000011011101110000100110110110101
11010110001101110001011011011001011011100010111111000111001110010001000011101100110110100101000110000001100000000010000111111000001110010010100001011011111110001101011111101100100100101
10010011101000011111110001000011001000110110100001101110011000111101110110001110011100110001011100111111111110111111111101001111100010111110110100000010000010111001000100101110101101101
10111001000011001100011011110111101110010000001101100100110010000100010010111011010001111111010101100001000110100010100000011010111010100000100111011110101010010011010001101000111001101
10111101111111100101001010100010101011011111111000110001110111011101010110100001010111000110010000110100010011101000001011110000001010101011111110000000111111000111011111001010110011001
10010100010000110001100010001110001001000100001110111111100100001111011100101101010100010100111011100111111010001111111000000110111000101001100011101111100001111101000010011011100110011
11010111010110000111111010111100101011110001011000000000001101100100011001101100010001110101100011001100001010111101001111011100011111101100101001111000001100000101011010111000101110111
10010011010111111100001010100101100000011101001011111110101001111101110011000111111111000101111010011001101000100001101011000111001010001110001100010011111111110001010010001101100000001
10110110010001000110100010101101111101110111101110001100111111000100100111011100000101011100110010110011101111101100100001110110011000111011111111000110000100011100010111100101111110111
10110010111111010011111110001101000111000010000100100111110001010110110001111001010100000110011110110110000010101110111100010011110010011000001101111111010001001111110000110100101000011
10000110000000011000000000100100010000011000110001110000000100010000100100000011010001010011000000000100101000001000000001011000000111000010100000000000010101100000010110000110000011000
11111111111111111111111111111111111111111111111111111111111111111111111111111111111111111111111111111111111111111111111111111111111111111111111111111111111111111111111111111111111111111
