1111111111111111111111111111111111111111111111111111111111111111111111111111111111111111111111111111111111111111111111111111111111111111111111111111111111111111111111111111111111111111111111111111111111111111111111111111111111111111111111111111111111111111111111111
0010010101000001101000001000010000001000011000000000000000101010000001011000001000110001001000010001000011000001100101000100000000010000101100000100000001011000000000001100000010011100001000000001000000000100001010000010110000110000111100000110000010101100001000011
1011000001110100101011100011000111100011110010111110111110001000111100010010100010000101011011000101011001011100110000011101110101011110000110110101110100010011101111100111011011001001100011101101110111111101100000111010100110010110011001010000101110000001100011001
1001010100011110001001110111111110001001100110000111100011111011101111010110111111111100011010010101001100001111100101010000011101001100110010111101010111010111001000110001010001100011111110001000010001000100101110100000101111010110110011011111111000110100111111101
1101010111001011011100010000010011011100110010110100001000011011000010010010000110000101110010111101100111100001001101110101001101100110111000100001010101011100011010011100010111101111000110111111010100010001100100111110001000010100000111110000000011100101100010001
1101010011101010001111011111011001110110011111110001111111010010011010111011110000110111000110011000110010111100011100000111111001110100011101101111010100001110111111001111110001001001010010101011010111111100111101110011111101110111110100010111111110001111001000111
1001111010100011100001000110011100100011000100011101100110010111001010000000111011100010011111001110111010110111110111110011000011000111001100001000010111100000100001100001011101011011011000100001010001000111100001000111000101100010010101010011000100111010011111101
1011100010111000111101101100110110001011110001000100001100110001111011110110001111001010110101100111100010010000110000011010011110010101100111111010110000111110101100101100001001010001011111101100011111010000101101010110010100111011000101010110010101101000110100001
1000001110001110110000100101100111011000111111110111100101111100000001011111101000011010000000110001101111010110000101001110110000111100101100011010011110001000100110100110111011000101000101001111110000011110100111010000110110010011111101010010110101100011100001011
1111111100101100100101110100110100011110100000110001110101100111111100010000101011111111111011111101001000010011011101100110100111101001100101000011001011101111110110110110001011101101110101011010000111110110110010011110100111010110001001000110100101001110111111001
1001010001101001101111000110100001110000110110011101010100110001000111010110111000000110011010001001011101110110010000110100101110000011110111101111100011000100000100100011011000111001100100010000101100000000111010110010111100010000101011011100101101011000010001101
1100011011111011100000010110111011010111110111110100011110000100011110010010110011110000110010100011001000010010110110011101100100110111010000100000101110011101111101101001001110001011001110110111101101111110000010011000010001110111100001110001100001011011010100101
1001000001100011001111110010001001000010010100000111000111010110110000111010100111011010110110111111101010110110100011011001110101100101011110111111101000111000000100111111011011101110011100100100100111100011111111001110110111000001111101000100111111001010000110101
1011110111001110011000111010101101111011010001101101110001110010011010110010101100010010100010010001101010000100101111110011010111110100000010100011001011110011110110100000001000100110110101110110110110001000100001100011100100011111000111010101100011100011111110001
1000100100011011001010011111101100001001000100100000111100111011010011100110100001110110101111010100101010111101111000000111010011010001011000001000011001010110111110101110101110110010100101000000010000111110110101001000101101001000010001011111001000101110001011101
1010110101110001101111010000001001101101111101110110001110101111010110001110111111000011101000010110101011100001000011011100011000010111111010101111111100010100100010100011101000011000101101111111011111101010010100011101100111101011111101000000011110111000101000101
1010010101100101000110010111111011001001000100010100100010000001010100111100100001011001001011110010101001101111010111110001001111010110001011111000101001000001101000101000101101001111101101100011010110000011011101001000110010111010000001011111111000110011101011101
1011010100110101110100110100010001011100010111110111111011111101000101100110110100001111011001100110101111001000011100011101011000011100101110001010001111111111001111111110101001011011000001001010010011011001001111111011111010100010111111110001000010010110001000101
1111010110100100100001100101010111000111110010000100011011010101111100110100100110111000001100001100101100011011110001010001001111011001100100100010100000011000011000000100100011001010011101011110111001011101100000001000000000001110010001000101010111110010111101101
1000010100110110101111001111010011010000111010101101001000010100000001100101110100011011111111101001100001001001100111010111100110010011110101111111111111010011110011010001111111100010110111000010011100001100111111101111110111111011000101101101011100011010101001101
1101111101100100101010011000011001111110101010111001101101010111111111001101000101110011011000111011111111101101001100010011001100110110110101010001000001000110011001011011100000111010010010010111001101100111110100100100011100010001111100001001001001000010100011001
1001100001001101100010110011011100110000100000010011000111010100010000011101110111000110010010110000010010100100011001111001111001100100100100000101011011111100111101111010001010010011011000110101100111110110000001110101011001010100000111111101100011111110101001011
1100001111100101101010111001000110100111110110110111011110000101010111000100100100011100110110010111011000110111010011011100010011001110001111101101010001001110010000110010111111011001001110110000110011000100101100010001010011000111110001010101001110000010101101001
1001111000110101001110101101111110101100011100100001001100110111010100011110110001110001100011000100001101110001110111001110110111011110111000111101110101011000110110011010101101001011100100011110011001101101101111111101011011111100010100000101111100111000101111101
1011100010110101111000100000100010101001000101101111100111110001000101111000100111100100101011111110101001000111000101100000100110010100110010100001000100010010100011001110100101101110110111111000111101000100101000000101001001100001011110111100001001101101100000001
1000101110010100110011101110101000100011110101001010110000011101101101000011101100001110101110000011101101011100011101001101101100110001100110110111101111000110101111101000110000100100010001000011101101011110101011110101101100111111001010001111100011000111001111111
1110101011000110010111001010001111111001100101011000111111000100111001011110000111111000100110111001000001011001110001011100001101100111001110000100000110010100100010100011111010110001111101011110001001010000101010000100101110000001100011100010111110010010011000001
1010101011111111000101101011111010001111001101010010010001110110001011011011110000010010110010011101111111001011100111010111111001001110011010111111110100111111111010111110001010100101100001011000100011000111101011101111100111111100001000111000000110111000111110111
1010001000010101111100001000001000111000011111011011011011010011100011000001011111000110111011000100000001101000110000000000000011011010110000010000010101110000110010100000101010101100101101010011111111101100001000101000110010000111111110101111110100101111100010001
1011111010110001100001111010101101110011110110010001011000011000111001111101000001111110001001110111111011001010110111111111111110010000011111110111010111000110010110001111101010101110100111000111000001000110111110100010111011010101010010000110010001100001101011101
1000101110100100101111010010101101010110000000110101010010111110011100101001101101000010111100100100011000011110011110001100010110111101110001000011010100011111010100100010101010101000110010011101101101110010010100111110011010010000000111110000111111111101001001101
1010100000101110100001000110100100010000111111111101011110001011001111100011101101010110011001101101001111110111001100100110110000101001000100010110010001110101000111111010000011101101111011000100001001010111000101100011010010111111010011011110110001100000011100101
1010001101101100111101111100110101011111110001100001000111100011100110001110101001010100110011001001100001000101100110110000100111100011011111111100111011100001111110001011011011001001001001110110111011000011101100111001010111100001111000000010011100101101110110001
1011011000000110000100100001110101000001000100001111110001111000110100101000001111010001100111011011111100010100110011111010101110001110011000101001110011001100100000101001110001011011101101010010100001111000100101110011010011001100101101111111001110001111000010111
1001111111110011101110001111010111101100011111111000011100011110010001111011100010011111101100010010101111110101111001000010101000100010110010000011100110011110001110101100011011011000000101011000111101100010101101100111010110011110100001000001101011100001111000011
1100101000011011000111111100010000001111111001100011111001001100111111110000110110110100100110111000100100010100001101101011101011111000100111111110101100110011100111101101001001001111101101011111110100111111100100101101000110111100101101010111101000110100110011001
1110100011001110010010000101111111111000101100001110001111101001111001100110010000010001101100011110110001000001011001001000001000101111101110001000101101111000110000101001101111101000001001000000000110100000001110100101011100101001100100010000000010011110011110011
1100101111100010111000110001000000010010101001011100100110001011010011001111111011011011100001110000011111111111010011011111111110000000101100111010101001000010111110101011000110101101011011101111010010001111100010110000010001101011110111111101111111000011000111001
1001101000111000101111110101011011000110001011011001110000101000000110011010001110000000111111000101010000010000010111010001100011101111101001100010001011101110101000101111010000100111010010100011111011111010111010010111110111101010100001000111000001111011110001101
1011001010101111100110000111001001111111101001000011011111111111010100111000101100111110000011011101110111011111010101000100001001111000001011101111111000100100001011100010011011110011010110101001100000000010001011010000100100001000101111010001010100101000011100101
1110011110001100110000111100011100001000111011111111000000110001110001100010100111100011101110001100100101000001110101111111111100110011111010001100001110111101101001111011110001011001110100101100111011111110100010011111101101101010101100010101010110001111001110101
1100110000100110000111100101110111100010100010000001110110010100011011110111110011001010000100100110101101111101100100110101001110010110001000111001100010001100101100010000100100001100100110101110001110001000111110111000101001001110100101111101110011100001101000111
1001111010111100111110001100110100111110101111011100110111000111001000110101011010011011010111110100100100000100101110100001101011000100100010100011111011100110111111010110110101100110001100101011100110100011100100100010001011011000101100101100011001111100101110011
1011000010110001101011011110000101100010101100010110010001111101101111100100001000111001110000011101110101111110001010001101100001111110111111101110001000110110000001011100011100110111111110001000110000111110001101101111111010001010100110100111001101000110100111001
1010010111100111100000010111110001110110001001110111011100100101100010001101101111101100011111011001000100000111111000111000110101000010001011001100101101110011111101000111001111100000010000111011111111110000100101101000110011101011110010110001100100010011110001101
1011010101001100001101110000011100000111111011100001001110110000111000111111001100000111000010001011011101110000011110110010000100010111101001100110100101011000100001110011100001111111010111100000000000011110101100101011100111001001011110111011110101111000111101101
1001110000011111101001000111010111110101010010001011100010100110001111100000011001110001111011100001010101011111010000100111111111111100101100110110110100001110101100011000111100010000010001111101111111001000100110001001001100011100000110100001100100011110010101001
1100010111110000101011011110000001100100000110101000111000111111011000101011010011011101001001101011010101000001000101101101100000111001101110000010110111101100001111110010000111010111011100000100100001100011110111111100011001000111110000001111001111001011000001011
1111010011010110111001001010110111001111011100111110101111110001000010111010000110001001101100111110010101011101011101001101001110010011101011101000100100100101111000111010101100010100000111110110110100111110000100001001110011110100011111100100011001100011111111001
1000011001000010100011101010110011011100010001100000000001100101110110001011011111101011001110001000110001010101111001011001011011000111001000111111101110110000011010001110101001110101110000010010100110001011011101100011100110111101001000111101011100111001100001101
1110111101111010101111000010011010010001110111001011111011001100100011101001110001100001100011100011111011010000110011000011010001010001100010110000100000111111110011100110101100110100011110111010110110101001010001111110101110010001100010001101000110001100110100001
1000110100100010100001110111001110111011010100011010001110011110101010001101000100111011110110111110001011011111100111111110011101010100111110010101111110011001000110110010100110010101001100001010011100101101011011000000000011010111111111100101111100101110100111101
1011100110001110110100110001100000101011000101001110101100110010111010111101010110010001010010000000101001010001001101000100111001011110011011011100000111001101010100011011110011000101100111111011010001100101001001111111111001010000011000110100000101100010110100001
1001001111111010010110011100111111100001110101100110101001100110010010000100011111011101000110111010101100010100011000010101100011000011000001000110110011100001011101001001011011011111001100011001011011110001101101000100001100011111001010000101110100111010100101101
1101011100000011011111010110000101111101100101111100100011110111000111110111010000010001011110001011101111010111010010110100110111111001111111110010100110111011001001101100001001110001101001001100010000011011001000010101100111000011101111011111000110011010111101111
1001000101111111001110000011110101000001001100001101101110000001111100010001110111111011000011101001000001110010010111100110100000001100100000011010111100101001101111100111101100000101001011101111111011110010011111110000101101111000100110000010011111110010001000001
1011110001000001100100111000110000011111111001101000100111111100000110110100000100000011101111001101111100011010110101001110101111100110001011000010011001100011101000001100100101111101111001100010110000011110111100011110100101001110110011111000111010000111101011011
1010100100010101110001101110011111110000001100100010110100000101010000011111111101111110001100011100011001000010110101011100101000110111111011111111000011001001001101100101110100000100001100111000000111011000011001000011110100011100111000010010100000101101001011001
1000110101110100111111000011001000110101100110101111100001110101111101001000010001000111011001110111001111111110100101010110001010010010001110000110010110011111011001111100000101101111011001101111111101000011110011111010000110110001101111011111110111111001011110011
1010011101100111100001111001101101100100110011100001111111100100011001101011000111010001010011000001100010000110101101000011111111011000100100110011010110110100011100010001111111000001001100100000000001111110010111011011011100110111000010010001010010000011001100111
1011000100101100001100000011001000101101111001111111000011001101001111111011111100011100010111101101111000110010100101111000000110001111110101111001010100100001110110110111100001111101100110111111111100000111010001001000011001100110011010110100010110101010011001101
1111110110100001111111011110011101101101011101000110011001011001100001000010001111000111010100001000011111111011110001001110110100100101010101101101110001101111100000010010001100110000110100100010000001010001000101101111110011001100110010000111010100101110110011001
1000000100111111100011000110110100000100000100010010111101010011111011011110100110010001010101011110110010001000000100011100100101111100010100101000110100100100001110111000111110011110110001101011011101111101101101100001000111011101110111111110010001100000100111011
1101111110000000001001110010010001010101010111111000100101010110100001001100110010111101110101000100011000111111110110110001101101000001000110100010011110110101111000001111110011000111100101101011000111100000100100110100010001000100011101010000111111001111101100011
1101000011011111111100111011011011011111110100001111101100011110001111100101111010001101100101110101011101100010011111100111101101011111111110111111001010110100001111101000000111110011001100101001110000101010110110011110111011110101011000010111100001100110000001001
1001110110010000001111100001001111110001100111011100000111111000111000110001001011011001001100010111010001001000110000101100000001001100000000010001101000010110100001111011101100111001011110001100111010111110010011000010101001000101000010110010001100110000111111101
1011000100110111100001001101101100010101001100000001111100001010100010011111101001110011011001010010011011011011100110001101111111100110111101110101101111110100110100110010101110001101110111111110001010000011011111111010001101011111110110011010111110011110110000111
1010010101100100101101011000100101000100011001111011100001101011101110110010101100100110001111111010110000010010001111111001100000110011100001000101000100010110011110000110100111100100110000000111101011111010000100000010111001000000010010111010001011001100100110001
1011011100101110111101011010110101111111111100011010001011100010001000111000000110110011101000001010111101110110111000000011001110011000110111011101110101010011001011110110110011001110011111110011001010100011110111101110010011111111011110100011100011100111101111011
1001001110100100100001001110010001000000000101001110111000110110111010010010110010010110001011100010000101000110110010111010011011011110100100000100110101011001111000100000011001011011001000011001101000101110000110001011010110000001010000101001111010110100000100001
1101101000110001101111100011111111111101110111100100101110011100001011110111100111000100111000111111110101010010010110001110110001000100101101110110100001001100100010111111111100000001101011001100101110101000111100101001010010111100011011101100001010010101111101111
1001000011111011000010001010001010000100100110001101100011000001011000010001001100011101110010011000100101011011010111111000111011110101100100011100111111100110101010001000110001101101001011100110101000101011101101111100011000110111111001001111011000110001100100001
1011111000100001111011111000100000110110110100101000101001111111001010111011011001110001000111010010001101001111011100011011100010010001110001001110100010110010101111100010100111000111011000110000101011101010101000110101111111100000000011011000001011111111001101101
1010001101101111011010001101110111110100100001111010001111100001111110000010010011000111011111011111100111100100010001010001111000111111010111100110101000011000100000111110110011011100010010011110101110001010001011100101000100001101111001001111101001100001011111001
1010101100101000010010100111000110010001111101100011011000001100000111101110110110011101000110011000110011110101010111010111010010100011010110111100111111001101110110000100011110001001110111000110100100111010100010001100010001111111001011100001101101001100010000011
1000100111100011010110110011101100111111100000110111110010111111110001001010100010110001110010110010111001000101010001010100011110001001010100010001100000011111010011110111010000101011010101110010110001101000111110111111111111010110011000111100111000011110110110111
1101110000110110010100011010001001100011001111100001100110010100011101101010001010010111011010000110011101110101110111000101000111111100010001110111001111111110011000110110000101101010000100011011111111001111100010000001100000010100111110100110011111001011100100011
1000010101111100110101110011011100110110011000001111001111110001010001001011111011010110000010101111001000110100010011111101110010000111010111000101100000001100111110010011111111001011101111001001011001101101001010101100110111010001110110110011001011100010001101001
1011111100011001110100010111000110010010110011111100011000000111010111100001001110010000111111100011101110000111011000101100011000110001000100011101101110100001100111011001100010011000100000011100001100101000011010101110010101011011000100100111100010111010111111011
1110000111001011010111010001011111000110100111000001111110111101010010111100011000110111110001111000100111110001001110100001001111111101101101111000000010110100001101011101001000111110111101000111100110000011110010100111010101001000011101101111111000001010000010001
1000110001101000010001011101000001110000101101011111100000101100011010000111001011111110000100001111110001011101100100101111101100001000100100110011111110111110100001000101011111101010000111110001110100110110011010110001000101100011001001100011001101101011111011101
1101111101101101110100001001011100011111101001010010001111101001000010111101101000001000111111100000011101001001001101100100100001101110110110011001000100011000111011110101000011000011110001000100010001100010110010011101111100111111101011001001101100111000001000101
1100000100001000110101101011001111000001001101010110111001100011101010011000101111100011100000111101111001100011011100110001101011101100100011001101010111001111110010110101111010011010011101111111011111111010110111001001000001100000001010011101000110011101101010111
1001110111101010011101111011011011111100011001010010011100001110111111010010000010111110111101100100110011001111000110011111001110001001101111101101010001100100010110100100011000110000111001100010000010000010000011101011111011111011111000110001010011000000111110011
1011010010001011001111010010001010001111111101011011001111111100000100000111111110000110000000001110010111011001110111000011100111011011000110100111011100110001010000101111001110100110110011001011111010111111101110001010000000110010001110100111011001111111100011001
1000011010101001100110010110100000100100001101011001101000110001010111110100001100110010111101111011010001011101010011111001001100010001110010110001000110100111011111101001100010111110100110011010001010010011001010111010101111100111100011110101111101000100001011101
1101001010111101110000110111101010110001100001000011100010000111110000010001101001111000011001000010011101000000011000011101111001111100111010011100011100101110011000101011111011100010101100110011101011011000011000010011100010001101101001100000110001110101111000101
1101111010010000011010010001111011111100111111111010111111111100011111011011111011101111001111011000110001111111011101001100011011000110100010110101110001101100110010001001000001001010100110110110001001001010110010110111001000111000101100111110100100110100011110001
1000100011110111111111011100010001000111100011000010010000100001000000011001010010000101100001011111100111000101010111100111000001110100101110000111100111000101100111111101011101011011110010100100111101101110111111100101011111100010000101100010101110000111000011101
1110101011000110000110000111011011010110001000011111000110101101101111110011000110110000111011001100001100010100010010110001111111000101100000111100001101011100101100001001001101001000011010101110001000100110100000001100010001101111110101001000100111011101111001001
1000101001011100110011110010010010010100111111110001011100101000111000010110011100100111101001100101101101110101111000011011000001101100111111100001111100001110001101100011101001101111001000100100100011110100001111111101110111000100110101011011110001110000001101011
1011101111010101111000010110111010110001100000100100010001101101110011011110111001101100001100110101100101100101000010110000011100101110000000110111000110111011111000111010101111100001101111110111111110000101111100000100100010010001100101001110000100010101100101011
1000100000010101011111010100110010011101001010001110111111001000100111001010101011101101100110110100110101001101011110011110110110100011111110000110010100100001100011100000100000111011100100010010000100111111100001110110110110111011001101100100101101000100111101001
1110111111110100001000010101100111010111111011011110100010011011101101100010100011000101101110010101100001011101010011000100100000101000101011111100110001110111001001001110111011101010001101011010110110000000110111010010110010001110011100110111111001111110001101101
1010000010000101101110111101101110010010001011001100101010110000101000110110101001010100100011010100111111010100011011011101101111101110000011010001111111100010011011011100011001100010101001001000100100101110100011011010011011101100110110010000010011100011100100111
1010101000110111001100001100101000111000101001101001101010011111101011100010111101011101110111010111100011010111111010010001000011000111011000010111100000001010111110010111001100101110101011101111101101101000101000001011011000001001100000111111011110001001110110011
1000111110100011011001100110111011100010101101001011101011010000100010001010000101110000110100010001101010010000001010110111101110011101001111110110001111111010001100110001100110000100101000100000100111111010111111011001001101111011111010100001000011011100000011001
1011100011111001010011110000010010110111101101011111001011000110111010111111110100011011100101111100101000111111101000010110000110110001100000010011011000001110111001111100110011111101111110110110101110001011100010001101100111000010001111101101111000010111111111101
1011001000011101011001011101110110000101001001000001011001011100001010110000100101010000101100000110101111100001001011110011111100110101111111011001001011011100010011000001111011000001000010010010100100101000001011111001110100010110100001000101000010110000010000001
1010011111000111001011000101000110111101011111010101001101111001111010000110101101000110100111010010101100001101101010111001000001100111000001011101011011011001010110011101101001011101011000111011110001101010111010001100000110111100101100010100011111100111010111101
1010110101110001101110010111011100100001010001110111011001000011100011111110001001010011110100011010100101111101001010101100011111001110011011010001000001000011010011010100101011010001001111101011011111101011100010101110111100110001111111111111110000001101010001001
1010000100011101100010110010010001110101000101000100010011010110001110000011111111111110000101111010110100001001011010000111111000011010110010010111011111111111110111010110001010010111101000001010000010001001110110100100011001100111011000011000011011111101011101011
1011110101000100111010011000111011010111111100011101111010011100111011111010110000011000110100101010100111101101011010110000001101001000100110110001000000000001100110010000111010111110001110101000111110111111000100110101110011001100001101001101001011000101010001001
1000100101101110011011001111111010000011001111010001001010110001100000100010100111010011110110100010101100001001010010011111101001100011101110011101011011111111001100111011100010010000111000101101110000100000011101100101000110011111101001100001111010010001010111011
1101101111100011001001101100010010111000011000010111011010100111001010001000001100000110000010110110001110111101010111010110001011111010000010110101001110001100011101100010001111000111100011100100000101101101110001001100010010111000100011111011000010111011010010001
1111001000001001101101001001000110001101111011110110010010001100011111111111101001111110111110010011111000100100010000010000111110001110111010000101100110101001110101001110111001111110001000110111111111000111000101011111111010001010101110100001011110101010011011101
1000011101111100101101011111110110111000001010010011000110111001000100001000111111100010100011011001000011110111011111110111110100100000100011010100111100100011010001100010011011000011011101110110000110010011011111000000011111101010111000001011010110001000110010001
1010110100001111100001000000000100011111101000111001011110010011110101100010010000110110110110011101011010000011010000000100000001111111101110011110010001111110000100111011000010011110010101100100110100111000010011111111000010100010000010101010010011101111110110111
1010000101100000111101111111111111001000001110101101010011000110000100111111000110110010110100110001010010111010010111111101101011110000101011001011000111011010101110100011111011001000110100110001111101111111111010000001011000111111111111101110111011001000100110101
1011110100111110110101101100001001101011101010101101011001111110111110000101111100011000010101100111110110101000110001000000111110100111101001100001111110000011111100111010001001100010010110011101101000010000101010111011111110000001100011000100100010011010001100001
1011000110101010010100100001100011001001000010001001001100000010010011110100011001001101010101101101100110101111111101101010000010001100001100111100001011101011000101110000111100101111010011001000100011000110100000100000110011011100001001101101101110110011111001101
1010011100100011000110111101001010011101011111011011011110101111011000110001001111100111010100100100001100000101000100111011111010101001111110000111011000001001010101011110110110100110000111101111101111111100101111101101100111001111111011000101100000000110001111101
1110110001110111110110011001011010111001001101001011001100100101000010010111100001110010000110110110101111110001110110011011000010101011000011010001000010111101010001001100000110110011111100000001001100010101100110001000001101101000110010011100111111111100100011001
1000100111000110010011001111010010010011100101101001011001110001011111110010111101011011111110100000111000011100010011001010011011101000011001011011111110110001011111101001010010010110000101111100011001010000110100111111100001101010011110110110000110000001111001101
1011101101110100111001100010010111010111110001101101001011110111001100011010000101010010000000111101100011001111000111101110111110001111111101110010100000100111010001100011111111011100110101000111110011011010011101101010001011001011010000100010110100111111001100111
1001001000110001101101111000110110010011110111000101101000100010011001011110110001000111011110100000110111100011111110101100101100100011000100111000101011110110010101001110100001000101100101010010000111001111011001001000101110011001000111101011100001110000011110011
1101101010010100100101011111100011011001100011010100101010101010110011000100011111101101000111110110010101111010000000100101100001110110010110011101101110010011010100011100001101110001001111011000111101100001000011100011111000111101111110001001111111011011011011001
1001000011000110001100010001101110011100111001011110101010111110110110010001011000001000010001100111110101001000101010110001001011000000110011000100101100111000010111110101111100011111011000001111110000111101011010001111010010010100101100101100100010000010010001101
1011111010010011011001011011000100110110001101010000101110011100010011111111110011111110110100111100000100011111111011111111011011011111111001110101100101101111110110000001000101001000001101111000100101100001001111100110010111000110101001100111101000110110110101101
1000001011111001110011011010011101100011011111010111100111001001111001100101100111000011100110011001111110110000100001000101111010001100001100010001110100001100000100101111010101011011111001000010001111001111111000110000110011111100100011001110001111100100100100101
1011101110001101000110000010111001110110000010010000110011100011001100110000110110011001001111000011100010100101101111010001000010111001100111011101010111100101111101111010010111001001000011010111100010011100000010111010011000011001101110011000111000101110101110001
1010001100100111011111101010100011000010111010111110111000101110011110011110010010111101011100011110101000001101001000011100011110100011110001110001010000110000110001010010110010011100011111010110001010111001101010001111110011010011001100110011100010001000100100101
1110101001110001000000111110101111101010001010001010011110101011001011000011011010100101110110110000001101101101011011111001110100101110011100011011011110011111100111000110011010110111110000010011111110100011001011100000011001000111011001100111001111111011110111111
1000111011111101111101110000101010001011101111100011000100100001100001111010001000110100010000011111111001111001000001000011100001101000110111001000001010110000101101011110110000000100011111111000001000101110011110111111001101111101011011001101011000110000010100001
1011100010110100001101010111100011101110100101111001110101111011111100100010111111110111011011001000011100110011111111011110001011001010000001101111100010011010101001000010011111110101000000111111101011111000111100010101101000001100001011011001001101100111110001101
1001101110100111100100010100111000100000110000000011000101100001000110101110000010010001001001100011000110100110010101000111011110011111101101101100111011000010001101011011000000110101101110010000101010000011101001000001001011111001111001000011100100001100011100101
1100101100001110110101000001101110101010011111111001101100111100010110100010111000110101101111111111110100110111000001110001110000111000001000100110001001111111111100010001111110100101100011000110001011110111000011101101011000110011011101111000110110111001000111101
1110100101011000010111111111000010111011000110001111000110000111110000101010101110010100100110000101000001100101101101010100011101101101111011110000101100110000001001110111010010111100110111101111101000110001110110000111001110011001010100101110010010100011010011001
1010110101000011010011000011111010011111101100100100011111010010011011111010000111000110110000110100010111110001101001011111001001000001000000011011101110000111101100010000000110000110010000111000111110011101000111110011101011001100000110000010111011101110011000011
1000010111110110011001101001000011010000101001110101110001111011001001100011101101111100011111100101111100011100001011001001100011110111111101110010100111111100100111011111101111110011011110110010000011010001010100011110001011100111010011111010011000100111111111011
1011110000100100111101001100011011010110001011000100100101101001101100110110100101001001010000101100011001000111111011100011111111000100110100111010110100000101110101010100001101011001001010000111101011011011010101001000111001110100011001000011001110110000110011001
1000111110001101110100011110111110010111101001011110001100101011000001100100110001101011011110100111110011110011001001001011000110011110000110011010000111010001100100010101111000011101101011111101001001000010011101011011101101000111111111011001100010011110011001101
1010000010111100000110110000001100110100001101001111111110100010011111001101110100101010000000110000110110011001011101111010010000110011010011010010111100011111001101110100110011001100101010000000011011111111000101011001100000010000001100011111001110110011001100101
1011110111100111110011111110111001110101111101100100001110101110110000011001000110001010110110011110010010111101011001000011111101111000011111010110110001110000011001000110000111100101101010111111111000100001101101001100101111111111100101110000011000111001100101101
1000110101001110110110000010100011000101000000110001100100100011110111111101011111111011111100110111011010110101001011101001100000101111011000010100100101000111110011011111101101101100101010001000101110101100001001100110111100001000110100100111110010100011110101001
1110010000011010100010111010101110011111011111111111110101111000100100001100010100011010000111100011010010000101100000001100001010100001010010110101101101011110100110000000100101000110001011101010001010100111011011110010100001101011110110001101011010110110010100011
1100111110110000101110110010000011000110010010100000110100011010001101101001110101000010110110001000010111011101111111100110101011101101000111100101001001011000110011111101110001010011011000101110100000101101011000100110110111101000100100101000010010100011010111001
1001100010110110001010010111011001110010110110001110100101001111111100111011000101111110010000111111110110011001010001110011111111001001101100001101101101010010011001000101011101111001110010100100111111100001001110101110000101001110101101111101010110101001010110011
1011111010000011101011010010001100011010100000100010101101100110000110100001101100000010111111101010000100110011000100110110000110011011001001111000100111000111001100010001010100101100100111110110100000111011100100100011111101011100101000011001010010001101010011001
1000001011111111001001011011111111011010110110111011101000110011010100001111001111111000100101000000111101100110010110010100110000110011011011011110110001111111101111111100010110000110001100010100001010010001110001101111011000010001101110110011011011111100011001101
1111101010000010011101010000010001000010011100001001001110111010010110111000011010001111110000011011100000101100110011010101111111100110001010001010011100011010101001000111010011101110101001010111011111110100010111100110010011111011100010000111001010000111011100101
1100000010111011000001011111000101111011000111011011011000101000110100001101010010100101010111111011001110101110011011010101100100001111101011100011001111010010001100010101000110101100111011010100001100010111110010110100110110110000111011111101101000110010000110111
1001111110010001111111000011111100001001110010010010011011101111100111011001000110110100000100010010011000101011001110010100110001011000111011001011101000000110111001110001110110100110100010010101111001000100011000100001110110100111101010100000001010011010111100001
1111000111010101100011011010000111101011011011110110110010000100001101001011110010010001111101010111111101101011100011010110011111000010010001011001100011011110110011011101100000110011101110110111000011011101001110101101100000101100000010001111111110110010001111011
1100010010011100001001001011010001001001010011000010010110111101111101101000111110111111010111010000010000000010111010010111000001111111011101001101001010001100100111010100111110111010001000010010010111110001100011101000111110100001111111100000010111100111100110001
1001111011000111111101111010011101011100010110011011010000100001000001001010010000010010000110011111011111111010000010110011111011000110000101100100011111111001110001000110100010001010111010111010111110100111111010001101100010101111000000111111000100001100101100101
1011100011110100010001100010111001001111110010111111010111101111011101011111000111011000110010111001010000011011110110100110001011010011110100110111111100001011011101101110001011101010110010100010001100001100001011011000111010100110011010000001111101111110001001101
1010001110000101011100001111110011100000011010011000010010001010001111000011111110001101111010001011000111010000110100101100101000011000010110100000001001011001001101000100101110001000100110101111100101111101101001001110000010110000110011111100001001000000101011001
1011100010111101000111111000010111111111011010110011111010111000100001111001100011100001011000100011110001011110100110101101111101111111010100111111011011001101011000010101111000111111101100100001110100000100101101100111111010011111111110000111100011011111111010011
1000101010000001110001001101000001000001001010100110001110100011111100101101001000111101001111111000011111010010101100100001000100111100010110000100001001101101010011110101100011110000100111110101000111110110101001110100010011010001101000110001111111010000011010111
1010111011111100011101100001010111011011100010001100101100101010110110000101011110001101100000001101110000011010001101111011010110011001110011010101111011000101000110010100110110010111110000010111011100010010101011000101010110000100000011111100011001010111000010111
1110110001000111000100110101111100001010111110111101100101101110000011110100010011100111111111100001000111010011111000001110010011001011011001110100001001110001111100110110000011000000011101110011000101111010101011101101000011111111111111000101001100010001111110011
1000100101010001110110010100101001111000000010101001110001000100101000010111110110110001100000111111011101111000001111101100111001111010001100110111101101011111000110100011111111111011000100111001110101000010101010101101111110100000001100010111100101111101100011001
1010101101011100011111010110000011010011101110000011011111110101101111110000000000011100001110000001000100100011100010101001101100001011011110010000111101000000010010001001011010001111010110101100010001011110111010001000000010001110111001110010110111000100111001011
1011111001010111000011010011111111010110000111111111000100010111001100011010110111000111111011111101010110001000111000100011001111100010000011011110011000011111111010101101010000100001010010000110111011010000010011011111111011011010010011011000010010010110011011001
1000001011010001111010011010000001010111110001100000010101010001100101001110010011010011000011010001010011111110001101111111100000111111101001000111010011110000001011111100000101111100010111010010000010010101110110010000101000011011000110011110111000110111010011101
1010101000010101100000110010110100010011010111001111110101011100110101100111011001111110010110010111111010000110101001000000101101110000001011110011000110000101111011000111110111000111111100011111111110110100010011010110101111110001111111000000101111100101010110001
1011101111110100001010110110011111111001010010011011010001110110100100110010001100000000110010110100010010110010101111011110000100011011111010011001101111110111000000010110000010010000000101001100001000100101010110000100100000000100001010011111100010001100010010101
1001100000111111111111100111011000011101011010110001010100100000110110111011100111101011111000110001011010011011101000010010110101000010001010111100111011000100011111110011101110111111110101100110101011101111010010101101101110111111100010110010001110111101111010111
1100111110010000100011001100010011001101000010110100000110101111100010011001110100111010101110011111000010110000001011110110111111010110101010001110010001011101110000111000111100100101100001110000101010001010011011111001000010100000111010011000100100100001000000011
1101101011010101101001101110110111100001110110100111111111100000001111001100110001100010000111010001111010011110101010000111100001110100101000100011011101000000100110001110001001110000111111011110111010111010110000010011111010001110011111011101110101101111111111001
1000100010010101001100100000110111111111100100101100000000101110100101100110011111001011011100010101011111000011101011010011001101100101101111111011000100010110101111100011101011100110000000001100100010011010011111000110110011111011010001000101010101100000000001111
1110101010110101011110111110010011000100001110101001111101111000110001110011000001101111000001110100001101011001001001011010011000001100100110000001110110110011101000111001100010001111111011100110101111001011000001111100100110000001000100010001000100101111111100011
1010001010000100010010010010111001010111101000111011011000110011111100011011111100100001010111010111100101011101011100010010110010101001110011111111010011111010001010011100111010111010001001110100100001100001110100110001101111110101111111111111110110100001100101001
1011011111111111110111011000001101010000101010010010010011100110000111110010000110111101110110010100110000000101110111111010011110111011011000110000011010001110111011000110001111100000101111000101110111110111010110010111101100000100000001001000011100111011001101101
1011001100001100000001010011111001011110100011010110110110001111010000000110111100001100010011010110111111111100010000001011000100100010001010100101000000100110010011110111100100001111100110010101010000010010010111010010001001010111111100011011000001100000011111101
1001100101100111111011010110010011010100110111110110100011011100011111111100001111100111011000010100100010001111000111111011110111101111011010001111111111110011010110010000110111011000110100110101011101011010110100000110111011110110000111010011111111111110111010001
1101110100110000010011010100110111000101111100010000101110000111010001100110100101110001010010110101101010100001110000110001000110001000001111111011000100111000010011011101100011001101100001100100000111010010010110110010001001100010101110010110101000000111100010101
1001000110011011010110010001110101101100001001011110101000111100010100101100110100011101010111100100101000111100011110100111011100111110100100000010010110001111110110001000111001101000101111001110110100010111010010111111101100111010100011110110100011110000001000101
1011011111001010010010111100010000100111100011000010100011110001110110100001100101000101010011001110001010001111000010001110001001110100110111111010110100100001000100111010001100101010000110011000011101110000011011100010000110001110111000000100101000011111111111101
1011010110011010110110101111011110110100111111110110110110010100100010111101110001010000011110011000111111101000011011111010111011000101110100000010010111110111011101110011101110101111110011111011110001000101001000001000111100100100001111111101101111010010100010001
1010010100110010000100100001001000100110000000110010011100110111101110000100111111111111110000110011100011001011111010101010110010010100100001010110110010000100000101100110100110101100011110000001100111111111101111111111100111101101111100000100100101011000001110111
1010110001100110110101110101101011101111011110011011001001110110000010110101101001100000010111111110001001111010100010000010010111010110101011111100011010101101110001001100001100100001000100101100101110000001001100000010110010001001011001110101110001011111100010001
1010011111001110011101000101111000100000010011001001101011010010111111100101000011001010110100100011011100110010101110110111000100010000101110001001111010111001011011011001011001110111110001111111100100111101011001011010111000101011001011010001010101000000111011101
1010111000011000110001110100001101111111111011011100101001011000010000001100011010011110100110001000010110010110001011110011111101110110101000100011000010010011001110011111011011100011011111100001110001110001010011001000101101111011100001000111000111111010001001001
1010010011111111100111100111101101010110000010000110001100001111110111111111111010110110001111011111110111010011011000010110000001000011111011101011011111010111101000110001001010001000001100001100100100010111011111101110001100110000110101111100011110001110101100011
1011010110000011001110001100000000000100110110111111111001100010000100000101100010110011111000010000010001010110000011000110110111011001100010111010010001010101001011100101111010101111111001111110111111110101010001001011011001100111100100110001001000100111101101111
1011010100101010011010111111111101010001100010101101000011111010111110101100001110011010010011111011110100010011111011111100010001111100101110011110111011000000011010001100001011101100010011000010010000110101010100011000000011101101001110100101111011110100001000111
1000010001111010110000000011000111111111101110100100010110001010001100100001111011000011000110101000000111111000010001100001111011000111100111001000100011011111001010111111011001111001000110011011011010100100010111010011101111000001011000001101000010000111011110011
1011110100010010010111111000010000110000100010110101111110100011100101111011010001111001011100001011111100001101010100101101000010010000110011101011110110010001111000000101001100010011110100110000000010001111010110011111000101111101111110101111011111011110010011001
1011011111110111010000001111111110100101110110010000001100101110110111010000011100101101011001011010000001100101011111100111010110111101111010001000010000110100001111110101100111011010100111111101101111111010010100110001111100001100100011101000010001010000110111101
1001001000100011011110100001100010110100110011011101101001111000010000011101001110000101001101010011111100110001000000110010011100100100011010101111011101100111100011000100110001010000110110000111111000011000110101100100001101100110001000101011110100010111100010101
1101100010001110010000111111001010011110000110011000111011000011011111001111100000101101101001110110000110011111111010100110111001110111001010100001000111001100111001101110011101011010011100110000000011010010100111101111100100110011111110111001010111110110001010001
1000111010100110111011110000011011000110111100110010010010011111010001100001111111101001101100000000110011001100001110001100001011000011101010111011110000011001101101000111001101001111000001110111111110010110001110001000110110011000100010001101010000110100101010111
1011100010110010010011010111111011010011100001111111110110110000000100111101000010101011000111111111111001111001100111011001111011011000101011100011011111111011101001011101100101100101111111000100010111011111111000111010010011001010001011100001011110010101111000101
1000110110111011011010010000110001111001001111000000110100011011110110000101011010001011011100010000111100000011110001111100001001111110101001001000000101000000001011011000110100110101000001101101000011001000010011110011011001011011111001111111000111000100011111101
1010000100001111010000111110011101100011011100011010010001001000010011010101001110111001010001010110011110101011011100000111101100101000101101011111010000011111101010001010010101100100011100100111011001100011000111000111011100001001011101000100010011111111010100101
1011111101111000011110011011000101001010010001110011010111101111011111110101100000001101010111000111001111111110000111110000000110001101100101011001011111110000111011101011000100001110110110110110001100111111111101011100001101111101010001110001011000010101000110001
1001000100011011110111000001110101011010110111000111011110000001001000011100101111111001000011111101100101000010110100011111110011100101110001001100011000110110010010001011101111111000100110100100100110001100000001010001101001011001010111100101111110110001110011101
1101010111110010000101101111000101001010111100011110000011111111100011000110100011010011111010110001110001011010010101000110011010110100011111100110110010100011000110111000101010000011110000101101101110100101110101011111101011010011010010001111100011100100011001101
1101010011000110110000100100011101101010011001111011111000100010110111101110101001010110101000100101011100010011011101110010111010000111000000101100010110001111110100001110100011011010000110101111111000110111000101000001001010010110011000111000101010001111001100101
1001011010011111111010110101010000101011001011101000001110001000011101001100111101010100000010001101000111110110000001011010000010111100011110100101010010111000011111100000111001011011010011101000010011100100011101111101101000110100111110110010001010111001100110101
1011011000111000011011110101111010001001100010101011101011111111001100011001110101010111010111011101010011000100101011001010111110101001111010110111011010100011000001111111101101001001111001000011000110001101110101001001001110110110000000010111111010011100110010101
1011010011101011001000000100001111101100111110000001001000001011100001010011100101010001111101110000010110011111111001101000100010001100101000100010011011101111111101000110000101101100101101111111111100111001010001101011100100010011110111010001000011010001100110101
1010010110000001101111110110100001111111101100101111011011100000111111010110101101010100000100011011110100111000001101101111111011100110100011111010110011001000010001010010101101111110100101100000010001100011000111101000110111011000011100011011011011000100101100101
1010110010111100101000100011111100000110001001100001010010111110100000010100000100011111110101001000111101110011011000001000010001110010110111000010100110011011010101011000111001000000110000111101010111001111011100001110100011110011000111110010010001111101101101101
1010111110100110100010111001000111110100100011111111010110000010101010110111010111001010000101101111100001010110001110101101000101011000100100010110101100111011010111001010010011010111100110000111000000011100001110111100111001100111110100010110111100001001001001001
1110100000110011111110011101011100010001111110100000010100111010001111100100010101011000111101000100001100010011100111101001111100001111101101111100100001100001010001101111010110010011001111110011111111110110100100010001101100101110010001000110101101101011011011011
1100101111111001000011010001000001011111000000101110110101100011111000101101111100001010100101110110111111011001110001001011000111100000100001101001111111001111011101001000010011111001111100011001000000010100110001110111001110101100111111111100100000111001001000011
1001101011001100011001010111101101011010011110100011100101101001100010001000010001111011110001000010001100001100011101100011101100111101111111001011100000011100000101011010111000111100000110111101011111010001100100100100011000101001100000011001111110011011101111001
1011001000011111110011010000000111010010110100101010001111001101001111111011010111001001111011011010101001111111000100111110000001110101010100011010110110111001110101110010001110010111110010001101011001011011001110101101001011100011110111001011100011110001000011101
1010011101001100000110011011111110000110010101111010111110011001011000000010010100011100101001011011101111000001011110000100110101100100000111010010011100001011000100100111101011010000011010111001001101001110011111101001101001101111010011101010001000010111010110101
1000110001100001010110111110000011110111000100011000000100111111010011111010110001001110001101110000101000010101001011110101110100001111110011010111001001101001011110101100001010011101011010000011101001101100110101001011101011000100011010100010111111010010010010101
1011111011110111111100010100111000110001101111001111110101100000010110001110011111100111100101100110001011111100011000100101010111100100011000010111100011001101000010101001111010110001000010111111001011100101110001011011001001110101010010101110000110011010111010101
1010101001000100001101110001101110100111001011100100100101111101110100100011001010110000110100101111111000101111110010001100010001110001011010110011001111011001110110101011100010111011111110110010011010110111100100010001011100011101010110100111110010110010110000101
1000001101110101100100000111000100110011011010110110101101000001000101110111011000011110010110111000001110001000110110100111010101011101010011100110011101110011000100101000001010000010001010011000110000000100001101111111010111001001000100110100011010011010011111101
1111101100010100110111111100011101100110011000110100100001011101011101010001001011001011010110000010100111101010000111111110011101000001110111001100111001000110011101101110111111111110101011001101111111011110111000100001000011100011111101100101000011000011000100001
1000101001010110010000100001110001101100110011100110111101001001110000010101100001100011010011111110110000001011101100000100110001011111000100011101100011011100111001000111100011000010101001101001010001010000011110101101011110111110100000001101111111111111110001111
1010101011010111010110001101000100111001100110001100000001101100100111110101111111001000011000000100011111111011001001010110110111001100011101111000001011000111100011010011001001111000101011001100000101011101000111101101000100001100101111111101000000001010011111101
1010101010011100011100111101011101100011110100111001111111000111101110111101000001111110111111110101011000001001111011110010010011011001011001000011101001101100001111011010011100110011101001100101101101000101010011001001010001100110001001000001101110100011000110101
1010101110111001010001100001001111001110000101101011000011010001001000100001011100000011101100000101110011101101000000111011011001110011110011111000111111101001011010001000110110000110101100110111000101110111011010011011011011110100111101011111100011111010010010001
1010100110000011110111001101100100011011010100100001101001111100011011101111001111111011000110111111100111000100010110001011111100100110000110001101100001001011110000111111100011101110000110010001110101100011110010110011010010010101110001001100001011000011111010101
1010110011111110000101111000110101110001011110110111001100101001111000100011100110001000010100100000001101110111111111111010001101101100101110101111001101011001100111101000111000100011010011011100010100111000100110110110010111000101010111100111111001111000101010101
1011111001100011101100110010110100011100001010011100011110001100001110111000110011011111110101110111101000000000110000110010100101000101111000101000011100011100110100001110001011111001111001000111011110011110001100010011110101111101000000110010001100001110001000101
1000011100101000001110000111100111011001100011001101110011100111100010001101111000010001010001000010101111111110000110010110110101011101010011101010110001000110010001100000101000011100011101110101001111001100101101111000110000011001011010011000100101100011101010101
1011000110001111111000111101001100001100101011100100111010110001111000100100011111011100011111011010001000100011111111010000010101001001000111001010110111111111011011111111101101000110110101000101100111101001111001001010010101000011001011011111110111111010101111101
1001110011111001011011100001011101100101111010110001100000010100001111110101010100011001000001110011011010110111000001010111110101101011011101011110100001100000010001000110100111010110010101010000110011101011010011011111011101011111111011010000110100000010100111001
1101100110100011000001101011000111110111000010011111001111110111101001100111000101110011010100100110010010110101011111010100010100001000010000000000101101001111110111010010110001010011010101010111111001001001010110001101000111011000000010011011100101110110110010011
1001001100001110010111001001010011010000011000110100011000111100001100110010010100011001110110001100110110010001000001011101010101111111110111111110101101011011000010011010011101111001010001010100001101011100010011100101110010010010101111010000101100111100011000111
1111011001011100111100011101011001011111111010010001110010001001100110010110110111001101000011101001100011011100011101011001000101100001010011000111111001010000011010110011000101100011011011011101101001000111111001110000011011011110101001010101100110000101000010001
1000010011000001101001110001011100010100001011000111000110101011110111000010100001100111011110001111101001000101111001000011110111001100010110010000110011010111111010011001110100001001001000001000100011010000111100100111001001000011101101011100110011110111111111011
1011110111011111100011000101000101000110101001101100011111101010010001111110111111110010010011011100001111110100101011111110010100011110110010111101100110011110001111001100100111111101101011111011111110010110010110110011011101110111001000000001111000110100001100001
1000110101111000110111111101110111010000101101111001111011001011011101100010000001011010111000011001111000110110101001000000110101110010011010001000111111011000100001100110110000001101101110000001101011110011000010011110001100010010011111111101101110100101100110101
1110000100110010010100001000110110011011111100110011010010011001011001001011111100001000101101110011010010000100001100011010010100111011001011101110001100010011101011101100100111011000101100111111000000111011111011000100100111011000110000110000001010101101110011101
1100111110010111000101101010010100110010000001100110000110111101010011011011000111101111101001010110010111111101111111110011000110100011101001100010100101110110111000101001110001110010100101110000011110001000010001110001110001001011110110011111011000100101011001101
1001100011010001110000101111010111100110111111001111011100100001010110001000010000100000001011010110110010001111000000100111111110001000101100111011110001100100011110001011011011100111110100100110111011101110110100111111111101101110000111001000001011110100001101001
1011101011011011011111100101110000111100001100011000000101110111010011101111111110111111101010010000110110100010010110110010100011101011100110101000111101001101000011111001000011001111010110101100101000100110010110011010100100100000111101101011101010010111011001101
1011001000001000001000110000011110100001111001111111110000010011011010001001000010000011001000110110100100111000111100100110001011001110001100101101100001011001111000001101010110011010010010111101100010110011110011000000001110111111101000101110001011000001001100101
1001111110111110111010111111000110101111000011000100011111011010011010111100011111111001011110110011101101101111110001101100111000011100100101100100110111001011000011011101010100111000111000001001111110011000000111011111100010101010001110100100111001111101100110111
1100000010110000100010100000010010001001101001010001000101010010110010000001001100011101001000011001100001000100011011111001101111110101101101001110010011101110011110010001010101110010101111100011000111001111111110010000110110100000101000110110011011000001110010001
1111111010010111101110110111110111111100101101011111110101011010010111111111101001000101101011001100111111010001010010000011000001100100111001011011011001100111001100110111010101000110100000110110010011100101010000110110011100101111101010110011110010011100100111101
1000011011000011001000000101010101010110100111001010110101000011010100100000100011011101000001100101100011111111010110101110010100001110110011010001001100110101101001110010010001101100110110011100111000110001000111100111011001101000100010011000110110110001101100101
1101001001111001011011111100010000010010110001100000100101110111010110101010111001110001011111110100111000000001010010111011011111011010000110000101101101100100101101011010111111001001100011001101111110111100011100001101010011001010111011001010000100100111000001101
1001011100100011001110000001111111011000011011110101101100011100010010001011101100110111110001100110011101110100011010010001010001001011111110111101101000101110001000001010100001011101001001100100010010000101110001111001010111011010001011111111111101111110011111001
1101010110111001100010101011100010001111001001100111001001001001011011011010000101100110000100111111010100011101111011010101000101100011000000101000101010100111011010111010110100010001101011111111000111110100011011001101010101000011101110001100010101100010110100011
1001000010001100111011111000001000100001101100101110011011100011001001110010110001001100111110000000010001000111000001000101101100111001011011101011101110110010001111100010000111111011001000001101110101000111110001100001000100011110100100100001000001001010100101001
1011111011100110001000011111101111110100101110100100110001111111111100100110111111011101101011111111111111010001011111111100111110001101010010000000100100011010100001001111111100110011111111100101010101011100000111110111111101010100110101110111111101011000110101101
1000001010101111011111001000100100011110100010001101110100011000000110001110011001000100000010100100000010011101000000000110000111101001010110111111110111111010110111011001100110010110100001110100010101000110111101000000101001110001110000010000000101001111100101001
1111101000100111110001101010111101011010101011111001100101010011010011101011001101011111111000110001111011110001111010110111110010001011110110110001010000010010110010001100001111000100001100010001010101110100100000011010001100100100010111111111110101101001101101011
1100001101110010100100100010001101001000101010001011001101010111011110001001101001000000001110011011000000000111100010011100011000111011000100010100011111010111100110111110101100011101111111010111010100100101101011111011100110001101110000101000100101100011001001011
1001111000111010001110101111100001101011111000111011100111010101000010111011001011111111011011010001101101010010001011001001001111101001101101000111000101000001101110001000100101110001001100010010010101101100111110001000110011101000111111100010001100110110011011001
1011000011101000111100101000111101001001010010011000111100010101111010100011011000000110000011010100101111110110111111111011100010001100101111111100010001011100100010101010111101011101011001111110110000101110001000101110111000111110100001101111111111100000110011101
1011111000101111110001100010000111011100000111001110001101110100010010111001011111110010101010010110111000100010001000001011001010100110100000100110111111110110101011101010010001000001001011000000111110100011101011100100100010000111101100101000010000111010110110101
1000110010100011010111110111110010000111111111101011100100010110110110011101000100011010111110110110100010101011101011100010011110101110101110110100110000100010001110001010110111110111011010011010000100101011001000110110111111110010001110100011000110001011100100101
1010011110001001010100011100011110101100000010001010110101000000010011010001110101010010011000111100101110111110001000101110110100101010100010010001100110111000100110111011100100000101010010111011011101111000011010100110100000011011011000111011111100100001001101101
1011000011111101010101000001001100111001011010111000010111111111011011010100010001010111001011100001101010110000111101100110100001100010111011011111001110011011101100101010001111101100000110001001010001011111110010101100101111011001010011110001000110111111011100001
1001111001101000010101111111100001110011001110110011010011100001111000010111011111000011100001110111001010010111110000111100101111111010001110000010011011001111001001101000111010001101111111101101110111010000011110100101101101001100010111000111010010110001010001111
1100101100100011110100001000111111011011100110100111011001001100110011110100000001111001111111000011011011010001010110010001100100001011100011101010110011100001101011001011100000111000110001111001000100011111000100110101000101101111110001011100011010100101010111101
1110001110110111000101101010000101010000110100001101011101011110011011011101010111001101000001111010010001011101000011010111110101101000111000111010011000111100101011101001111110110010000100011011011101000110010001100100010001101011011101111001111011101100010101001
1011100110100001011111001011110001000101110101111100001001000111001001000001111100011001101100100010111101001000011111110000100101001101101110010010111101101110101000101100001000100111111111000010010001110000111111101111011111001001000001000011101001101111110100011
1010001100101111010000011010011100011111000101100001101011110011101101110100110001001011001110001110001001101111111000111010101101100101100011011010000100000110111110100111100010101100010001101010111100011111101000100001111000011101011111101110101100100100110101001
1010111001111000011011110000110111110011010100111111111000110110100100000111100101011011011011100011101100001000001010001011101000110101001000010011110111110000000100110000001111111001010100101110101001001000000010111101100011111001010100001000000110110110010111101
1000110011110011110000011110010000100110010110100010000010010010110111110011001101010010010000111000101101111101100011101000101010010100011111110110110001100110110001111111100100001101000110101000100011101111110111110100001110000011010101101101010000010011000000101
1111100111100110000111010111011010001100110100101000111111011010010001011010011111010110111101101110100100010000111110101101101011011111110010000000011100111100011111100000110101011001111100101010101110100000010000010111111011011110010101100111111111011001111110001
1000001101001100111100010001011011101001100101101110100000010010111101000010110100010100000100000100110111010111101100000001101001000010011000111111000110000111110000001010110101001011100110111011101000101111011101000100000010000100110000110011000001011100000011101
1011101000011111100001111101001001101011001100100110111111110110001101111110010001010111110110111101100010000100101001111111001101111000111011110011010111110000100111111010011101011000110010011001000011100011011001101101110110110001100110011000011101000111101000111
1000111011110110001111010001101100101001111110110011100000110000100100000011010111010001000000100001111011111101100011100010011001001110100000000110010011011110101101001111010001001110111011001101111001110110010011000101010010111111111111111111010001110011001110001
1110100010110100111000010100100110111011000010111010001110011111101111110111010011111101111101101100100011000101101111001000110011101010001110101100111010011000100001011000010111011010001001100001001100111100110111110101010110000110100000110001110111011001100011101
1000101110100001101011000110110010001010010110001000111011000000101000110001011000110000010100100111101010010100000001101111111000000011111100111001100010110011111100010011010110000011100011111111101110011001100101100100010011010010001110100101100100001100111001001
1101100110001111000011011110111011011000110010111111100001011101101010011101001110011111010101110000101110110111011100100110001111101011000110100011101110100111000111010110010010111110111010000110100000110011110001001111011001111011011100001100101101100110011111011
1000110010111011011001110000001000011111111010010000111011001111001111000101101011001101010000111101100010010110000110110000100000101110010011101111001000101100010101010011011010001000001000110000111111100111110101101000011100101001000111111110100100111111000001001
1011111010011000011100011111111111010100000011000110110001100001011100010100100011100101011111100001111011010010110011111111111110111000111000101001101110101001110000011001011011011010101111111110100011001101100100111011110110001101110001011000110110110001111101101
1000001011010010110111001000110001010101111111111100000101111100001001110101111000110100010001001101001010011011111110001000010100011101101110101011000100101011011111111101110001011010111010000100001000011000101110011010000011100000011101001011100100100100001101101
1010100000010110000001100010000100000100000000000001010100000101100011000100000010010001000100011000011000110000000000100011000001000001000000001000010001100000000000000100000101000010000000110001101101010010000011000000101000101011000001100000001110001101100000000
1111111111111111111111111111111111111111111111111111111111111111111111111111111111111111111111111111111111111111111111111111111111111111111111111111111111111111111111111111111111111111111111111111111111111111111111111111111111111111111111111111111111111111111111111
