111111111111111111111111111111111111111111111111111111111111111111111111111111111111111111111111111111111111111111111111111111111111111111111111111111111111111111111111111111111111
000101000000110001010001100000110101000000110000100011000001000100010010011000000010001100011011000100001010100010100000100000000011010000101000010000010000101010001000010001000001
100001010101100101000100101110000001011010100110001001110100010001011000110011011010100001001000010101100000001010001110001111101000011010000011011101011110001010100011000101010111
111101111100001101101101101011011111010010001111111100010111110111000011100110001110110111111011110001111101111010100111111000111111010011011111001001010000100010111111111100010001
100100001110111101101001001001010000010111111000001111010001010001111001001110101100010000110010111111000100100011110100000010010010010110001001100011010110111110101000110111111011
101111100010100100101111011101000111110100001011101011011101011011001011011000101001010110100110100000010110101110000101011111011010110111101100111110010011100000100010000000101001
100001111000101110100000010001111100100101101001000010010000001001100001011011111011111100101100101111011100100000101101010000010010100010001110000100111001001111101011111110100011
110100001111101100110111111011000101101111101011011110111111101101001101001001000010000001100110000100010001101011111001011011110110111010111000110101101011011010001110000011101001
100111100000101001100001100001010001001010001001001000110001100101101111101101011110101111110100101101010111001110001101001001000110001110100011110001000001000011100010111010001101
101100001111100011111100101100011111011000101101101011100100110100111000000100011000101000010101101001010011011000100101101101110011100110101111011111011101101000111010100000111001
101101101100001110000110100111111000010011100100100010101110011110011011111101010011111010110100111011011001111011110100100100011000110100101100000100011000111110110010101111100011
100100111001111000110110001100010011111001111110111110001111001011010011000101110110000010010110100011011100100000110101110111000010010001101001110111110010010110000110111000111111
101110110011000011100011111001000110001100011000100110100101101010000110010101000100111110110010101110000101101111100100110011111111011111001011000000000111010011110010000010110001
101010100111111010001000000011111111011001000011110011110100100011011110110111011101100010011010100111110100101010001110011001000000001101011010011111111100011000111011111110000101
100010001100010010111111110110000110010011111110111001100101111001110000100001001001111011000010110000010110001010111111001101101111100101010010110000001101111110101011000011101101
110111101001011010100100011100110000110111001000101100001100001100000111111101101011000001111111111011010011111010000101100101000101111100000111110101100101000100001001011000111001
100100111101000010001101000101111110010001100010000110111001100111111100000101101000011100110000001110010111000011110101110101110100010001101101000111110101110001101101011010011101
110110010001111111011001010100000011111100110111110010100011110100000001010100101111110110011011100111010010011010000100111101010111010111111000010010100100011011001001001111001001
100111000100010001110011110101111000000110000100011000101110100001111111011110100100010011000010110011011000111010101110000001000000010011010011111110001101000001111011100111101101
101101011110110100000110000100001111110011111101001111101000001111001000011000101101000111111110011000011111110010111000110111111111011001000110000100111001111111100010110011000101
100100000010010101011100111111101010010111010001100010001111111101101011110010100101101100000011001111110000010110001110010000010100010011011111010101100011100000001110111001010001
110111111011010111011001110010101000110001010111001011100000010100001011010111110000101101101011100000111110110011100011010111010101110110001100010000111110001111111000011101110101
110110001001000011110011011000100010110100010110011000111111010001011000010101011010101000101110001110000010111010111001110101010000010110100111010111110000111000000011000100011101
100011101101111001100110000010111110011111010010110010000010010101001111010100001110100011100010111011101000100010101100010001011010110100110011011100000111101111101011101111000101
111000100001001101001100101110010111001001000110011111101000110101100101010101100011101110111000100001001011101110000111011101001111100101111010010001111110001000101110100001110101
101110101111011111011001101010110001101101111100111000111111100101001100010000111001100010011111111011011010000000111101001111100100001101111110110111000000100010100100110111100101
100100100110000010011111000010110100100100010101110010000000110101111001111111101100101000110000000001010010111010011001100010110101011000111000100001110110111110110001110000101101
101101110011111010110001111010000101110001000100011011111110010101000011000000000110111110011111101101011010110011001011111000110001110010010010101111000011100000111100011011101001
101101011000100010000100001110111100011111110101110011000011010101011110011101101100001011000001001001001010011111101000101110011111000111010111100110011011001011101001001000101101
100001001110001111111111100110011001011011000100110110010110010100001000110001000111101000010100011111101111010001000010000011000001011101110000110010111110011000001011111110100111
101111100011100110100000110011110011001000011110000110110110111110111011110111101100001111111111110001100110010101011111101111101100010000111101111010010100111111101010000100110001
100101101001110000101011111010000111101011110011111100010010000011100010100100101001111000100000000100110100110101110000101000101111111010001001100011000111110101101010110001111101
110101001100011110111000001011011101111001000110010001011011111000001110101110001011100010101011111110100101110100010110111010100010001111101011001001110001010100001110111111000001
100001011101010110001101101001001000011101101111000101111010001111111000100011111010101110111010100010101101010111010110100010111000100010001010011100011101010001111000100001110101
111101110001000011100000111101011011010100000011011111000010111100000010101000001010000110110010101000100000010011000100001010001111111011011000110001001001000100101101101100110101
100100111111101000110101110001000011000111111001000011011010001001011111111110101011010010000110101111111110111001111111111111011000010001001011111101101011111110101000000110010111
101110011000111110000111000111111110011100001101111010010010100011010000110011101001111011111100001000001100011100110110000101001011011100011110000111000011000010001111110011010001
100011000010000010111100011110000110110001100100110010110110101110010110100110001100011001010001111010100111000110010100110001100010000101001100110010010110011010100000011110011011
101111111111111011110001110011010010010100110110011010100011101010110110001110100111001101000111100010110011010011010101111011111111110111101001111010110010111011111111000110111001
100000000110001001000111011000011011000110100111001110101001101010000100100010110011101101011110101110111001111011010000001000000001100001111011001011111110010001000011010010001101
110111110011101100011100001101010010010100101101100110111100100011111101101010011000100001010010001010001100110010011111101011101100111100011001011010000111011100011001011011101101
100010011000000111010111101001011011111101101100110010010110111011000000111111001111111111011000111011101110011110111000111111000110010111001101011000110001001111111101110001101001
111011001101110011110000001011110011000001001001111011010010100001011111100001100000000110010010000010001011000000110010000010011111000011101001001111111101101000100000011100101011
101001100100111001100101101010100110011111101011101010011010111101011000001011110111101100110111111110111001111111100111101000110001110110001101101000010100100010111111001110001001
101100101110101101001101101000110000111011001000001000110010011001000011111000011110001001110101100000101100010000001110001111110100011100111101000011000110111110011011101011111101
101110000110101101111001001010011111101010011101111111110111001111110110001101001100101011100101001111101001000111101000111000010111000001100001110110010010000011001000001010001101
101011101100100000100011011011000010000000110100011101000001100000011100100101100101101010001101011101100011110000111010010010110001111111110111100100111111111011101110111000100101
100011000101111110110111001111011011111110100001001000011101111111001001110100110100111010100001000100101111011110010011110110011101100110000100101101101000001010001100011101110101
101110011101011000000101100110011010000010111101100011110101000001101011010110011110100010111111110110001001000011011010000111000100110100111110001100001010111011011001110000110101
100010110101001111111100110011001010111010011000111001000101010111001001010111011000101110100010100100101011010111001010111101110110000101100111111001011010001001011011000111100001
111010000101100100000001111001011000011011010010001101010000010100011101000001001011101011101010001101111000010101101110010001010011110001110000001111001011011100010001101100111101
100011110100110001101100001101001011010010010110111001110111111101110001011101101010001000001000111101110011110001100111010100011000111111011011100001101001000111111101001110100001
101010010101110101101111011001111110010111010011100011100001100001010111111000001000111110111111110100100110011100110011010111001110000110001000111101001101110000010101100100101111
101000110100011100100001110011000100110100011110001110101101001111000100001110111111100000110000100110101110110110011010010001100011110000101010001000011000111101000101110110001001
101111110111001111111100100111010111100111000110111000101111011011010101101100010001001101100110001110100100010011001000110100111000111111101011101111111110001101111100100100111101
100001100101100110001110101101010001001110010000101110000110010001011100100111010100011101001100111000110001000110011111111101101110000010100011001100001000111001000110001110010101
101100101101110000101000100100011101101010111010100100111100110100001110110011110111110001011001100011111011111111010000011001000011011010111110011001100011100011010011111011000001
100110001000111101101101110111001101101010001111110101110001100111100000111000110100010111001111101111000010001100011011001100010110011000001100110011001001001110011000110011111101
110011111110100111001000110001101000101010111000110000010111110101111111101110010111010001100000000110010110100101000011100110110100110011111001100111111111011000111010000110101101
111001000000110010011010011100001110001000100010011111110001100001001100000111000000010100111011111100111100110001111110110011100101110110001011101100000001000011100011110000001001
101101010110111010110011010111111011011111101111001000010100111101100101110001111110111110001010000110001001111111100000011000101100010010100010000101111101111110001110111111101011
101101110100001010110110000010101010010001100011011010111110010000110000011100000111100011101010110011011011111000101111111110100111011110111110111100110000001000111010100110001001
100000000101100010011110101000100000110100111001000010001011011110010111111001101100001000001000011011110010110010000110000100110101000010010000001110011111100011100000001100111101
101111111100111111001000101111101111100110101101111110100001011011010110001011000101101111111111011010000110100111110000110101110101011011000101100011011000111110001101011101100101
100010000111100011101101100100000100001110001100001000111111010001011100100010011100111000000011110010101100001110011111110001000001110001111111111110001110000100111111110000001101
101010110011001000001000110101111101111000100110101010100010010111011001101111110001110010101001100110100101111000110011011111111100110100011000000110100011110001110001100110100101
101110111010011111101111110000100000011011110111101011101000110100000011000101000111100110111111001111110101100010011000001100000110100110110011110010111001100111000100001111111101
111100100010110001001100011111101101010010100011001000001111100001111110011100010100110010001000011100000100001111010010101001110111101111100110011010001101001110011111111000011001
100001110110110101101001010001000111110110001110011111111000111111000110110001111110000111011011110001111111111001011110101011010000001101001100111011101101011000110100011011000011
101101000000100100111011000100010010100110111000111000100010000011010010010111011011111100011001000111011010001100010000100010011111101000011001101001000101000010000001110011111111
101001111110101110110011111111111110001100100010101011101111011010011011110001000000001001001101010011000010101101111011111111000100001011111100001101111101111110110101100110110001
101100100011100110100110101000001000101101101111100011000110010000111000011101101111100011101101011001101010100101000010000001010101111000110111100101000001000011100111001110000101
100111101001110010101100001011101011111000100011001001011100111111101111001001100000111010000101111101001011110100011111110100010100001110010000110001101111011000101110011100111101
110100001100111010001111011000100010001010111001101100010001100110001001100011001110011110111100100001011001100111111000011110110111100011000110011101001000011110101000110001100001
100101111110010011111000011110110110101110101100100111110111110010100011111110011011001100001110101111011100001110001011000010100010111001111111001000011011110110111011111111001011
101101001011000111011101001010110100100100100110110001000100011000110110000010110001100111011010001000010111100100100001111010101000001101010001101111001010100010100010011000011001
101101100001111100010001100010100101110110001100011111010101001111100011111010111100110010001011111011110101110101111101011011101101111100011100101001101000111010001111000011111101
100000110111000001011100111110101101010011011111000110011101100000001000110010001101111011100001100001100100010111000001001001100111000111001110101100001110100011111011101110001101
101110010000011011000110100000111101011011001101110010111000101111111110100111101001101010101100110100110001000110011111101100110010010011100110100110111010101011010000001000100001
111011010111110011110000101101110001001001100000011000110010100100000010101110000011000010000111100110011101111100111000101110011000111000110010110011100010101000010110111110111111
110010011100010110110111101000100111011100111111001111100111110101101110100011011110011111111100001111000100011001100010001011010010001110011000111000101000101111011100101100010101
100110110001000100000010001101101100000110100001101101001101100100100000001001001000111000001001111011110111001100110111101001011110101100111110101110001111101000011001100001010001
101110100111111111111010111000101101010010101100100101011001001110111111101111101011100011100011101000010001100001100101001101000100111001110000100011111100001011010011111111000101
100010110000110000110010010010100111011010001110110001001101011000001000101000001001001110111110001101011100111111001101011001110111100011010111101000110001101110000111100010010101
101010011010000110011111011110110001011011111010111101100101011111111010111011111101011100000000100101110101100011011101000011100010001011010010001110000111101100110101001011111101
101011001010111111000001000100011101110001000010011000110101010000001010000010100001011001011111110001100100101001001001101110111000111010011011100011111100100111100100011011000111
101001101110010101111011110111110001000100011011001110010001000111101011111110101011010011010001011011001110001101101011000110001110100000111000110110100001110001001101110010010001
101100100111000100110001010001100111101101111111100011111011111110100010011000101110011111010111000010011111111101001001010100100000111110001110010010001111100101100100110110111101
100110110010010001100100011100001100000111000111111000011001001010111110110010100010110000010011011110110100000001011100011101111111100011101011011000111000110100111101100110101001
110010011010111111001101110111111110110011010011011111001101100000000010000110111000100110111010010000100001011111001110110000000011001001100011001101100010010110000100101100100011
111011111010010000011111000000001100111000011001010001101001111101101010101100001111101111100000111101101111110001100011100111111010011100111001011000110111010011110110100101101111
100001100011110110110110011111101001101111111100000100100011010001001110101111111010001000111110011001000100000100111000001100011110111110011101001010100100010110100010110101100001
101100001110000110100000111000100011000100010111111101111110000111111000100010000010101010000011000011011101111110011101111001000110001111010001101111101101110000101110110000111011
111001111011010011101111100010111001010110110000000101001010101100011011111010110110100011111011111001001001000011001000110011110011100101011100100110001000111110101100011111101001
110011001000010110001001110110001100010010110111110001100010100001001010001010110110111111001000011011100011010111101011100110011001110101000110110010111101100000100101110000101011
100111100011011100111101000100100111111000100101011100110110111111100010101000010000010000011111001000111111010011101010001111001100010001110011111010011000111111110000000110101001
110111110110001001101001011111110010100011101100001110110010010000101111101011111111010111010001101110010000011001001110111001100111011100111001100011001010100000010111111100001101
100011010111011011000011000011011010001110001110100010011011010110100110001111000010000101011011100011010111111100011100101100110010000110011100001111101110001111011100001110101101
111000010001110011011011111001000010101000111000111011010011010010110011011000011011111100010000111010010000111111110001100110111010101110110111111010100011111000000001100011111001
101111010100010110001001101101011111101011100011101001011000011010111000001011110010001001000110100011011110011110000111110010101010101000100001011000101010010010111111001001000011
100001010111000100101101001001010001101001110110100011001111110010101111111000110110101011111100101010001011001100111110011000001010111011101100010010101011000111110001111101101001
101100010011111111111100011011000100111101000100001001100001100110001000010010100000101110000111101111100011100001110000110010100010001001000111010110101001011110000100010100101101
100111111000000100011001001011111110011001010111011111111100001111101101011110111111101100110000100000111000111111010101100110111111101101010100000100111101111000111111000110100111
110101101111110001000011111010000011000011010001110000001111111010101001000000100001101001111110101101101110110100000100001100000000100001010111111110011000010010110001110010110001
110100100010111101111111000010110111111110011100000101100100000010001011010111110100000011010000100100100010010001110111111111011110111111110001000011001111010111100100111010011101
100110001110000100100010011110011100000110110111111100111101111010111001110100010111111010000110111110110111010111011100000010000100000000011101010111100010010110001110010011010001
101100101000110110101010110000110001110100000011011001110000001010101100011101011100001111111100000000110100010001010001111011111101111111011001010000111010110100111111000111000111
100111101011110010101000100101100111100101101000010011100111111010101001000101001101011000001001111111100101110100010111000001100001000010000011111011100010100101110101111101110011
110010001000011000101111101111001100101101111101010110001110001010001101110101100001011011101011000011001101000111010011111100001111011011111110001000101110001100010000100000011001
111011011111001111101000001010011001101101000111110010111000100011100111000100111111000010101110011000011001111100011000000111111000001001010000101110100111011111011011101011001101
101010000001101010001110100010110011000001010000111000001101110110110100010110001001111110100111001101001011000111011111110000110011111101000101100000110001110000010000001110011001
101011011011000010101000101010011001111101011110100011111001010010100110111111101011011000110100011111111011010010000010111110000110000101110100101111111100011101111110111000110011
100001110000011110111101101110111101010111010110101110000011011000101100000000001000010011100101001110001010011011111000100111111100110100010110111000110111000001001100011010010111
111100111101110000110000111100011000000100010010101100111111001110101101011111111101000110001101100100100010110010001110001100010101110111011110110010010101111111100111010011010101
110110000101100110100110000101110010101101111010100101101010011100100111010000001001111111011000110101111110110110101000100111000101010001011000100111010000110000110100010110010101
100011110100101111111111011100100111111001100010111101001000111001110011011101100011000011011111100100110000100000101101110001011101011100010011101101000101100110010101110100110001
101110010101100010000101001110101111000011001010010001011010001100011010000111001010010110010000101110011101111111100111111101001101000111110110001001111100001111000000100110111101
100010110100111010110001100000100010011110011111010111000010100101110011110010011010110000111010001011000100010001110001101101101001101100010000111101000111111101111111101100001001
110110000110001000110101110111101110110000110100010001011111110000100110111011110010011111101011100001110111010111011100100001001011101001000111101100010110001001101001001101111011
100100111100111111100100010001100100111010100001110101110001011111101100011010000111001000001000111100010010010110000110110111011010001011111100001001110100100011000011011001100001
110001110101100001001111010111001101100011101111011101000101000100001001001011011101101110100010000101111000110100110010010011010011011000100001101011000001101000011001001111001111
110111000111101101111100010010011001001001101000010001011100010001111011101011001000100011101111110100101111100001100111011000010110001110101101001010011101001111111101100110011001
100100010010001101100001111010111011011100001101000111010111111111001001101001100011111000100110000110000011001011001101011101110110100000101001011010110001111100001101110100110011
101110111010111000101111001000100010001111111001010100010000010000011100101101110110001110101100110011111001111011011101010001000100111111111011010010011111000111100001010101111001
100100011000110010101000011010101110111010000011011101111011010111001101100100100100100000100101110110001100110010000101011111011101110000010010000111001100010001101111010100111101
110111010010100110001011010011101000000011011111001001010011010011100000101110101101111111110100011100100110000111110001001000010001000101000110111101111001111101000001010110011001
100100011011111111111110000110001111111011000010011011000110011010111111100110100101100001010111000001110011111101011101101101110111110101111111110000010011000101111100010011001011
101110110010001000000111111100111000010001111011010010010111110000110010001100110100111011000011111111111001000000000101101100100001100100001011000110110111110100011001110111101001
101100011110101111010000010001100011011100010001110111011100000111100110111101100110011011011110100010101101101111110000100110111100111110100000011110100100000101001100110000101101
100101000100100100010101000111001011010111011100010001011001110101001110010000101111001001000010001000100001001000011110110110010110100011101111111010001111101101100110011101100001
110111110001110110111111110100011110010001000101011101001011011100011011010110000011101101111010101110101101111011011010010011010010101001101000000011111100000111110011000100110111
100000011011000100010001100101110100111101110111010101101010001001000011000111111110001101010010111100100111100001001011011000011010001101001011101000010001010011000111111110010011
111111001011101101000100111100100101100001100011000101100010100011011001111101000000111000010111100001101110001111101011001111111011111001011011001111000111011010010010000010111001
100001101001101001111110000110001101001101001001110100101110111111111100000001011111100011010110001100100100111011001010011000001001000011001010011001111101001110110110101000001101
110111101111001101000011110110111001011111011100100110101000110000011001111011000010001110010000111110110001100010011000110011100011011111101010111011010001101100100010101111111001
100000101000011000010110010010010011011000001110101100101111100111000011001001111011100111111111101100111111101010110011110110110110010000101110001001000100100101111110111000110011
111010101101111111010011011010110110000011111000001001100110001101111111101101101000110010000000100001101000101010011001010010010000110101100110101100011111101100000010110010100111
110010101100100010011010010010010011111110001111111011110000111000100000000100001110011000111011101111000010101111001100011000111111111100110011101001010000000111111010000110001101
100110100110001011111000110111011000010000100000010010011111110010110111110111100111010011101001101000011110100101100110110010001000000001111000001011010111111110000011111111111001
101111110011011000001011100001001111000111111111010111000001000110010100010110110001011011001100100011110010110000101100011111101101110111011111111001000100001000111110100000011101
100011011010011111101110001101101001111101000011000101101100010011000110110100010111010000011110111110000110011010100101001100001000110100000001101011111101101010011000001111010101
111010011010110000100110111000101100100000011001111100000111111011111110000001010010011111000010001000111111001011110101100110111011100101111100100010101000111011010010111000000101
100000110010111101110010001110100110001010111111000111010110000001100011101011111010110001101110101010001101100011000101111100101110001101100110101110100010011001110111100011110101
101110100110001001111010100110110100111010010100010001110011010101001000111001100010011100100100111011100001001010011100010001100000100100001100101000101111001011100010001110010101
101000101111101100101010110011100101101010110001011100011001111101011110010011001011001001110101110010111011011110110110110111001101111111100110001010000001101000101110111000110001
101111101000100110001010011001101100001011100111010111011100001101001011011010011001101011010101100110101000000100100000100100011000000000110011111111111101101110001000100010111101
100001101101110011011011001100001001011001101100010101000110100111101001001010111100101000010100001100001110101101110111101101111111101110010110000011000101000011111011110110011001
101100100100010110001001101111111111001100001001110001110100110010001101101110111110101011010111111001100011111001000011001000011000101011010100111001110001011001100010000111001011
101110110101010011011101000101010001111001111011000101010101111010111000100110011011101011110100101101111001000011011110011011110010100011000001101100111101001101001110110011111011
100110100111011000010001110100000100010011000010011101000100011010011101110010110000101000010110001101001101011111011000110011000110111001101101001110000111100111011010011000100001
110010101100001110110111000101101111010111101111001001011110110010110100011000010110001011000000101001101101010010001010100110011100101100111111100011110010110010010011011101101111
111010101001111100100100010100100101010011001001011011001111100110100001001111110110111111011010100011001001011000101011110110110101100110100000111000011000111010111001010101100011
100010101100110001101110111110110101011110011100001001100110001100001111100000110011100001110011111111101011001111101001100010100101001100101110001111001110100010001101010100101001
111010001110010111100100101000100101000110110001111011110010101101111000111110011001001100011111000001000011101000111100101110101101011101101000100001100010001011100101000110111101
110011111011000110110101101011101101110010011011100001011010101000010010000111001100011101000001101111011110100010010110101000101001000100101111111011001010101000110100010010010101
100110100000011100100101000000101000011011001010101101000010111011110111110011011111111001011101000100010110111111010000111011100011011110100011001001011110111110100111111111000101
110100001111110001101101111111101011011001101000100101011110100010000100011001110000001011010001011101110010100001000111110010110111001100111001101101000000100011101110000001101101
100101111000000111001000000011001001001101001101110111010000001110101101001100100111101110010111011000111000001011111101000110100001100101101100100001010101101000001010111011001001
101100011111110010011111111001011011100001011100110001010111111010111001101110110100000100110110010011101110111010000001101100001101110100100110110111011111001111111000011001101011
101111000100011010110100001101010001111111010110011011010101000010001100111010010101110111100100110110000100011110110101101001011000110110001110100100010000011000001101001100101001
100100010001001010010101101001010100010100010011011010010001111011100110000011000111010000001101100100110111000100100100101011111110010110111000101110110111111011100111100110001101
110111111101100011010100100011011111010001111000001000111100001000110010110111111110011111111000110110100011110001101110001000100011010100100011100011110100101000110011001110111101
110100001111111011010110111110001001011011001101111111110111100010011010100100000000110100000010010010111000100111101011111101101001010001101110111000100110000010011001101100100001
100001100000001110010010101100101100000010011001000000000000111111010011101101101110000110111111011000101110110000100000001111001101010101001000001110001110111111001100001001101111
111111111111100110111000100001100111111111010011011011011111100000010110000101100011110011100001001111100010100111111111011000011101011111011101100011111000100010011111111011100001
100110001010110010100011111111110001001011000110001110001100001011110110101100111000011000001101100000001110111100010001000011110001001000010000101110101011110110111110000000110111
110000100000111000101110000001000101100000011110101100100101111110000100100110001111001111111000101101100100100001000101011110000111101101110111100000100010000010001100111111110011
100111110110011111100011101101111100111101000010100111110100000110111101110011100101011000001110111001110101101111111101010000111110101000010000111101101110111011101001100100011001
110100010011001001111001001001000110000111111010110001011111110100100000011010110001001010100000001011000101001001010101010110110000101111010101100001101100001111001011101101011101
100101111001101101001100011011010011010011001010111100011000100101110110111000100101101111111111101010010101101101000101110111100110100100011111001011001001100101011000001001001101
101101101101100100011111110000011001011001101010001101000010001101000010001101101111000100011000101110111101000100010100010000101100110110111000011010011111110001011111111011101001
101101000100110001001000011111111101111101001011100111110111111001101111101001000100010101000010100000010001110101110111011110101101110100101011011110110100010101000011000010001011
100000011110011101101111010000000100100001101000110100011100001101000010001011011101110101111110111110110111000101100110010000100111100001100001000100100001011101111001011110101011
111111001111001111100000000111110110001111101110111101001001101101110110101010011001000100001100100100010100010101001100111011110000111111001101010101101011001000011100010000101001
100001100101100000111101111100100011111100001010011001101011100100110100101110110011011101111001110001010001111111011001100001010110000100011101011101001011100010110111110110111101
101101110101111110000111000110001011000101101011000011101010110110100101101100010111110000100011111111011111101000011011111100011100101101110101111001011001111110100010010110110001
100100100101000111110011010111111110010000100011111110100010110110101100111001010100100111101111100010010000100010110010000111001001101001100100010011001101000110101010110011100101
101110101100010001011000010011000110111110111110001000111110100000100101110011010001101110100011001011110110001110110110110011101011100011001101010111111001010100001000111001001101
100010000001010100001010111000010000000010000000100010000000001010110100000110010100000000101000011000000010100010000000011000001000101000011001000000000011010001101010001100011000
111111111111111111111111111111111111111111111111111111111111111111111111111111111111111111111111111111111111111111111111111111111111111111111111111111111111111111111111111111111111
