11111111111111111111111111111111111111111111111111111111111111111111111111111111111111111111111111111111111111111111111111111111111111111111111111111111111111111111111111111111111111111111111111111111111111111111111
00010000000000011000100001000101100000111100000010100101100011000010000000000110000001100010001101000101010110000100000010100001000001000111100001100010000000110000000000000000001010001100000010000100000010000100001
10111101111110110010101100010101001110011001111000110001001001101000111111110010111101001010100000010001000100110110111000001011011100010011001100001000111110010111111111110111100000100001111000110110111011010001101
10000001000010100110001111110001011011000011101110100100011100111101100010011010001000011010111111111101110001110100011110111010010111111001011111111101100011010000100001100100111111110111001111110000101001111101101
11111111011110001111111000111100010001111110001000101110110110010101001011001010111011111010100000001100011011010101000111100010110000001100010110001001001111011101101100110110000101010011100000011111101100000101001
10100001000011111010001010101111110100010000111011101010100011000001011001011011100010001000111111100111000010010111010000110110111010111111110010111011101100001111000110100000110001011000110111001000101111110111011
10001101011000110000100010001000000111011010100010100010101011111111011100001001101110111111100001110001111110110011111110011110010010010000011000110010100001100000011100101010100100001110110001100010001000010000001
11101001011101100111101010101010111101001011101110101110101001000001000111101100101100000011001100000100001100011000000111001011011110110111001101100110001111111111111001111111111111111100100100111111101011111111101
11001011000101001101001111111010001001101001001000100110111101011011010001100110001001101001011110111111100111001111110011100001000010100010011001001111111000100000001011000101000011000101111110001001001011000001001
10011001101100011001011100011011101100100011011010110010000101001000010100111111011111101011000110100000110011011000011000111101111010001010110011011100011010111011101001010000011000010100001000101100011010011011011
10110011000111110011000001001000100110111001011110011011110101011111111110000001110000101110010010101110011000001011111110001100011011011110100110011001010010011000111101011111111111110111101110101101011010111010001
10111001110010000111111111101110110010001101000111001000010101000011001011111100100110100000111011101011001101011000000111100111000001110000101110110011010111001110000101001100110010010001000100100111000010101000111
10011100011011010011000100001010111011100101110001101110110101111001100010000110001110111101110001101001100101110010110000110001011100100110001100110110010001100011010001100110011000111101110101110011111110001111101
11000101001010011010010101101000001001110000011101000000100100011101110110101100111010011000011101001100110111000110011101111101010110001111111001100010111101111001110111110111001011110100100101011001000111100010101
10010111101011001000110100111011111100011011000101111111101101000000100110100001100011001111110001011110110001101111001000100101000011011000010011001110000100011101100000110011100000000110001101001100010000111000101
10111100001001101101100110000000110111001111110100000000101001111110101100111111101001100000100101011000011011001001101110001101011111110011011010011011110111010100111110011001111011011111111101011111110110011110101
10101001101100111101111111111111100001100100011111111110001011000110001101101000001101111110001111010011001000011011100011011001010001100110001010110000100010010110100011001100001110001010001001000001011110110000101
10101011000110000100001000000011001100101101000000010111111110010011011001001011111100001011101100010111011111110000111001110011010100001111101000011010101110110110101001101001100011100000101011011100010000110111101
10101001011111110110100011011000011110101101101010110001100000111001110011011011010110111000001001110001001100000111101100100111110110111010001111010011101000100100101100101111001000111101101011111001110101100110001
10001101110001010011101001001111110000100100101111100100001011111101000111001001000010010011111011011101100101110000001101101101000011100010111100000110001011101101100110100001101010001001001001100011100111001100101
10101101000100011000111101100100011111110110100011001111111000010101010100011101101111000111001010010000110101011110111001001000011111001010000101010010101000000100111100111100111011101011011100001110001110011001111
11111001011110111110001100101101000001000010111001011100011111010000011101011000101101110000011010110110010000000010001011011010110010011111110101111110111111110110001110001110001111001011110110100111011000111100001
11000011011010110111100110101001111100010110001100010001010001011111111001001110001000011111110010100011111011101011011001001010011000111000000100100010000001100111100100100011100000011001000011110011000011100101101
10011001001010010000110000101011000111110011101111110111010101001000110011100111100011010000110110001110001010111110001101101011001010100011111111101011110111001101110101111000111111111100011001011001111110110101101
10110011101011000110011111101011010000110110001000000100000101101110010110110001110111110110010111100100101000100010111000101001101010001111000011001000000100011000010100110010110011000101111100010011000010010101001
10010110101011111111000001001001111010100011011011011110111100100011000000011111000011000011010011001101101101101010100010101101001011111001011000011111110101110011010111100110011000010100100111010110011011000101011
11010100101000000001111100011100001110001110010001001000001111111001010111001000011110011110011001111001001000101010101111100101011010000011011101001000111101011111010011001100110010110110110001010010110011010001011
11010110101111011100100111110111100011111100110111101011111000011101110010011011111010111010111100000011011010101000100000110111011011101001001001101010011001000001011001011111100110110010011101011010100110011111001
10010100101100010110110001100000101010000001110100101110000011010100011011010010000010010010000111111111001111101110111110010100010000101111101011101011001011101100011101011010001110100111011001011010101111110001101
10110001101001110010010100111101111000111111100101101100101110000110111001010111110111000110110100001001100000100010100110110110111110101100001001001011101001101111010101001010111000110101000011000000100001000100001
10111101100011011011010110010000011111100010001100100001100100110010001101110000110001011100100001101100111110111010001100010010100000100001111101011000101011001010010101100000001101100001111001111110110101011111101
10100000111110000011010011000111000101001010111110111111111101111011101100011110010111010001101101000110000110100011101101111010111101111011100001001011100010011010110101101111100101110100001101011011111100011000101
10101010010000111110011011110011010001011000000110100000110001101001001001000111010001010111000111110100101100110110000100000010000101010000101101111001111110110010100100111000111100011110100101010010000111110010111
10101111010110010000110000011001111011001010110100001111100111001101011011010011011101010011101100010111101001100111111111111110110100011111101000100011000010011000001110000010001101001011101100010110110000100110001
10100101110111000111110101001100111110011111100001100100001101011101011110011001000001011000111001010000001011101100010001000011100111000011001011101110011000111111100011111111100111100001000111000110111110001110101
10111100000011111100011111111110011000110000101101111101101000010001000111001101011111001110110011011110111000100101000100011000101101111000011001001000111110001100001010010001110001001101011110010010100011111100101
10000101111110100001000100000011001101110110111111000001111101010111110001101100010001011010010110001000011110101101111111011110001001010011111101011110100011111001111011000100011101100101111000111110111011000111101
10110001101000101011110001111011101000100100011010010111000101010000010100111001110100001011000111101101110000101001000001000111101100000110001001010100101000001100110000011111000100110101000011110000010010010100001
10111111000010111000111111001001101011101111001000111100010101111101110101110011100111100001010010001000010111100011111101110001000111110100101111010001101111100111100101010001111110110100011111000101000110110110111
10000000011110110010011001011101001001100101101101101001110100001100110100011010001110111111110110111011010001101011000001011101110100011101100100000101100100110000110111110101000100100101111000011111110010010100001
11111111110110011011001100010001011100110100100100000011100110100110011111001110111000010000011100100001111100111001101101001100110101000001110001111100110110011110010100000100010001101111100011110000011011010111011
10110001000011001001100101010101001001110110110111101110001100110111001101100010010011110110110001101111000110011100101101100110100101111111011111001111110011000111010101111111111111000010101110100101001110010100001
10011100011001101100110111010111101011000100010001000100100110100001100000110111011010000110000100111100010011010110001001110100111101000000000000011000100111010010010100010000011000010110001100101111100100110110111
11001001111101100110010011000010001011011101111101010101111100111111111110110101011010111100111110010001111011010011111011000101110001111111111011011010001110010110111111011011110010110100111001100010110001100100001
11100011100100110111011001111000101001011000001101110100000110010001010110010000000010000111100011010111001000010110000000011100100111100010001110010011111000110010001000010000100111111101100011111010000111101111101
11001001001110010001111100001111111101001101100100111101110011000100000100111111111010101100001011110100011111110100111111001110001101001000100010110111001101111011101011010110001100001001101001001011111100100110001
10011100011000111100101001100000001001100101110110001100011001110111011101101010001110100001011000110111010000000101100001101011111000011111111010010101011000001111001001011111101001100011001100011010000110110000101
10110111110010000110100011111111011011110101010011100111001100011110011001000010100111101111111010010011000110101101001011000010001011010100110000110100001101100100011101110000111011111111111111001010110010111111101
10100011000111101100110111010000011010100100011000110011100111000100110011010110110001001000100011011001110011101001011001111011100011000110011101100111011001110001110001000110000010011000010001101000111010100001101
11101001011101101001100001010101001010101111001010111000101101110101100110010100011101011010111111011100011001100011011101100000111110010011001100101110011011011111010111011110111111000011000100001011101010001011001
11001100010000101011111101010111101010101010011110101110100000110101101110110101110101111010000001010101001100101111010100110101100011011001100001101100110010011000000100010011100011010111101111111000001011011010011
10011001010110101000010000010000111010100011110000000010111011100101000010110101010100110011111100000111100111111100010110011100001001011100101011001001100111000011110101111001001010010001111000001111111010001110111
10110011111110001111011111111010110000111001000111111010011010001100011011100101000110010111000111010010110010000101010011001111111101000110101110011011001101111110000100101100011010110100010010100110001010111100101
10011111100011101101000100001010000110001101010010001011001010111111111010001101101111010110010001011000011010110101111001100100000001101100101000110001100101000000110110001110110011100111110111110000100010100001101
11000001001001000101110110101010101111011001011110101111101110011100010000111101000110010011011101111111001010010001101100110101111100111001101011100100110001101111111111011010110110001100000011011111111110101111001
10010111011101110000100100101111111101110011010000100100100111001001011110110001010100111000001001100011101011011111000110100111000110011011101001111110011101000010000001010000100011011101111110000000100000100101101
10110010011001011101101101100001010001000110000111110001110001100011001100100111011101111111101011001010001001000100010100001110010111001001001100000111000101111000101011010111111011000101001010111011101110110100001
11100110110011000000101001110100000101010100101110111011011011101111101001101100010000110001101011011011011101110101011101111000110101101101011111101101010100110011111001010000100001010101011000001110000010010001101
11001110110111011011101011000111111100011111101010101000001001000000101011001001000110000101001000001001110001000101110001000011100100101001001000100100011110100110001011010110111100011101010010100100111111011111001
10011010010001110000101011111100101101110001101000001011111101111011101110011111110111111101111110111101000111011100100101010110101110101011101010110101001000101100101001011110001110111001010110110001110101001000011
10111010110100010111101000000101100001000101001010111001000001000001100110110100011100000000001100011001011100010110001111110110100010000010001011110101111011111101100011001100100011100011000110011011000101100010111
10010010011111010101101101110100101111011101011110001100011111111100110010010101000111111111011001001011000001110110111010000100111011011110111001000100110000100001101001100101110111001111110011110000010001111111101
11000111001100010001001000010110001100001001000111011111110001000111111011000101110010000010001111111001111111100010011000111101101001110000100011011110000110001111001100110100110100011000011001100111111101000001001
11101100011001111011011111010111100101111011110011011000100100010011000011110001010110101011100010100011100000001011001010100000001100011010001011010100111111111000011110010111100101111011001111001100001101011100011
10001001010011000010010001010011001101011010011001000010101110111001011001011111010010111000111000001001001111111011101010101110111111001111111001010001100010001101110011010001001100101001100110011110111001001111001
10111011110111111110110100011001100101010010111101111110000010011100011100001010010110011110011111111111011010101000101110111000100001100110001101011011110110100101011001111101100110100011110100111000011011100101101
10011000110010000000100111111100110101010110001101000011111011000111110111100011010111000011000000001100010000101101100010001101101100110100111101001000010100110100011011000101110010101110000101101011010001110001101
11010010100110111111110110100110010100010100100001011001100001110001100100001001010001110110011111100001110110001101111011101001001110010101110001101111000101110101000001010001011010101100111111000001000111011011001
10010111101100101000010010001111011110110101111111001100110111011100110001111100011101010011110001101111000111100100001010001011011011000100000111100011110101010111111011011111000010000101100011101011111110011010011
10110011001001100011011011100001000100100100110000011110010000010110011111000110110000011010000101000011010001111111101011011000010011111101111100111000111100010000110001000110011011111101101000111000000000110010111
10111001011011001001011001111101110001101110000111111111011101000010111000010010011011010010110101111001110100000011001011001101111000000000001101101110000111011110011111110011110000001100101110001101111110100110001
10001011010010011101001100100000111111001011011110001100001111111010010011111011001001110110111100011100100111101010011001100101001011111110100100001011110011000011010000011000011101100110000111011111000111101111011
10100001010111110001100110001110001100011000001100100110100110010011010110101001011101100010000111000110111100001110111100110101100011000011110001100000011000011111010110111111000100110011110001000011010011000001001
10111111010010000111110011111010100101111111111001110011110011000110000000001101010001001111110100010010001001011000010110100101110110011000010111111111110010110001010010010001110111111000011111101001011010011111101
11100010011010101100011000110011110100000110001011111001011001110011111111111001010111011010010110111011101011110011010100101100010100111111011100011000011110100100010111000100010001000010110000101100001000111000001
11001000110000111001001110011001010111110100101000101101001100011000100000000011010110010000110011101001001000010111010101101111011101100001001001010011000010101110110101110111111101110111100110101111101010100011101
10011111111111110011101011011100010110010001101101100001100101001101101111111111010010111101111000101101011110110110000100101000010001001011100011000111111010101000010101010000010100110001001110101000111111101111001
10110001011000000110000001000101110010111111100101001111001111101100100101010000011000000000110010100001000110010011101110001011110111011110111111111100100010101111110001011111000110000101011000101110110001001001101
10000101000011011111011101110100011000100000110001011010011010001001110100000111111111101111100110111101110000111001100111111010110100001100010001100001101111101000011100000001101111110101001010101100100100011100101
10110100010110010110001111010110111110001101111101011000110010111011000101101110000000111000110110001001100101101100111100010010100110101001110100101111000110001011001111011011000100100111101011101001101111110110001
11100111111110110000100110010100100000100111000111001010000110110010011111000010110101100010010011101011001111000110001101000110001100100011100110001000011100111011100001001110010001101100001001000011101000000011111
11001110000000111110110000110101101111110110010001101011110100100110110010011011110111001111011011001011011110010111101001111100111101101000101111100011111001100010111011100110110111000101111101011001001010111110001
10011000111101100011111011110101001000011100111101101000010001111100011000110000010011011001001110011001001100110101001011000001101000101101101010111110100011001110011000110010011100011101000101001101011010011000101
11110011100001001000110001100101011011001001110100001111011111000001011111100101011010010011100010111101100101100100011011110111001011100111001000000100001001101000110010110111011001111001101101111001001011000010101
10000110001101011101100100101100001011100011010111111101001011101111010000111111010010111000101000100000111101001101001010000101011010110010011111010101011111001110010110010101000011100011100000001111011001111111101
10111110100111010001001101101001101000101111000000000001101000000001110110001110011010011010101101111110000001011101011010101100001000011010110000010111000001011100110111110001111111001110101111101000011101100001001
10100011101100010111011001001011111110111010011111011011001011111100000011100100110011001110000111000011111111000001110010101110111111001000100101110011110100010001110000111101100010011000100110001011010100110111011
10101000100101110011110011011001100010110010110101011010011110000101111000110101110111100011111100011000101101110111100110101000010101101111110100011000100111111011011110001100110110110010001100111011000110010001001
10001110110100011000011110001100101000100110110001001110110000110101001101110100000000111001100001111110100101000010101110101011010000101001100110111110110011000001010011100110010110110111111001110001111111011101101
10111010011111011111000011100110101111101100011011100010110111100100011101000111111110001101001111000010110000011110001100101111000110101011001100110010011001011011000110110011010010011100001100011100100000001000101
10010011000110000001111010110111101010000101000000111010100100110101011001010100000111100100011000011010111111111000111001100100011110001010011110100111011101001010010000011000011011001001100111001110001011100011101
11011001110100101111100010010000001000110001101011110010101110010111110011011101110010001111111101001110001000000011101101110111010011111000110100101100010101101000111011111111111011100011110001100111111111001001001
10001100010001100100001000111111111110111011111001000110001011010000010110000100111011011000000101100111100010101110101000110110010111010010100101100110110100111011101000011000001000111111011101110000110001101111011
11100111011111111101111110010001000010001110001111010011111010011111010111110110001001001101010101110001111111111000100011100100110000010110001100110100100110010010001011010010101110000001000100011110100100100100011
10110010000100000001001011010100011011100100100011011000110000110000010100010011101101100111010100111100000101110010001001001101100111010111111110010001101111010111011001000110100110111101110111000010001110111101001
10111010110101101111101000010111110010001101111001011110000101100111110101011011000100110110010110010111110000100111111111011100101100010100010011010111000101010001001111101100110000101000010101111010101000001101111
10100010110100111000001011110000110111011001011100010011111101001100011101001000011101110100110111000000111110001100110000010110100101010101011000010011010000010100011000111001111110100011000101010010111111100100001
10101010011110010011011001100110100101110011000111110110000101011111010001101010110001100101110101111110001100111001100111110010110111010101001011111001011111110111110010001011010110111111110000010110110001110111101
10101111000011011011001100101100101100000111010010110100111101001110000111101110100101001101100101000111011001100011001100011000100010011101100010001101001010011100010111101001000100010000111110110100010101000011001
10000110011010010001100110100101100110111101011000010001100001100100111110100010101111011000110001010011110011101001011101010010111010110001111110101001100010110001010100101101110001110110000011100101110101111010011
11110011010010110111101110110100110000100001001111000100101111110001110010111011101010011010011101011001100110001011001001000111110010100111011000101011111010100101000110101000110111000010110110001111000100101000111
11011010010110100001000010010101110111111101100011110101101100011111011000010010001000110011001100001100110100111001101111011101100110110011001110111011110010001101111100001010010001101011100100100010010110101110101
10010010110110111101010111011100010100000101111001100100100001000110001111010111011011111111100111111110100110110011100011001000001100111001100110000001100110111111011001111011011111001110001101110110111100100100101
10110110010010000101011100001001010101110100101100101110111111011100100110010001010000110001110101101010110011100110111001101110111110101100110011110111001110000001010011101001000110011100111000011100001101110001101
10010011111011110101001001101111011100010110001110100111110001001101110000111101010110000100110100000010011000101110001101101000100100100110011001100101011000101101000110001111010000110001100010110001101001010111001
11010110001000010111100011000010000110110011100110110000000111100100111011101001010011111110000111011011011110000010101100100010101101110111001100101101001011101101010100100001011111100101110111100111101011000011101
10010000101101010011001110011011110010011000110010111110110010110110101000100011010110000111111100001111010111111010100110111111101101010101100110001001101010111001011110111101000000101100110000001100111011011110001
10111111101001011010011100111000011011011010111010000010111000010010001110001010011100110101000101011000010000110010110010101011001001000001110011101011101000100011001100010101011111101110011111111001100010010011011
10100010101101110010111001101111010001001110100011111010011111011011100011111111000001100100010001110011111010100110011010100001011011110101000111001010001011101111100111010001110001100111000010001101001110111000011
10101000100100011010110011000010010111100110101001101011000001010001110110001101111100101110111011000110110010101111001010111100001010000101110110011010111110001100110001010111100100110001101110100101011100001101001
10001110110101001011100111010110110100001100101100001001111101010111010011100000000110100100001010011100011010101101111010000111101010111101000100111010010000111001111100010110001110011100111000110001000110100101101
10111010000101101000111100010000100101111001101110111101000101010001011000111011110010110101101110111001001011101000010010110010001010011001011101110011011011100011010111110011011011011001110011100101110011110001001
10100011111101101110001101111111110100100011001010000101101101111100001010010010011010100101100110100011100000100011010111111010111011001101010101000111001010001000000000011001010000001011000110001101011011011111011
10001001100000100011101000110000010110101110011011010100100100100001111111000111010010101100110010101111001010111111010100011010000011100101010001011101100011011110111111001101011101100011011100111100001001000101001
11111100111111101001001010011101000000100110111001011110110110001011000111111101010110101110011010100110011010001001000101001010111110110101010111000101111110001100100000011001011000111110011001100111011101010001101
10000110011000101101011111000111111111110100000011001010100011111110010010110100000100100011010010111100110010100011101101100010101010000100010110010000001010111001101111110011010010010000110011110010010101010101001
10110011001010111001000101110000000001000101111111100010111000000100111000010001111110110111010110011001100110110110001000111110100000111111110100111111100010101011100000110110011111110111100110011010110101110100011
10111001101010100011010100011111111100010101000110111010001111101101101111000111100010010001110011001111111100010010111011100000110111110000010101110001110110101000111110100111000001000100101110111010100100110111111
10011101001010101001110101001000000111111111010000010011101000001001000001111100001011010100011001101000000111111000100010001111100101010111000100100100010000101110010000101101011101011101100010001010110110010100001
11000100011010001100100101100010110010001100011111011010001101011011011100101110111011011111011101101101110000001101101110111000001100010001111110001111011111100011011111101001010101010001110110101000000011010001101
11110111111011111101101111101010011010100110110000010010111101010010010110001000101001110000010000101100111111100111101010011101101001111101000111111101010010001011001000101011000101011101010000101011110110011011111
10010000010010100000100000111011001110110010111111010110000101010110110010100011101100010111110110100110001000110000001011000111001100011001011100000001011000111001011010001011110101000100011111101111000100111110001
11011111010110101111111110011111100110111010000110010111110101010000100111111111001111000101000100110011101010111111111011110110011001000011000001111011001011101101000011111001100101110101001100100110011101101100101
10000001010100000100000011000110110000101010110010110010010101011111110101100001101001111100011101111000101010100000011010010100111011111110010111100011100010100101111110001100101100100001111001110011111000001001101
11011111010111110001101001110010100110101010011010011000110001010000100100001100000011001101110000111110101010001101000011010101101001000110111100101000111110001101000100100110001110001100110011011001000011111011001
10000100010000111111111011011010001100001011011011000010011111011110001101011111111111100100011010011000001011111001101010010001001101011100101001101101100010111001010001110011011011111110000111010011011010000010011
10110001110110100010110000010011111001011001001011111111010001000011011001000001000001110001001011001111111010001111101000111111101101001001100011001001001000000011011100111001010001100011110100010110010010111110111
10011111000100101000000111010110001011001011101000010000000101111010000011111100010100111111111001100110001110101000101111100011000101100011001111011011011111111110000110101101010111001001100101000110110110100000001
11001101011101111101111100010010101111101000001011010111110111100011111110000111010110000010001100110010100000100010101100001001010101101111101000011011000101101011111100101001000010011100110101110010011100101110101
11100001010001011001000110110110100010001010111111010100011110001110000110110001110011111000100110111110110111111110100001011101110100101000101011110001110100000000000101101011111110110110011101011011011001100011101
10111101010101001011010010100110111011111110001100010101010000100010110000100100110110101111110110001000110100000000101011010000000110100010101001100101010101011111110001101000010000100111010001001001010011111000111
10001001010101100011011011101100010010000110111001010101000111111010011011111110010010100000110100100011100110111111101111010111110010111110101100111100010111000000011111001111010110110000000111101101010110001010001
10100011010111101110010010001101110110110010100011111101111100001000111110011011011010001101100101111110101100000010111000011100011010010100100110001111010011101011000100011000000111111101111110100001010100101111011
10111111010001000110110111011001010010011011101110000000001101101110100011001010011011111101101101100000101111111000100010110001001111010101110011101000011000111001110101010011111100000111000010101111000101100111001
10000001010101110100100000001011011011001000100000111110101000100011101001100000110010000100101100111110100100001110001110100111100000010100111010101101111110011011010111000111000001110110011010001011111100110010011
11111101111100111101101111111010001001101110111111100011111011110111001100101111100111010110100110000100110110100110101000101100111111110110011000100101000111010000010110010110011111010011111000111010001110110110111
10101100001110100001101000011011011011101010110000001000010001000110011110100010001100010100110011110101100100101100111111100001101000000011001101110100010011011111110011110011010000011000001011101000100010100100001
10000111101000101101001011000010010000101010100111111101000101011100110000111010111001110001111010000001110101100001110001111011001011111011100100010110111110010000011000111110010111001111101001000011101000101101101
11110101101101100111111011111111010111100010001101000111111111010001100111100010100011000100101011111101000100111111100100001001011000001000110111010011100010110111001010001000110001100011001100011111001101111100101
10000101001000110000010010000110010001111011111000010011001000010111110000110110101011011110001000010101010111100011001111101101010011111110010010011001101000100001101111011011111111001001011111110101011111000110101
10110001011110111111010111010010111100001011000010111000011011110001011101100000101001000011111111010001010110001001011000100101000110000010111011001100001111101100100010011010010000011101010000010100001100010100101
10111011011000101001000100011000000101101001101110111101110000011011000100111111101101011111000110011011011100101101010010101101010110111000001000011111111000001110111000110011000101001111010101110001111001110101101
10001110010010001101111101111111111111101100100110011000111110110010010110100011001101110001010011010001000001100100000111100101110010001111101111001011001011111010011110110110010111100110010100100101000011000101111
10100100110110100100010100001000011000000110110011001110100010011010110100001001111001000100011010011111111011111111110111001100110110100011000001101001011000010011010010010111011110101100110110101111011111011100001
10110101100110110001000111011011000010110010011001101000101000110010110111101100100011011111111000111000001110100000010010011110100011111010010111001100001111011011011000110100001100100101111110001100010001000111101
11100101110010011111010001010011111010011111001100111011101110100110100000111110110110001101001111100010100000110111011110110100101110000011111100011101101101010010010011100101100101101101000011101001110111110100001
11001100011011110001111100010110010011001101101110011001100111101100111110010100010010100100011000110111111110110110000010100001101010110110000001111000100001010110110111001111110100000100011000111011000010010001101
10011111010000000100100111010110110111100001100111001100110000001101100011000101011000110001001010000100001000010011111000101111000010011100111111100011110101000110111110011100000111110111111110010010011000111111101
10110000011101111110110000010010000000111100101101100110011111111001101001110111010011111101100011011101101011011010000010100110011110111001101101001010010111110010001000111001010100010010000011010111111010011011001
10010111111000001010100101111011101010110001101000110110111000100011001011010100010110000111111001110000101110000011111111110011111000110011000001011111010000000111101011100011110101011000101110010100001011000010011
11010110001111101010101101101011001111100111001010100100100010101110011011010001110100110010001111100111100100111110001000011000100010011011011011000100011111111100100010110110100101001110101000110101101111101110111
10010011100001101010111000001001111000110100011010111101101010001000111001011111100101111000100000001101110111100000101011001110110111001001001011110111000011010001111110000110001101100011111010010000100101000010001
10111001111100000010011111111100010010011101110010001101001111111011101100000000101101101111111101111000010000001111101011100100100101011101011010010011110110000100000011010100111001001011000011011111110001111000111
10001100000111011111000100001111000111001101010111100101011100000010001111111110101100001100000111000010111111111000101000110001110001110001110000111000010100111111111011011111110011111000011010000100011100001110011
11100111110110000101010001100001111111100001000100110001010110111110101000100000100111100110110010011110101000000010101110011111000100110111000110001111000001100000010000010001000110110011111110110101110111100011001
10001101010100110001111100111011000011111111101110000101010000000000100010101110110000110100111011110000001111110110100011000100010110010101101100111001111111001011010111110100011100000110000011100100000101111001101
11011100010111111111000110010001011001000101000111111101011111111111110110100011111011110110100000010111101000000100101001110101110011010001001101100011011010011010010010000111110001111110111000101110110100001100111
11000110110100000100010111110101011101010000010001000111000110001100011100101000010010000100111111010100100011111101111100010100011110011101100111001010001000111110111010110100110111000100101110100110110110101110011
10010010000101010001010001100101010100011011011111010001110100101001000111111111000110111110011000000110111110011001010111000110110000111001110110011010100010100000010010011110000100010001101010110000100010100011001
10111000101101111111111101001101000111110001111000011011010101100011110000100001101100100011001111111110000110110011000001111111100110100011000100111010110110101111010111000011011101111111100010011111111000111001101
10001111111000110001101001011101110000011100101011111001010101111111011110101011000110001011100110000000110010000110010111000011001100101111101101101000011111101000010001011010011001101000110111001000011111110011001
10100100110010000100101011010001100101000110001011001100010101011000001010001001110011111000110010110111111010101100110010011000011001100110000000001111110000101010110111110010110011001010000011101101010001011001101
11110001100111111110101001010111001111110011011000011111010101010010101011101101011011001110011010010001000010111110011000111111001100110011011111011010000110101111100010000111100110011011011000100101000101000011001
11011100101101000100101101010110011000011001001111000010010001000110100000111001010000011011000011011101011110011000111110110001100111111001111000000010111100100101001110110110001111001011001111110101011111011110011
10000110111000010001100000010010110011001111101001101110111111011100110111100011000101000001111111011001001100110010010000100100110100001100001111010110100101110100011000011100111100011001100100010111010000010100111
10110010011101011111111111111011111001100000100011000110101011001101100010001111101101111101000101001011111001100111011111101110011101011111100001110100110001100001001010111001100101111101110001010011000111000101101
10011011010001010000011000001000101100111110110111110010000001111000111010111000111111000001010101101010100011001101000001001011000101010000111100011101100111001011011011100011110000111001011111011001111110011100001
11001111011101110111010011011110101110101000000001010111111100110011100010000010000010010111010100101010001110011001111011011011110001000110001111011000110101111111110001001110100110010011000010001101000011110001101
11100101001001000110010110001000101000100011111011000100001110010111001111111111111010110000010001101000111011011101001001010000011111010011100100010011100001000110100101011000111111000111101010111001011011000111001
10110001101100010100110010111011100010111110011010011110100111000010011000101100001011100101011101001111100010010000011101011101000011111000111101110111001100010000001101000010000110011101001010001011011010011110011
10010100100111011101111110010010101110100010110010110000110001111011001010100001101001111111110001011000001110110101110001000101101010001010001100100110011111111111111101111111110100110000011111100011010000110010111
11000110110001001100100011000110100011101010010110100111111100001001111010101111001100001000100111010011101000100100110111110111001110101110100110110011110000011000011000001000000110111111010000111110011111100110101
11111110011101100110001001101100101001101011000110101100001111011100110010000110011111100010111100011110001011111110010000110100011000100011110000111000000111000011001011111011111100100001010110000110110101101100101
11000011000100110111111100100110101100001001110010001001100010001110100111111100110000111110001001110000101001000111011010100101010011111001100101100011111110010111101001000010010001101101000010110100110000100001101
10011011010101100100000110110010100111111100010111111011111110111010101100110001100110010010100011000111101100010100001011101101110110001100101111111110000011111110101101011111010111001001111111100001100110101111001
10110001010100110101110100011010110000010111010011011000000100100010000110010111001111010111111111110001000111110101011000100100100100101110100011000111011000110000101001000101000001011100100000001111001100101001101
10100100010110011101000101111010011111000001011000010011110101101011111111010000011001010001100000011101111110010101001110110001101101100010111000010001001110011010001111110100010100010110110111111001101101100011101
10110111010011000001011100010011010001111101001111010110100101001010000110011011111101000101001111001001000000110111100010011100100111001010011111111101100111010011101000010110111111110000000100001100000100111011001
10011110011011111111010001011011000111001001101100010000101100011000110000110010000101111100011001101011011101100110001011000001110011111011000110010000110010011001101011010011101100110111110101011001011110001001011
11001100111110000110010111010010010000011011100111011110100111111110011111111010110000101111110011101010001101001100111011111111011000001001110011010110011011011101001010011001000101100011011101001111001011011100001
11101001100100101100111110010110111110111000110001110100110000111011011000100010011010101000011011001000100100011001110010001000011111101011011011000011000010001101111010111101010001001000010001100001100011010110111
11001011110101100001100000110110100000101110111100000101111110010001010010001111111010101010111000011101111111110011011010100011110000001001001001111001111110100100110010001101110101011111110111111100111001000010011
10011010100101111111001111110010101101100000000101101100100011000111010111111000010010001010001011110100011010100110010000111111000111111100011100011111100011110110000110100100111100001000010000001110001111101011001
10110000101101000000011011011010100101001111111111101110111011110110010100001011000111111011101000110111000000110100110111100010011110010110111111010000001001100111111100110110000111011011011111101011100010101001101
10011110101101111101110000010010110101011100001000001010011010010000110001101001110101000001001110100011111110110110000101001000110010110000101001010101111100110011000101110011110001110001010000100001111010001111101
11010110100100010001000101010111100101000101101010100011000011011111111111101100111100011111011100101110001010000100111101011111111000110110000011010101000110011000010101010110011101100101000101111100100011011100001
11010000110111000111111101110000101101011101000010111111111010001000010010001110100001110001000101100100100011111101100001001000101101100111010110010101011111001111110100010011000100101111101111000110101110010101111
10010110110001111110001100110110100111010001110110100011000000101101000110111000001111000101101101110001111110000101111011101110000001001100011100110101000001011000010111011000010110101010101000010000100110110000101
10111100100100001000100110011100110001010111000011101001111111100001111100101111111000010100100100011011000111010000001000100100111100011001001001100101101100000011010011111111110010101000100011111111110010000110001
10101001110110100011110111001001100100010001101001001100110001111100100001100110000011111110101110110001010010011111100010110101100111111011101011001100111101111111011000101000011010001101111110001000011011111111011
10100011000011110110010011101011111110111100111101011110010111000101101111110000101010000010000010100100011000110001111110010100110000001000111010011110000111000100001110000011000011111000010100101010111010001011001
10111011111001010011011000001010000010000110010111011011000110010000100011111011111110111011011110111111110010010101000111010110011110101110110010110011110100010110100011111111111001001101000001111010110010100001101
10001010001100011001011101111011101011110011000001000001101100111111111001100001000110101001110000110000111111010100010001110111000000100100100110111001010001110011111011000100001100011001110111000010100110111100101
10101000100111111101010001000010001011000111111011110101001101110001001100101100010100101101100111100110000001110111111100000101111111111101101100011100011111011001000001101101100111001101010001011110101110100110111
10101110110000000001000111011110111001110011001000000111011000010101100110101111110001100100101100001111111100010001000111111101000110000000100110110001010001001101011101001001001101101000010100011000100010110010001
10100011111111110111011100010100011100011010011111111100010011000100101110100100111111110110100111101100010111011101101110100000010100111110110100010101010101100101110001011011011001101111110111110010101010010111011
10111000001000110011010001110001000111011010110000010001010111111110001100110001101010000010110100001001010101000001000000110111110101100010010111010111010100101100100111001001001100001100010110010110101111010101011
10101110111010011001110111011101010011010010000110110111010101000011111001111100100000111110010001111011010001111111011110010010100100111011010001010001000110000110101110011101101001111001010011010011100001010001001
10000010011011001111000100000111111010010111101100010010010101011000000011000110101101100010111111000011010101000101010111011010001101100001011101010101010011011110100011000100100011000011011000011000111100010111101
11111111010001100001011101110000010010110011000101111011110101001111111111110000111000101000100001111010000111010000010011010010111000101111000101011101011011001100111010011110111110011111001111001101110111110110001
10000100010111111011001000111111011010011001110100001000000001011100010000111110000010101110101101100010110011011011111000010110100010101100011101011001111110011001101011001000100011000101100001101000000001100100101
10110110110010000001101110101101011011001100110101101111111111000001000110100011111110101100100101001111111001001000101011110110111110101001110001000011100011110011101001101011111010010100111100111011111011001101101
10010000011010111111001100100001000001100110011101000010000011011111111110001010010110100111101100011000011101101110101000010100001100100011100111101001001000100111001101000000001000110101101110100010001000011001001
11011111011010001100011001111011011111110111001111010110111010001000000011111011000000110001001001111011010100101100101111010101100101111110001100111101011110001101011101011111101111110100100010001111011111010011011
10010001110010100101110011000001110101010101101010011100101010100011111000100010011111111101011011000010010001101001101010000100110101100010111110000111000111111001000101111000100010000110001011111010000001010111111
11010101100111110000110111010100100000010100100000111001101011111111001101101110110010001100010011010110111111001011000000101111110001001000100111010001010100001011010001100010101000110011111000000000111011010000001
11000100101101111111100101011110101111010110110111100011100000001000011101001010111000100111010110011100101000011001111110111000011011011111110000011101110110101000011111001110111110111110001111110111100011011111011
10011110101100100000001100001010101001010100000011001110111111101010110001011000100011111101110000110001100011111100000010010011011001011000011110111001000100100011110000011010110000011000100000010010001110011000001
10110100100110001101011111101010001011010110101110011100010100101110000111011011101000110000111111110111001110111111111011110110001101000011000000100011011111101111000111110010011011110011111111011110111000110011011
10000101110011111101110000001011111000010010111000110001000001100010111101001001001010100110000001000010011000011000001000010011100111111111111111101111000011001000011100010111001000010111000001000110011011100110001
11101100011011000100010101101000100011111010011011111011011011111010001001101101011010001100111101011010110011000010101110111010110100000000001000101000011010011011111001000101101011110100010111110011000001001111101
10000111001010010111010100111110001110001011110010110001011110001011100011001001001111111110001101001110111111111111100100100010010101111111100011101111110010111010010011110001001001000110111100011001111111011010101
11010011011010110000010110100011111000100000010110011011000010101000111110011011111000100011111001100000000101000110001101101111010101000010110111000100011010110011000110011011011111011100000101001100011000011000101
10011001000000100101010010001000000010101101000011000001011000100010000000110000000010001000000011001011010000010000100100000000010000011000010000010001000010000110010000110000000000010001010001100001000011010010000
11111111111111111111111111111111111111111111111111111111111111111111111111111111111111111111111111111111111111111111111111111111111111111111111111111111111111111111111111111111111111111111111111111111111111111111111
