11111111111111111111111111111111111111111111111111111111111111111111111111111111111111111111111111111111111111111111111111111111111111111111111111111111111111111111111111111111111111111111111111111111111111111111111111111111111111
00000101000100000001100000001000000000010100010101000001010100011000110000000001010100000011000000000011010001100001000101000000000000111100011000000010000000001000000000011010000000010110000110000010100111000010101100000000000101
10110100010001111011001010101110110111000001010001101100000001001010100111110101010001110110011101110110000100110101010001101110111110011001001011110110101111101111110111001000101011010010110011011000110010011110001001111110110101
11100111111100010001111010100011100101111111000100111101111111100010001101100101000100011100110100100010111110000100011101000010001011010011101000111100101000100001000101101101111011011010111001011110011000111000100011011010110001
10001100001001010100010010111000101101000001111110010000010000101111100001001101111110111001100110111010001111111111110001011111101001000111001010000001100010111101101101001000010010010010001100010011001101100011111110010010011111
10111110101011011111010110101110001000011100000111010110110110111000111101011100000000001011110010010011100101000011010111010100001011111100011111111111001010001101001000011111110111010111101111011011101101101110000011000111000001
10001000101110001101011100100111111111010111010101010111100100010010010001010001011110111000111011011001110100011000010100010101111000101001110001100011111111101000011111010000010100010001001001001000100100000011101000010001011011
10100011100111100101000001110101000001000011010001011100001111000111011111011111110000011101101001001100110101111101110101110100010010100011100100001000110000101111110110011011000110110100011011101101110110111000101110110111110001
11111110110001110101111011000100010101101110011011011001101011111110000001010001100101000100001101100110010100001111000101000111010110101110001101111110000110001000110100110011111100111111000000100100000011100010100010011100000101
11000100011100000100011110010110110100111000111001010011111000000011111101000100111111111111100000110011000110100010011101010100010100100110101111000111111111111010100101100110001101100001011111110111111001111110111110110001111101
10010001000111111101001100110011100110000011100011010110110011111001001001011110001100000000111110111001111110111110111001010101110101110100100110010000010000001110001101001100101001001101110001010001101100000010001100100111011001
11011111110011001001100101111001101111111110101110010010100110001100011011001111100001101110110010101011011000010000100011110100110100000001111100111111000111100010100100011001101011011101000100011100100111111011101001101100010011
10010100010110011011110100001100000011000100001000111010101100101101111011100110111111100010100110101001001101010111101110000110011111111111011001101101111100111000111111110011001000010000011111000110110010001001000011001101010111
10110101010100110010110001100111111110010111111011100010000110111001000010110010000010111010101100101101100001010000100011010011000001100001000011000101000110000010010000011010011111111111110001110110011000101101111011011001000101
10100101000001110110011111110100001100110001100010101111010100100011011110011011011000100010001001100101110111011110111000011001110101001101010111110000010010111111110111001011111000001100000101100011001101111100010001001111011101
10001101111100100111000001010001100001111100001110100001110001101110001100110001111101101110101011001101000101001100011111111100011101011111010001100110110110100001000001100011000011011001101100111011100100000111010101100011011001
11100100001111101100011100011111111111010111111000001100011101001100101001110100110001100110111010011101010100011001001100000110110001000110011011001110011100001101011111001001011110010011001110001010110111101110010111111001001011
10110111100000001001000111111001100000010000001111111110111001011001101011000110000100110011110010111001011111110011101001110110100111010100110001100011001101111111010001011101010000110111011011101000100110001100111110001101101011
10000100111111111101110000001100001101011010100100000100110011000011001010010011111110111001000110001011010000000110000011000011101100010101111100111011100000100010010101000111010110100010010011001110001100100110101000100101001001
10111110000000000100111110101101111001001011110001110110011011111111101000111110000110001100010111011010000111111100101111111000001001010100010110100000111111101010110101110000010011101110110110011010111001101100100011110001011101
10100000111111110101100000100100001101101000111111010011001001000011001101100000110011111111110011001011111100001101111000101111111011011111010110110110000000101010010101100101110110001010010000110011100011000101101110111111000001
10101111110100010111001111110110101001101101100001011011101111011001100111001010011000000000111001101010000001101000010010100000001001000100010010100011111110101011010100111100100100100011010111111001001001010101000100100001111011
10100000010001000000011000010111101011001001001101010010001100011100110001111011011111111110001100001000101111101111010110110111101101101101111010111001000111101000010110001110101101111001010100101100011101110101010101101100001001
10101111011111111110111011010011001011101101011001010111101001110110011100000010000100010011101111011101100000100001110110010001101100100101000010001111010001001111110111100100101000011111010110000001110100110101110100100110101101
10100110010000100011100010011001011001001101011011000000101011000011001001111111010101011000101000000111111110111101000011010100100110110001011010100011011100011000000101110101101011010000010011011111000110010100110110110011100001
10110010110101101000111110111101001101101001001010011010001011010111101111000001011101011101101101111100000110010100011110010110101100111111001111111000000111110011111101000111001001110111111001000011101111011110000110011001111111
10111010100100001110000010000101100101001011101011111110111001010010100110011101110001000100000100101101010011000101110000111110100110100001100001101111111101000111010001011100011100100110001101110110001100000011111100111011000011
10001110001101111011111010101100111101011000101000000100011101011000110000110100000111110111110110101001011001110111000111100010110010101011001011000000011001011101000101010001111001101100111001000000100111111001100001101001101001
11100011111000110011000010101110010001001010001111110111010101110010011111100111111110010011000010001011001100111100011100001000111010101110011000011111000011011001010101010100001011001001100011011010111100011011001100101101001101
10101000011010000110011110100011000111101010100001010010000100011011000001101101010010111001111011101001100110100001110001111110011110100100111101110001111001001101011101010111100010011011001111111110010001001010011110001101100101
10111111001110101100111000111011111110001111111101011011111111010001010100101000011000001100110011001011111100101011010100000011001000101101110100000100011111100101001100010000111110110000011100000011010111100000110111011001110101
10010001100100111001101101100010101000111000000100001000000001011111010110000011001110111110010110011011000101101001010111111001111011100101100111111101000010110101100111111110000010011011110001011010010010111110010001110011000101
11000100110110100011001001001000101011100011110111101111111101000010010011111111100010100011010011011010010101001101000101011100011000110000001100001111111000110100110001000011101111010001011011001010111010000111010101000111110101
10011110010010101110011011011110001010110110010000101010000101111011111010000001111010001001010110001010110101011001011101000111001110011011111110100000010011100110011101010111000110010100001111101011101010110001010100010110000101
10111010111010100111001011010011011010100011011110100011010100001000101011111100001011011101010010101000110101111101010001010001100011001111000010111111010111001100110001010010011100111111100010001000001010111101110111111100101101
10000010001010110001101001010110001000111010001000101000011101011110001010001111011001110001011011101111100100001001011101010101001111100000011000100100010001011001111101111010110001111010111010101110101000001100100100001001101101
11111011100010011101100011010110111110100010101011101101011001001011101000100010001100000111010001111000001111100011001001011101011000111111111111110101110111001100011000110000100111010000110010100111101111011001101110100011001001
10100010111111000100111110010000010000101111101001111001110011101001001011111010100001101100010100110011111100111111101011001001010010000000000001010001100001100111010010011111101100000101100110110001000001010011101000111110011011
10101110000101101110100000110111110111101011001100110011000111101011011011010011111111001001111110000110110001100010101000011011000111111111101011000111001100110001000111000011001111101111001100111101111101010110001011110000111001
10100000110101111000110111100100010000001010011110100111101101000010010001010111000010011011000111101100000100001010101101010001111100100010001110011101011110111101111101111001011000101000011110100001000101110100111010010111101011
10111111100100000011110100101101011111111000110010101101100001111110111101010110011010110011010001111001011110101000100111010101010001101011011100110001111000100101000001011100011010001011110100101111010101000101101000110001000001
10010000101111101110000101101101000001000011111010111101001100001100100101010100111011111001011100001111011000111110110011110101000100101001011001100100110010001100011101000111110011101001000001100011010101101100001110111101111101
10110101100011001100101100000101111101011001010010110001100101100001110000010001101001011100010111100001001111110010111000010111011110101100010011001110000111111111110001101100000110001101101011111000010101001111100110001100110001
10110100101001011001100111110100001101001100000110000100111111110111010111011111001101000111110000111101100100011010101111010100010000100111110110011111111111000000100111001101011111011100111011011111110100011000110011100110100101
10100110111101001111110000110110111001011110111111111110100000100000011100010000011000010000011110100100110001001010000011010101110111101100000100110110001010011110110001011001000001000110011001010100100111111010011001111100111101
10101110010001100011100110011110100011001010000001101000110110111101001101110101001111111111001000110110011011101011011110010101010011001101111101100100100000110010011101011011111101110011001100010001101110000011001100001110001001
10001011000111111001001111000010101111100011111100100011100100101111101000000101100100100001100010000011001110001010001000110000011010011001000100001101111111111011011001000000100100011111101111000111000010111111100111100111101111
11101001011100001101100011101110100000110110000110001000001110100110001111111100110001101100001111110111100100101010111011100101010010110011110001100100000001000001010011111110101111000011001001010011111010010000110000110000100001
11001011110110100100110110100000111011100100110111111111111010110100111100000101111111100111111100010010110111101010010010001101110110000111100101110111111101111100010110110000100001111001011100011110001011011011111110011110110101
10011000100000110110010010111111101001001101100000010000100010110001100001110101000110001110001001011000010010001011010111011111000111111101001100010010100100000111010100011011110101001100010001111000100001001010000010110010010101
10110010001111100111011010000000001100011000110101010110001110100101001111000111010000111100100011011101011011011010010001110000010101000000011111011010001111110010000101001000000101100111111111100011111101101010110110110111011101
10011011011011001100001000101111111101110010011111010011100010101111011000011110011110110001111111000111001001011000111100100110110001111111000001001010100001011011101111101101111101110000001000001110001111101010010010010101010001
11001111010001011001101111101000010000010111110000011001111010100010010011010000110100010101000101110001101101001101100110110010011100100001111011101011101100001000111010001100110000111101100011011000100010101000111011000001011011
11100000010100010011001001101011011111010101000111111100001000111010111110011101110101110111010000011100101101100101110010011011000110001100011000101001111110101110010000100110011010000101001001110011111000001101100001011011011001
10111111110111111110011100001011000001110001011100000111101111110010000010110001010001100110010101001110111000110100100111010001101100111111010011101100001000101011010110110111001111110101011111000110101111111000101111001000000011
10100010000100000100110101101001111100111101000111010110101100010110111010011011000111001100111101100010001011100110001100010101100111100100010110001111101011100011010011111100011000100001110001101100000011001011100001111111111001
10001000111101110001100100111101001110001001101110010010101001010100011010110001011100011101101000111111100010101111011001111100110011001101111100111000101010110110011010000101110010111100110100001001011001101000111011000000101011
10111111100101011111001110010101100011011011100011111000001111010101110010011101111001110101001011110000101010001100001101000110111010011001100001100010100010010010110000110001000110101001100111111111011101101101101001010110100001
10110000110001000001100011010100110111011000111000111111100010000111100111000101000011010101011011000110001111100111101000010010011010110011001111001010111110111010111110010111011100100011001100000001010100101101001011011100111101
10010110011011101101110111000110100001001110101110010000111010110100001101110001011110010000011001011111111000110000101011111011010010000110011001011111100100001010100011011110001001101111011001111101010110100000011010001110001001
11000111001010001001000101110010111101100010100011000110001011100101011000011101000111010111001101010000100010011110111011001011110110111100111100000000001101100010001001001000111011000110001100001101010100101010110010100111101101
11111101101011101101010000111010000001101110001001110111101000110001010011010001010001000011111000000111101111000110010001100000000100001001100001111101111101111110101101101011101001110011101001100100010101101111100110110011001001
10011001101001000111011110101011111100100011111011011100001010011111110111010111111101110110001111101100001001110011000100111111101111100011001011000100010001000011111100111011001100111000101100110111110000111000101110111110011011
11000011001101010000011000101001100110111000001000010001101111010001100101011100000100010100100000111001111011011001110111100000111000110111111011101110110111101110000110110000011110001010100110100100011110001010001000101000111011
11110110011001110111110010101100110110101101101111010111111100000100001100000101110101011101111110010011000001001100011100001110100010111100010000001000010011101000110100100111111011101111110011101101001100100011111011101011100001
10100100111100110110100110000110010000100100111100010011000111111111101111110001010111000100110100110111101101100111000001111010001110001101011101011011011001001011100001101100000010001000110110001101100001110110000010101001101111
10001101110110010010101111010100110111101110010110111010010011000001001000011111010011010110010101110000001001110011111111100011111011100001010101110010001100011000111111101110111011011010010100101000111111011100111110001101000001
10100101000111011000101101111101100101000111000010011010111000011101111011001000011001010011000100011111111011011001100101001000010001111111010101100111101110111110011000100110010000010011000001101110101010011001100011011001111011
10110101101100011110100000100000101101010001111011001000001111110001100001101011111101111001110110110101001010011101001100011111000100000110010101001100001010010011000010110011011111110111111111111000100011010011001001010011100001
10010100101001110010110110101101101001011100001001101101111000010101001111101001100000000011000110100001011000110000011001110001111110101100110101011101111011000111111110111001000000100001000000110011101001010110011100010110001111
11011110001011000110010100100111001101000111101100100111000011000101011010001101001111111001101100001100001101100110110011011100011000101001100101000100110011110110010110001101111101101111011110100111001101010111001110110110100011
10000011101010010011010111110100011101110010000110110011101111111101010010111001011000001111000101101111100101001100100110000001001011101011110001110110010110010011000011011100010100000011010000101100011100010001111000110011111001
11111000101011011000010000000101110101100110110010000110001000000001011010001100001101100001011100111000110101011001101100111111011011001011110111000111010100111010011001000111000111111110010110100001011001111100010010011001001011
10000011101001001111111101110101010000001100110110111100111111111011001011011111111001111100000110001110010101111011100110001001010010011001100010011101010001101011111101101110010011001100110011111111110011000111011011011101100001
10111111001101101010001000011100011011111101100011100001100000110011101010000100001011000111111111100010110100001000110010101100010111011100111110111000000101001000010000101100111001101001111001010000011011010010010001110001001111
10011000011001000010101111001111001110001001001001001111001110011110001010111101100010010010000000111010100111101101111011101001010100001110000010010011111101011111011101100110001100001011101101000111001110011000110100110111011001
11000011110011011110100001100011100110101011101111011000011011001100101010100001111110111010111110010010001110100100101001001011110110100011111011010110000101010101001001110011101111111010100101011101101000111111110110010001001011
10011110000110010000111101111010110000101010000110010011110001101001111010101111000000110010010011010110111010110110001100011000110011111010010010011100110101000001100011011000000100000010001101001000100011110001100111010101100011
11010111011100110110011001001000111111101011111100110111010100100011110010001011011111100111011001000100100000010111011111111110011001000000110110110001110101101011111001011111111101111111011101100010111111000100110100011100111001
10000101001001110011110011011110001001101000001001100100000111111110100111111010010001001101011100010101111110110001000000110011001101110110110100011011010100101110001101000000010100011001010100111110110000010110011101001110011101
11110001101111011001000110001011101011001011101011101101010100010000001101100011110101101001000101011100000110111101010110000111101100010011100101001000010110001000100101101111000111001100000110101100011011111111011001100111000111
10111101100000001101010100100010100001011010001000001101011101000110100101001000010101100011110111111001110100100001010011110100100111011001001101101111010011111011101101100011110101100111110010000111001000101100010011110101110001
10000100101101111001011110111000110111010010111111111001111001111110110001011111000100110111000110001111000001101111111010000001110101011111011100100010011010001010001100101010000101110000011011110011101110100110110111010100011011
11011110100100001011000100001111110011011110110011000011000011100010100101001001111110100001011100100001111101001000110011111111100001001000010110110110111000100010100110101011011100011111010001011000100000110000100100010101111001
10000000101111011001110111011000011001000110000110011001101110001010111101101100000100101101000101111100110001011010011000000000111011101011010000100010001111111110110010101010001111000011010100011110111111100111101101110101000011
10111111100001000011010010010010111101010011010000111100100011011010011001001101011101111001010100100110100101000011001110101011100000101011011111101111100100000110111110101010100011110110010110110110000110001100001000000101011001
10100101110111111110011011000110111101111001011111111110111011011011001011011001000100000011110110001110101111111111100011101000001010101001010001100110001101110010000010101011101001100110110100010011110100111111011011111101001101
10110000010011000000111010011110011000101101001100011000001001010001101010010011110111011000100010100100101010001100111001111111111110101101010100110000111000011010111010101000101100001100100111011000010001110100011011010101100111
10011011011001111110110010111011001011100001100111000011111100011101101000110110010001001111101110110101111000100101101100000011000100100101110110011011100011110010001010111010100111100101110101001111011111000001010000000001110001
11010001001100001100100110110011100010001111110010010111000111111000101111110000110100011000000100011101010011110000000111111001010101110100000011001010001110000110111010011110111100001101000101100011010101101011111111111100111011
11011101101111100001101110000110111110111000111010111110010000001101100001011011111111110010101101110001000110011110110000101101010111010111111111101110111000111110100011000110001001111001011100111001000000101001100011001101101001
10011000100001001011001010111100000010011010000011111000111111100000111101000010001000010111111001010111011100110010011010001100010001000000100010100110001011100011101111110011101101000011010110011101101110001101001001100000001101
10110010101101011110011010011001101011010010111000110011110001110110101001010110101010110010000011010110010001111011001111100111111100011110111000110100111010001000100001011001101001011111010100110100100011101111011101101110101101
10010111111001011100110011010011101111011111110010011010010100011110001011011110101010111000111111010000110111111001100001110010001111111010000010010101100010111110110101001100001011010100010001100110110111000010010100101011111001
11010101000011001001100111000110001000011000011011010000110101000010111011001100101010001111100000011101100000110011111100011000100100000011111111010000101110100010000101011111111011010001111011001100100001111110110110100010000011
11010101011111101011110001111110111011110011010010010111100111111010100010011001100011100000001011111001101010010111000101001111110001011110101010010111100110001011101100010000001001010111010000011101110100100000100010111010111001
10010001001000001010011100001010110011000110011110110100001110001010101111010011111111001111111110001100111111000000011111101001010111110000001000110000110010101010000111110110111101010100010110110101100110001111110110011110001111
11011011100011111000111001011000100110010111000110000101111100100010100001010110110010011000001000100110100001111101110001101100000011000111101011100111111011101011011100000010001101010101110010000100110010111000000111000111100011
10001010111110011110001101000011101100110001110011111101010001111111111101010110100110111011101011110110001100011001000100100111111010011101100001111100010001001001110001111111100001010101100111011110011110000011110001110010111001
11101010001011000011100101111110001001111101011000001001010111010000001101110000001110010010101000010011100111000011011110110100001110110000111100110001010101011100011011100000111111000101001101001111000011111110111100011000011101
10101000100011111010110100010000111011000001001111101011000100000111100100011111100010110110101111011000111100011110010000100001100010110110100111100111011101000101001000101010010001111101011101100101111001011010001111001110110001
10101010110110100010010110110111110001101111100000100010011101101100110111000000110110100100100001001110000110110000111011101111110110100110001100001101011001011111100010001111010101010000011000110001101101001000100001101100100101
10101111100000001000110010100100011011001011101110111111000100100110010010010111100010001101110111101011110100100111101010101000100100110010111001111001010011001000101111111100010100010111110011100100001001100011111100001001101111
10100000101101011010011010101101001110011001001100100001110110101111011011110001111011111000010001101000010111101100001000101010101101100110110011001101000111101010111000100101111110110001100110001111011011001110000111111011000001
10111110100111110011001011101101101100111100011001101101010111101100001000010100100000000010111011001011010001001110101110101010001101111100100111100101110000111010100010110000000100011101001110111000001001101100110100010011111101
10000000111100011111101000100101100001101110110011001001000100001001101111010110101111111110011001011001011100011010101010111011011000011001101100110000000101110010101110111111110101010101011010100011111100111001100001000110000101
10111111110001000000111010110100111111100000100111111011011111011111000011010110001100001000110011001101000111110000101010001010010011000011001001110111110111000110001010000101100101110001011010111000010110100011111111101100110101
10101100010111111110011110110110011000111010110011000001000110010110011110010011011001101011100111011111010000011101100011101011110111111110011100000100011100011111111011110100001101100111000010001111000110101111100000001001100001
10001001000001000111000110000011001010010010011000011011110100110010110000111001110011001001001101000110010111000001101110101001100100001100111001011101000110111010001010010111011100101101101011100001110100101101001111111011111011
11101101111101010001110011101001101011010111011101010010000001111000100111101111000110011101011001010100111110010100111000101100101101100001110011110001110000100000100011010110010110100001101010111101010101100100011000001000001001
11001001000101110100011000111100101001010001000101111110111111101010001101000100011100110101000011110111100011110101100010001110000100111111010110100111011111110111101001010011010010111100101010001101010101110111110011011111101101
10011011101100110111001110001110101101011101110111000100011000001110111000010001111001100001101010100100001001000111001111111011111110110000010010001100000000110001001100011010011000000110101000101001010100110010000110010001001001
10110010001110010010011011011000101101000000010100010101110011100110100011111011100011101111001110001101111101101100011000010000001000010111111010111001111101100101101111111010111010110010001111111011000110011000111111000111011011
10011000101011011110110001001110001001111111110001110000100110110100110110000010001110111000011000111001000000001001110011010110101011010000011010001011100001001100100110000010101110111111011000010011011111001111100001101100010001
11001111101001000100100101100011111011001000111111100110101100110101100100111110111010000011010011100011111111111011011010011100101110010110110011101111001101011110110100111110100110100000010011000110010101100000001100100110111011
11100100101011110110001100111010101011100011100011001100100101100101101101110010100011011111110110001110000000001001000010110001101100110010010110001000011101011010110101100100110000101111110111111100110000111111111110110100100001
10110110000001010010111110010010001010001110001001111001110101001100111001011000101011010001100100111000111111011101110110100111100101111011000010111101110001110000100100110001111101100001000100000110011010110000001010110101101101
10010011111101011010100011000110111000100100111100001011000100011110000011001011101010010100001110000011100001000101100100110010110100101011111110001101011011100111101110011011000000111101011101110011010010100111100010100101111001
10111001000100011010101111111110001111101101101111101010011101111000111111101010001000110111111010111110001011101101001110011010100110101001100111101001010010001100100111001000011110101001000100011010010110110110001110101100001101
10011101010111010010100000000010100101001001000010101110110001000011100010001010111110010001100010011011101000100101011011001010101100101011001100101011010111011001110101101111110000001011110110111110110010011100101100100111100101
11001100010001110110111010111000110100011011111010001000100111101110001011100000100110111100111011010001001111101100010011100010100101101000011001100010010000001100000001001000011111111010010100000110011011011001111001110000110111
11100111111101000100001110101111110001111010000010111011101101000110111001001111110000001110001010000101011100001111111001111110110101101110110011111110111011111111111111011010111000100011010111010011011011000011000011010110010001
10110011000001011101100100000100011111000010101110011010101100010100101101111100011110101011101000111100011001100010011100000010000100100000000110110000010001100001000011011010110010101111010110011000001001111001011110000011010101
10011001011101001101110101010101000010011110100111001010100111011101100000000001000011101011001110001111110011101000110001110110111110111111111110000101000100101101101001000010000110000001010011111111101100001101000111111011111101
11011101000111100111000101111101111010110100110011100010110001110001111111111111111000100010011100100100000110001101100111010000100000001000010000101111110111101001001101111010101111111100011001000110000110100101101100000010001101
11010101010010110110011111000101001000100001111001111110010100011011000010000110101110111110111001111101110100111111001100011111111111100011000111111100010010001011011000001111101010001111111101010011010011110111000001110110100101
10000001111010000100110000010101011111110111111100000000111111001011011000110100001100010000100011000100011110000100011111000000001000101011011110000001011110101001001110100001100010111000001101011001111000010001111111100100110101
10111100101011011110011101110001001000010000110111111011101001101000011111110101100111000110101111010101000011110101110001101110100010111110001100111111001000111101100011111100111000110011100001001101101111010100001100001101110101
10000110101001000011000001011111100011011110010000101000000011001011110010000101110101111100111000010101111000011100000101000100111110010100101001110001100011110101001010000110100010100110110101101101000001011110111001011001010001
10110010001101011011111111000001101111000011000110101101110111101010011010110101000001010001110011110100001101000111111101110101100011000110111011000101111110010001011000101100101111101100000111000101011101000100100011110011011101
10011011101101110001100011110100101101111001101110101101100011001011010010011101011111000111100110010111111001110000000100110100101011110010010011011100001100110111011111101001111000001111111110011101001101110101101110110110001101
11001000100100110101001000100101100000011011111000100100110110011001000111001001000100011110101111010110001100011011110110100110101000011011110110010110101001100100010000101011100010100010001000111001100111100001100000100100101001
11011110110110011101011010001100111011110000110011110110011100111100010001101011101101111000101100010000100111110000010100101100101011010010000100110100101011110110110111101000001111111010101011100011110001001100111101101101111011
10001010010011000001001110111110011010000110011010010111000101111111110111001010000100001010100101011111110000100111010101101111101110010111011110000101100010100100110010001101011000001110101011001110100100011110000100101000011011
11100011011111111111100110100110110010110011110011000011110001011000100011101011011111100011110101000001111110111100010101101000100110110011000011011101111110001101100110100111110011011000100001011000111111111111111101101101000001
10111001000000011000110010110000100110011010000110011000111111000010101110001001000110001111000101010100110010000101111100100010110100111001101001001001000000111001001110110010000111001011111101000010001100011100010000100111011111
10011101101110110010011110011011101111010010111100111110101011111110000110111101010100111000011111010110011011110100000110101110100101101100111101011011011111100011100100100110111101100001000111111110100001001001010111110010010001
11000100111010110111001100110010001001011010001001100010000010100011101100100001111101101011110001010011000000010110110000100010001101100110000001001000010101001000101101111100011001111101010100000010111111100011000100111011010111
10010110010010100101100101100110111011001011101101001010111010001000111001101100101000001010000101110111111011010011111101110111111101001111111111101111110000011010100100001101001101000111010101111010011000111111111110001001010001
10110011010110001101110001101100100001101000100100011010110010111010011011111110000011111011010100000100001001111000011001100100100001011000000010100000011111111110110111101001100100010100010001001011010010011010100110101101011101
10100111010111111100011011001001101100101110110111110010011010100011000001100010111110000000010111111101101100101110110011001110101101000011011010111111010000000010000000100011110001110101111111100010000111000000110000101001000101
11101101010000000111001001101011101001100011100101011011001000111111110111001010100000101011111100000001001111100000100111011010100111011110011010011001000111111010110111111111011111010101000000110110111101011010011011101011010001
10000001011010110000011100101010001011111000001100010011101101100000010100011010101111111110001101111111101010001111101110010000101110001100110000110011111100010010011100001100001100000101011010000011110001110011001110001001111101
10111101001110111101110110101011101000101111111101000110101111001011011101110010100100010100100001000100100000111001101011011101100010111001111110000111000001010110110001100001100111011101110011111000010101100111100011011100110101
10001101100110000111000010101000101010100011000001111100100000011001001001000110110101000001111111010001111111101011001010001101111010010011000111011110010111110111100111111111110110000100011110001111000101001101111010001110010001
10100111110011101100011000111110101010101010011111000001111111111111100011011100010101111111110001111100001000000010011000100101000010110110010100010000110010000011001101010001010011010111010000100001111101011101000011101011011011
10110001111010001110111110100000101010101010111001011011011001100011101111011001010100000010100100101001101011111000111111110001011010100100110110110101111110111110011000000100011001110101010111101100100101110001011110001001001111
11111100101000100110011000101110111010101110101100011000010011001001000101001111110101011000001110001111001001011111111000011101001011101101100011100101000000100000110011101101001101100001010110111110101101000101001100100011100001
10000110001111110011001101100011110010100100100110110011010110011101110001100000010111111111111111101000011101010100110011001101101110000100111000001101011111101111111010101111100100101101000010100010101001101101100001110110110111
11010111100011011001100100111001100110110001110000010111010100110101000101111111000100001100001100001101110101000110000111101000100010110110011111111101001000001000110000100000111110100111111000101000100011001101111111010010010011
10010011001000011101110110001100101100100111000111110010000101100001011111000011011101011001100101111000000100010100101100001010111010100011010000001001101101101010100111111110110000110100001101101111111011011001000011011010111001
11011000011111001101010011111110101101101110010000111011110100110111001000011001001001000011110100011111010111110101101101111011100010110111011011011011100111001011101101100010000111111101100100101000110000010011011001000000101101
10010011110001111000011001100010001001001011111111100011000110010101111011111101101011111110000101000010010000000101101001001110001110011100010010001000110110011011001000001011111101000001110110101110011111111010001100011111100001
10111110000100110011111100001011111101011000001100001001111111010101000010100100111001000110111101111011111111101101001011101000111011010001110110101101110100110000011111011010100000011111010010100011000001101010111111110000101101
10011000111110000110111111111000010001011101100001101100110000010001101110001110011101010010001000010010000011001001011001100011100010010101000111111001100001100111110110001010001110111001011011111001101100101010001000111010001001
11010011110011111100011000001101010111000100111111000111100111111100001011011011001101011111101111110110111010011111001100001111001000110111110100001100111111101100010100101010111000101100001000001101001110001011100010011011111011
10000110100110000101001101101001010101110110010000011100001110000111111000000011100001000101001000010010001011000011100111111001011010110010100101100110000010101001010001101000010011100001011111100001101011011001001111110010110001
10111110001100101101100101111011110100000011010111111001111000110000011011101001111111110001011011010111101001111000110110001101011010011010001100110111101110001011000111111101010111001111011001111111001001001101111000100110000101
10101100101001111000110000011011000101111000010110001011101111111101000011001100000010111011001011000101001101001101100011100100001011011000101110110001101000111110011100001001110100011101010011000000011101100100100010101110111111
10101001101100010010111111001001101111101111010010100010000000000111101110011111111010000001101001110100011001100100111001110001101001001111101010010100001011110100110001101111000101110001000110011011110000110110001110101010110011
10001011101101000110100001101100100000100001011110101111011111110011000100110011000011011111001100011101111101001110011100100111111101101101101011011101111011000101111011000110011100110101010110111011011011100011111010001010011001
11100011001001111110001111101110111110110100010000111000010000011001010101111000011111000001011101001001001101101011001110110010000000111001001011011000100010011101100011010010110110000111010100001001000001101001000011111011011101
10111110011011100011111100001000110010100110110111110011110110111101111101010011110100010101010001011011011001100001011000011110111111110011011001001110101110110000101110011000100011011110011101111101110100111101110111000001001101
10011000111011001000011001111010011010111100100100000110000110001101100001000111000101111101011011000000011011001101001011001100110001100110001101100100101100000110100110111111101001110000110000110100010110011001000000011101011001
10110011110001011101001011100011010010000101101101111111110010111001001111110100010111000101001001111111001001011001101111100101100100001111100001110110100110111110110011110011001100100110010111100111010111001101101111110001000011
10010110000101001001100010001111000111110101001001000000011010001011011000100001110110010001101011000001111101011100100100110101001111011010111100010011110100100010011000011010011110001110110100001101010011100101001000100111111011
10110111101101101011111110111001110000010101011100011111010010101011000010101111000000110111001010011100001001000110110110100100011001000010000110111000010101101011001111011010110011011000100101100001011010110101101101101100001001
10000000111111101000010000101100111111010111010110110000011111101001101110111001111111100100011110110111100011010011100110001110110011011110110000001101010111001001100101001010011010001111101100111101010000010101000100000110101101
10111110010100001111110111100001100001010110010100010111110000101100100110001100110000101101110000100000111111011001001100111010000110001000011111111101010010011100110001101011010000111100000110000111011111010001010101011100100101
11100011000001111000110100111101101100010000110001110110000110001110110011101110000110101101010101101011110001010011011001110000111110101011110000011001011000111110011011001000010111100001111100110001010001011111110111000001110101
10001001111101100010000110000101000111111111110111010010111111101010111000100011101100000100011101001000000111010111010011000101100010100000111011000011011111101011001010011111110001001111100001111011011011011000100011111111000101
10111100101000101111111111010101011100000000010000011010000110001010101110111000111101111101000101011101111100010001000111011111001011111110011011111111001000001001101110110000111011011000110111100001001011010010111010000011110101
10010110100010100011000010010001000110110111011101111010110010111010000110001110011000001111110101000101000001110111111100001100011000000111001010000101101110101100100000100110010001001110000000111011101010000110011010111001100101
11010010110111111010011011011111110010011101010001000010111010010011110010100011001111100110010101101100011111010000101001111001111111110011101000110100001000100001111111110011000111100011110111100010001010110011000010001101001101
10010110010100011000110011001100011011001001010111011111100011011000011011111111101000110010110001000111111010011110100011010011000000111001101111100101111101111100100000111011101110001000011100001110111010011111111110100111011001
10110011011101001111111001100101000011101011010001000001001110001110111001010001001010011000111111110001100010110110001111010111011011101011000010001100110000000110001111101010001000111111001101101100101000110001100011110100001011
10111001000101100001101100110001111110001001011111101101100100100000001100000101011010111110100000011100001000100011111000010001001000001001011010101110011101010011111000000010111011110001101001000101100011100100101000000101101001
10001101110101110100000110100111000000111011010000111001110111111111011111111101010010101000101011001111111110101000001101111101111011011101001110111011000111011010000011011011100001100101000011111101001110001110111011011100111011
11011000110100011111101100110001010110100001000110011011000100000110010000010001010110001101101001100100001000111011101100000100001110010001011000110001110001110010111110001111001111001101111111000101101100111010011011000110100001
10001011100101011000000110011101010010111011111111000010010101110100110111010111010011100111001100110101100011100010000110101111100111000111010011100100111100010110000011100100011010011100000100010001001001101011001001010000101111
11101000101111001111110011000101011011100010001001111111110100100101100110010010011000110001101110010101111110001111110011100110110001110101010110101101101111000011111010110001010010110111110001111101111011000001101111111111101001
11001010100001100000011011010101001011001000101100011000100101101101101100111011011110011011001011010100011000101001011001110100011100010001110010001000100001101110100010111111111010100000011111000101000001101111100001000001101101
10011010111100111110110001010101011010011111100101000010110000101100100101110001000011010011011001011110110011101100011100110001000111011100111011011110111100100100101110001010110010111010111010011101010101001000110100010100100101
10111010000001100010011101110101110010110100110111101110011010100111110100011101101010010110010011000010010110001001000110010111010001000110000010010000000001110101101011011000000110010010000011010001011100011010011111111110110101
10010011111100001011001000000101100110000101110000101011001110110011010111010100101110110000111001111011011110111101110011010011111101101111111111011111111101010100100011000011010011011111011000010111001101110011000100011000110101
11011111000111111011101111111100101110110101011010001001100011111010010001000110101000011111111100011001001000100101010110011000000111100110001000000110000100010101111001101110010110000101001111010001100111000111110101001010010101
10001000010001100000001000000110001000100100000011111100111000100000111101011100101011110000110001010011101101110101010111010011110010110000101110110011110001010100101100100011010011010001100011110100110010011111000101100011110101
10101011111100111111111010101111111111101101011111000101101110111101110001011001101001010110000101010110101001000000010010010111011000011111100010011000100101110110000110110110011001111101101000111110011010110110011101001011000101
11100010101110011011010010111000100000100101111000010101000110100001011011000011001101000011111101110010101011111111011000110100001111000101111011001110101111100000101100010100111100100100111010011011001010010010110001011110011101
11001110000011001001000110110010101010110100110010110100010000110111000011111111100101111010001100011000001010100010001011100001100110010101001011100110100110001010100111011101101110001110001111001010011011011000011101001100110101
10011000111001101100011110000110001010000111100110110110111111110010011110000001101100011010100110111111111000001011111010111111001100110000011000110100111100111111101101001101000111101111100111101000110001001011110001101001100001
10111111100011001101110011111111111011111100001110100100101001000110111010110111000111010000101100100000011111111000001010001100011001111101001110100101100001100000100001100101110000100110110011000011100101101001100111001011001011
10101000110111101001011000000000001000010001111100101110001100010110100000100010011100011111111001101011000100011111101010101001110011000001101000101101001111001110101100110100110110110010011001101111001111001100101101011011111001
10100010110001001011000010101111111011000111000111101011100001111100101111111010110001110001000011001001110001000000001010100011000111011111111011111001011000011000100110110110011100011010111100101000011000011110001001011010001101
10001110000111011001101111111000010001111100010100001001111100110001101011000000100111000101101001101100111111111111111010111110011101000011000010001100001101110010110011100011000111001000110110111011111101001011111100010010100001
11111011101100011100101000000011011100010001110101011101000101100111001001011111101101010100101101000110100000010001011010000010110001011001110110100111111001010111111001101110010010011110000010000010110001100011000101110110111011
10010001001001110110101011011111001111011011100101110001010001001100011100001000001000010110000111010100101101000101000011111110100100001111000110110000000011010001101100101100111010110110101111111110100100111001010100010110100001
11000100011011000110101001110001101001010010110101100100010111011101110001011011111011010011011110011101111001101111011110000000101111101000010010011111111110011100100001100101110010000010111000010000101110011011010111010000101111
10011111110010011100101100100100101100000110010100110110111110010001000101110011010001111001110000110001000011101000011000111111100101111011111111010011000111000110111100110101010111011000110011000101101011001110010001111111100101
10110001100111000101101110101111101111111111000110011100001010110111111100100110010100011101000111110111011111001011110010010001110001000011000101011010010001010110000110100100010001110011100111101100100001100110111101000000110001
10000101001101010101100010100000100010000010010011001001011000110100001111101100110110110101011100010010010001101000111111000100011101011110010100010000111111010011110110101111011100011010101111000110111100110010010001011110011011
11111101011000010100101010110110111011111000111111101011010011100101100000001001100010010001000110111010110100001101100001111101010101010000110001110101110000011011010011101101001111001010100110011100011001111111010111010011000001
10100001010011110110111010010100001000010010001000001001110110101101111111111101001011011111101100011010111111011100001101000101010001010111111111011100011011111000011001100101011001101000110100111001110011001000010010010111111111
10001111011110000110011011010101111111010111111011111100110010001001001010001100011110000010100110110010000001000111111100010111010111010100100000000101110010101101011100110101010011101111100101100011100110011011110110110001100001
10111000010000110011000001011100010001011101000010000110011010111011011000100101110111111000110010100110111101111101010111110010010101010110001111010001000110001001000110000101010111001000101101001000101110111000010000100101001101
11110011111011111111101101001001000101000001011110101111011010001011010011110101000100010010111010101100110100011000010000111000110001010011101000011111011100101011011111111101010100011010101001111110100010001101111111101111011101
10000110101010000001100111101011101111110101000110101010010010101001010110000100011101010110011000101110000111000011010110001111111101011000101010110001010001101001110001000001010101111010101011000011111000111100100001100100011001
11011100000010111100110010001001101000011101010100100000110111101101010100101110110001011111001110100011110011110110010011100100001101011110111010010100010111111011100101011100010100100010001010011010001110010110001100110001010011
10001101111000100110000110111101001011011001010101111111100101100101010101111000010111001101100000101000011000100110111000110101011001000100100011010111110000011000001101000111110110001011111010110010100011000011111110100111110111
11101000001111101111110100100101011010001011110100000110001100101101000100100011110001100001001101111101011110101100101110010001001011110001101111110101100101001111111101110001100011111010001010010110110110011010000010101100000111
10001111100110101000011101110001001011101000010111101100111110001001011101101111011101111101100111000101000100101001100011011111101000111111100001000101001101100001000100011100111000001110100011010010110011110000111010111001110011
10111000110100001011000100011111011010101111010000100101100110101011001001101010011001000100111100010111010101101101001011010110001101100000101100010100011001001100010111000110010011100110110110011010011001100111101010001100011001
10000010100001011011101111000010010010000000010110111101101100101011101011000000110011011110001001110011010111001000011110010100100100111110101111111111111011011111110010010011000110110010111100111011011101001110001011100111001101
11101110101111110010100001111010110111111111110010000100101001101010111000011011100111000111100011011001010010011110110000110101111110000110101000101100001111000100011010111011111100010110100001100001000101011011101001110110011101
11001010111000100110110101100010010000100000011011110110100011101000001101111110001101010000111110001101111011001000100111110100000111110010001010000101100110011101011010001110100001010010101111101111011101010001101100010010111001
10011010001010001100010101001111011110101101111011000110101111001111100111000000111001011010000000101100011001101101101100010111110000011010111110110001110000110001010011100000101101010110000000101100001001010100101101111010100011
10110011011011111111010111011000000010100100001010010100100100011010110001101111101100001011111011100111001101000111000101000001011101110010000010010100011111111011011111001101100111000010101111101001111011011110000000101010110111
10000110010010010000010011011110101110110110111010111101111101000000111100001000000110111010010001111101101101110001110101110100010100010111111011110101001000110010000001011001110011111111111000100011000011001011111110101000100001
11011100110110110110111000010000100100100010000010001101011001111010000101111111110100001011000100100001101001100100000100011111000111010100001000111111101010011011111101111100011000110000110010111110011001100000011000001111111101
10010001110100010100101111111101110101110110101111101001000011101011111111000100000101011010010110101011001011001111110101001000010100010001101110000010001011000010000100110001000011100110000110000110111100111111001111111000110001
11110101100111000101100000110001000101100011101000101011110110101010000010010001110111110010110011101011011011100110011111101011111101011111000010111000101011111111110110100101111110001111111111110010000110100001101100000010011011
10000100101110011100001101100111011101001001111010100000000110000010111000111111000010000111111110001010010000110011001010001110000101110101111011100011111010000110000010111101100000111000000101011010110011101101000001101010110001
10111110100011111001011100001110010001011100110010110111111100101110101101100001111000110011000011011010111110011011100000101000110001100000001000101010001000110011011010001100101110100010110000011010111011001001011111101111100111
10101000111000110011010111011011010111111001100110010100011001101000100101001011100010011010011001011010100011010010101011111011111111001010111110111110101010011011001111100101100011110110100110110010001110011011110000101000001101
10100010011110100110000110010010010000100011001111011101001111111011101100011000111011001110111100001010001011010110001000011000000011011110110000100000101011001001100000110111001000011100101100100110101000110000000110001011111001
10111111001000101111111100111010111110101001011101010001100010100010000111111110001001111000100111111011111010010111111101001111111001001100100111101111101001111100101101110010011111001101101111101100101011111111110011111010001101
10000001111011111110000001101010010010111111011001000111111010001110110001011011101111100011101100001000110000110001000111101000101101101001101110000001101111000110101000011011000011101001001000000111101001111000110110001011011001
10111100011010001100111111000011000110100000000011111110101000111100111100010000100010001111000111101110000111111101010000001010100101101011000011111101000011010100101011110001111110001101011011111100001100110010011100100011010011
10000101000000100001100000011000010010001010101000000000001010000001100001000110101000100000010000000010101100000000011010100010001100001000011000000001011000010001101000000100000000101001000000000001100110000111000001101000000110
11111111111111111111111111111111111111111111111111111111111111111111111111111111111111111111111111111111111111111111111111111111111111111111111111111111111111111111111111111111111111111111111111111111111111111111111111111111111111
