1111111111111111111111111111111111111111111111111111111111111111111111111111111111111111111111111111111111111111111111111111111111111111111111111111111111111111111111111111111111111111111111111111111111111111111111111111
0010000000000011000000001100100000000110000001000000110000100000011000011000100000000000001000001100010001100001000000010110000110100110000000010000100001110000011000000011000110000101100000010101010100010100010001100001
1011010101011010010111100110001110111100111101011110100110111011001101000010111111101011101111101001011101001100011111010000110000001100111101000110001100100111010011101001110100110000001110110000000101000101010100111101
1001111111011000110100110111100110100001100100011010001100000011100111101010011000111010101000001011000100011111010001000111111101111001110101111111011110001101011000111100000110010101011000100101101101101101010110011001
1101000011001111100101100000110010001111101111110011011001011110110001001111010010011010001011101011110111000001110101011110000100000011000100001011001011111101001010010110110011111111011101101111101000100001000011000011
1000011001100000110100111110111011111010000011000111011111110000111101100101010111000010111001001010100001011111000101000011010111110111101111100010011000010001101011000110011000100011001100100100001011111101111111110111
1111111100111101100101100010100001001000111010010001001100010110010001110001000011111010011101011010001101110000011101111000010100011110001100101011110011011011101011010011011110001001100110110101101001100111000010100011
1010001110001111001100001010110101101010001011111011100001010011010111011101111110001011001001001011011100000111111000001111110101001100101001111010000111001000101110011110010111111100110010000101001100110010011010001001
1010100111100110011111011010011101100010101011000010101111011001010000000101000010101111101011101001110111111101001111100100110101101001100011010010111101101110100010111000110000101110111010111101011110111000111010111101
1000110000101100110000011011011000101111101000011000111100011101111111110100010110100110001011001100100001000000011001110110010101001011001111000110100001001000111010001011111110100010100011100001001010000011100010010001
1011111101100001100111110001001110111000001111010010011001110000000011000101010000110010111010011110111100010111001100010011010001011001011000010010101101011101100010111001000000101000101110001111100011111110001111010101
1010000101111111110100010111100110000011100110011111110011011110101001011101111111111010110010110110001001110101101110111010011111011101111010111110100111010101101110011101101111101111100110111010001001000010111001011101
1011011100001101000111000100110011111110110011011000000110000011101111010000100100001010011010000100101101100100100110010010110010010000010011100000110010010001001011001101100000001001101100100000111111011000100011001101
1011000111100100011110011110011010001000011001110011111100101000100001011110110001011011000011110111100100101101110010110110111000111111010111001111100110110111011011100100111111011011001001101111100001011111101001100111
1001110000110001111000110000111011100011001100110110110001101110111101000010011011001001111110010000110110100100111010010010010011100010010101011100001110110011011000110110010001001010011011101101001011001000001011110011
1100010101111011101011110110001000110111111001100110100111101000011001111011001111101100000111011110000100110110100000111011000110101000110001000110100010011000001110011100110101100011001000101001011001101101111000011001
1001000111000010001010000111011110100100000011001100101110101111010011001001100101001111110100000111111101110010001111110011011100001111111011110000101111001111100011001001100100111001101110100011011100100100110011111101
1011111110011110111010111100001100101101111110011001101100100110000110011101110100011000100101110001100100011010101100000110001101011100001001011110100101100010111011100011001110001100100010111001001110110111100110000101
1010100010110000010000100001100110100101101000111100100001110010111110110001010001001010101101100100001111010010111001111111100101001001101100000011110000111010011000110110011110100110111110011101100010010011001111010101
1010001000100111110111111111111100110000001011110101111100011011100010100111011111100010100111001111011110010110010011101010110111100011000111101001111010001011001110110000110100110010000011001111110110111000011000010001
1110111111110000110010000100000101100111101010000100000001010010001000101101000001111110110001011001001100110100110110000010010000110110010011001100100011111011100010010111110001111011111011100001010010011111011111011101
1000100100100110000110110001110000110101111010110111111111110110111110100101010111001000010101001011101001110110100100111010111110011100111110011111101110000010101111010110011011100010100010001100011011000100010000010101
1011110001101111111100011111011111100001000010100001100001000110100010110101010000011011111101100010100011010010101101110010000011000001100000110010000100111110001101010011001111001110101111011110110011110001110111110101
1000011011100110011001110000000000101101011110111100001100010100101010000100010110111010001101111010111111011011100101000110110111111101101010010110111101100010100001011001101000011000100110010010000110011111000100010001
1101111000110100110011011101101110101111010000101110111111110101101111111111110100100010101001001000010100001001110001011110011100000100101111010000110101101010111011011100001011111010101100110111111110110110011101110111
1000010010010001110110001000100010100110010101101010010000111101000011000000011101101110100011011111000001101101011111010011001001110110100101110111100100001010011110010111101001010010100101110001000010100100110000000101
1011011011011101010110101011111011110010110101100010110110001001011000010111001000000100111110000001111100111000000101011001100011010100110001000000001101111011010000110001111101000110110100010100011010001101110111111101
1011001110001001000100100000011000011010011100110110100111100011111111010101101111110101110111111100001001100011110101011100110110010001111011011101111100001011010111100100010001101100110111010111110000100101100011010101
1001100100100011011111111101001101111011001110110000101100111110000110010101100100011101010000000101100011001110000101001110000000110111011001001111000111111010010101001111010111001001100110010001011110111101001110000101
1101110111101111011000011001100101100001100110011110100110000011010011010100110001001001000110110101111110011010111101011011111110110000010011100110010000110010110001011100010100011011101100111101010000010001011010110001
1000010000101001000011001111110100001101110011001100110100111000011001110110011111101101111100100111000011011010010001010000001100011111110111101100111110010110011101010110110101011000101001100001000111110111010000011101
1111011110100011111111100011010111111100011001101001100110101111111100010011001011000100000110110010011000010011010101000111100111001100000101001001100011010111000100010010100111010011101011001011011100010010011111010101
1000000010111110000000111000011100000111111101001100110100100010000111011001100001110101101110011000111111110111000101111101110101101001010001011011101110010100010111111010001110010110001010011110010001011011000010010101
1101110110100000111010011101000001110010000101100111100101101000110100001101001100100101100011001110110000100001011101100001000100001011111101001000101000110101010001101011111010111100111000110100110111001001111000110101
1001011100101110011011001111111111011000110001110000001101001111100101111001100110001100101011101011100110101101001111001011011101111010101101101110101011100111010100100000010000000001101111110001100001101100001110100001
1011001001100011001001100110101000001111111111000111111101101000101100100011001111101111111001101001001100101001100100011001000101000010001001001010100001001110010110101011010111111111000000011011001101000111100011111011
1010011011111011101111110000100011111011010001101110010101000010111110101111011000100100011100101100011001101011110101110011110111011110101011011010111100011010111100111110010010010000010101001001100101010100110110001111
1000110010000001001000011111101000000001000101001000110001101110000010101000010010110001001110100110111100001000010100110110010011011000111010001010010111110000011001100000111010110111110111101100110101110110010100100101
1011100110111101011011011000001111111100011111011011100101000011011110101011110110111111100110110011100111111101110110100011011001001110000010100011010010000111010011001111100010100001000110100110011100100110110001110001
1110001110101111001001000011111000000101000001001000101101111111000100001011010110011000110010011000001100010100000010101000001101100111111010110110011000111110010111101100001110001011011100110011000110101100011111011101
1100101100100010011101111110100011010111111011101101100100100010010001101001010011000010011000110010111101000111011110101111011001110000001110011100110011100100110110001001111000111110011001111011010100100001010010001101
1001100101110110111001000000001110010010000010100101110110001010111111001100011001111111011110100110000101110001000110100001110011011101100100110001100110001101100000101011101011110000110011001001110001111111000110100001
1011111100000010101011101111111000111010111000110100000111111011100001111111011100001101000011111111101100011101110100111011100110000111110001100111101111011000111111101010001000010111100111101100011111000001010010111111
1010001111111010100011000010010011110010110010010110111100010001110100010100000110111001111000100001000101000100010101110000101100110001100101001100100110011011100011001010101111110100110000000111000010010101110110100011
1010100000010010001110011000110110011010011111010010011001011100100111000111110010010011101110101101101111110111011100100110100110011101001101011001110011001010001001111010100110000101100101111101111010110101100100101001
1000110110110111111011111110100011001011000001011011001011001110001101110000111111010110100010000100100010000101001110101100110011011001111111001101011001101000101100011010110000111100001100000100110010100100110101101101
1011110110010100000000000011101111101011101101010011111011100011011000111110000001010010001111111110101000111101100010101001111000010011100010011100011101001111111111001000111111110001111111110001100111101110010100001001
1001010011010111111011011000101010000010111001110110100010111010000010100111111100011010100000000110101111100001111000101100001111110110001010111001000100011000110001101111100001100111000010011011101111000111011111111011
1100011001010010001110011110101010111110011101100100001110000010101110001100000111110000111111101100100100101100001111100110100010010010101000101011101111011011100101100001111011001100011000111000100010011101000001000011
1111011101111000100111000010001010110011001101001101111010111111111011100101110100011010011011001001110110000101100010110011111000111010111111100011000101010011001100001100100001011101111111101010111010110101111101011001
1110010100101110110100011011111000010111100100011000010000100000001000110101010001001111000010011011010100101111001000011000011111101000110000110110010101000110011111111110001101000100010001101011110010110100000101001101
1100110110000011110111111010101111000110110111111111011101101111101110010001011111100111111110110001010111100110011101001011000000001111100110000010110101101110110100010111111101110101000100101001000110010101110001011101
1001100111011001100100001010000101110010110100000001000100101000101100111101001010110010000100111101000001111100110101111111011110111010111111111011100000100100100001010100010001000111011110001101011111010001011111000101
1101110001001100110001101010110000011010100001111101010110001010000101110001100000111010110001100001011100100001100001000001110000110010000000001001101011110101101011000101000111011110011011101100010000010111010001110101
1001011011011110011111100010110111111000101111010101010011111110110100000100110101100010111011001111010110001100111111011100011010010110101110101100111110000100101001110101111101000011000010100111110111010100000100000101
1011000001000011001000111110010000101110001100000101111001000011110111111111100100001110100010011000010011111110110000010111000011000100100111101110100000111110101100010101010001111001111000110001010001110111101101101101
1001111011101001111010000111011110001011111001010100111100011000010110000011001101111000101110111101111001100011100111110011111111110101110011000100101111110000100111011100000100011100101110110101000100100011000111001001
1101100011001011100010110001000010100011001011110110011001111111010000111001111101101010100010101000011101001001001101010110001101010100011001010001101000010111110101001111111110110110100000100111011110111001110011011101
1000001001011110001110011111111011111001100010100011001011100001011111101100001000001011111010001101001001011100011001000000100101000111001101011011101011000100110001100100000010010010111010101100000010001100011110010101
1111111101000110111011001100001001001100110110001001101000001101000001101111101111100010001010100111100011000111111100011101110100011101101001001110001001111110010100110001101111010110001110100001110111011111000100110101
1000010001110100100011100001101101101110010111101100101111111001111100100000100001110110101110110010111011101100001101110100111101111000101011111000111100110111010111111011000110000111100011111111000011000001110001100101
1011000111010001101001111111101100001011000011000111101000010011000110111101111101011100100100011010001010001001100000000110000101101010101010000011101110010000010010001110010011110100111000100001011001111100011111110101
1001111100011111111101010000100111100011111001010011001101010111010010000100001101000001110111001000101110111011111111111100110100001010001010111111000111011101111010100100111001100110001110110101111100100111001000010101
1100110001010100110001000110110001110110001101011001011001000110011011110110100100011111000100011111100010100001000010001001100111011011111000100001010001001100101010110101101101001111011000010100010110110001101101000101
1110010111000110100101110110011011000010101001001111010011111100110000010011110111110100011111000000111010110100010110101111110001010010011111101101111101100110000010010111100000011000001101000111000010000111101101110101
1011000101010000001101100010111010010110101101101000010110010110011110111000110010000101110001111110010010011111010010101000100100010111010110000100010000110011011110110001001111110011100111111101111011010100001001010101
1001111101111111111100111010001000111100100001101011110111000011000110001110011000101100000100000111010111010001111010100010111111010000010000110111000110011001010010011101011100011010110011001000001011011101011011000101
1100001100110000010110011111011111110001111111001001000011101011011100101011001110100111111101110101010011000100001110111110000110011111010111110001010011111101000111000101000111001010011001101010111001110001110001010101
1110100110100101000011010100010001000111000001101101101110001001010001100011100010110000000111010100011010011111011100100011110011000010010010011101011010000101110100011101110001100011001100100010001100110111100101111101
1000110010101111101001000001000111011110011100111101000000111101110111111010111011110111010010010111110010110001001001101010011001110110111011000101111110101100011101110001011101101110011110110111100110010011001101000001
1010111010001100001111111111011100010000110110000001011111100000100101010000011000011100011000110001000110010101100011001000111100011100011010010100100100100111001000100111011000101000111010011100001111011001011100011111
1010011110111001101100011001001110110111100011111111010000111110110100000101001011001110110011111100011111010100111111101111101111001001110011011110001101110001011011101100010010101011110011001001011010001101010111110101
1011001000001011001001000011101000100100001000000110010110100010000101111111111111100100010110000111111001010110001000001100000101100011011000011011100001010101001010101111000110001001100111100011110000111001000110010001
1001101011111001111011101111001010101110111111111100110100001011010100000110000010110111010110110001000011010110111011101001110000111110001111000001111100010111100000100011101111111101001110111001100111110011110011000111
1011101001011100110010100100011011101000011000100001100111111001111111101100111010110001011100111100010111010100100010101011100110010100100101101111000111110000111111111000111101100000011000011101001100000110011011010001
1110001101001110010110001101111001101101010010001111101100001101100001111001100010100101001101100101110010010101101110100010101111110001110001000100010000011010000001101110000100111011000011110001011101111100111001011011
1000111001100111000100101101001100001001010111111100001001100100001101000011110110001101100000110100011010110100000000111110100001100101111011011101111111001110110100000011110110011011111111000111010100011001101101001001
1011110011110011111101111001011111111111000110000001111011001111111001011110100100111001001111100111011010111111011110101000110100001100101001001001010101100111100111011000100011000010001000011101010001001100101001111011
1000100111011000000101010011001000010001111100101111011110011000000011001000110110011101101000001101001110000001011000001110011111111110001101011011000000110000111110011110101111101010100011110001011111101110001011000001
1101101110001111101100010111101011000100010001111010001000110011111111100010010011001101001101100101100111111101001111100111010000010011100100010011011101111010000000110000100101101010111110000101000011000011101001101101
1001001010100000101111010101100001110111010111110010100011110111000011111111011010011001011001110101110000011001101000110011010111011000111111110110000100000011111111110111110001001010100000111101111010011000101011001001
1101011000111110101001000100001111000100010010100110110111000100011001010000010010110011000011010101011111001011111010111010010010000010011000010011110111111111000001000010011101011010111011100000010010111110101000011101
1001001110100010001011111101111000011110111010001100010000011101001100000111110111100111111110010001010001101011010010010000111011111111010011000110010010000001011101101000110001001010001001001011110110010100101111110001
1011100010101011100011000101000011110010001010111001111111110111101110111110110010001100000111011101000111001001000111010110010010000001010111111100111010111101000100111111111011101011101101111000100111000101100011000101
1000111000101000111001010111011110111011100010010011000000000010100010000010011000101001010000011001011100011100010100010011010111111101010001100001110010101001110110010000100010001000101000001110101101111100101001011101
1010001111111101101101010100010000010001111111010110011111101000111011111011001111111011111101110011010001000111111110111001110100001101011100101100010110101011010011010110111011011101101110101100101000000110111100010111
1010100110000001100001010001111111000101000011010111110001101010001111000001101000010010000101100110010111111110101100001100110101100100001110101001110110001010011010000100001001000111000010100101101011010110001101110011
1010110011010111001111011111100011110100011001010101000100001111100110011111000011000110110101001100110000100000100111101110100100110110101000101011100100101000111011111111101101011110011011110101001001010011011001011001
1011111010010010011010000110001000100111111101000100011110111000110000110001101011011100110101011110011110101010110010101000101110010011101110101011001101111101110010000000101101001100111001000101011011011001001011011101
1000101110111010110010110100111010110000110001011110110000011010011111110100111110011001100001011011000010001010111000101111100011011000101000101000011111010001100111011101101001101001101100011101001110011101101001010001
1010000110110010011000010001110010011110011011000010111101010011001100010110011100110011001101000000010111111010100010100000111000001110100011101111111000010111001101000100000011000011101111110101100110110100101100011101
1011110000010111001101111111100111000011001001111010000111110111100001011111001001100111011111111111110100010010110111111110001101100010111110100100000011010001011101101111110111110110100000000101110010100110101111011001
1011011111110001101000100001001101011001011100001011010001100010111111001001100011001110010000010100010101000110110011000111100111111010110000110101111110011011010100100110011100011110001101010101011010110110001001001011
1000001100011101001011101101111101001101000110101001110100001110000011100011001001011100110111000001000101111100011010010000110010001010011010110100010110111010010001110100110001001000111101110100001010010011111011101001
1111101001001101011111001000010001011101011100101100111111111100111010001001111111011001100101111111111100011001000000111111111010101011001110000101010100001010110101100001110111101101100100100111011011011000100001101101
1001001011011001000110011111011011001001001101111110101000100001101011101100000010001101001100010011000111010011111110101000011010100011100100111111010101100010111101001111000110001001110110101101001001010010001100101001
1100011010001011110100110011010011101011100100001000100010001111101000101111111010100101011101010110010001010110010100100011010010111110110101110100010100111110000100011100011100111011010010111001101100010111011110101011
1001111010101010110001100110010110001000110101011011101110111000001110100101100010110101001001010100111101011100110001101111000110000000100100000001110101100011110111110001111001110001000110000011101111110110001010100001
1011100011111000011111101100110000111110011101001010100011100010101010110101001110110101100011000110100001001101100100100101111111111111101110111111010001001000100000111011100011011101010111011111000010000011101010111101
1010001110001011010000100001110111110011000111101000101000111010100010100101011011100100111111110011101101100101001101110100000111000010001100010001000101011110111010010010101110000001011101000101011010111110101000011001
1011011100101110010110001111010010011001010011001110111110001110110110101101010000001110000010011001001000110100011000010001110010011010111001110101101111010010001011010110100110101111011001110001001110100000101101010011
1001000101100000110111111000011011000011111010011010000100100010110100101001011110111011011000111101011110010111011111111111011000111010011111100100100010011011101001010110110011100001010011011101100100111010100111110111
1101110100110101100100001011001011101001100010111011110101111010011101101011000010100000001110110001000011010001001100000100001111101011000000101110111010111000101111010010111001110100010111010000101101100010110011100001
1000110110010111001101100001101001001101001110101010100101000011000100100001111010111110100111100111111001110101100101101101100000001001111101101110100010001101100000011010001100011111010001010110100100001010011001001101
1110010011011110011101111111111100011001011000001000001111011111110110111100100010000011110100001100001100011100111100101000111011111100001100000100101111101001111111001010100111000101010100010110110111111111011100011101
1011010111000000110100011000110001010011010011101011111000010100000110101110101111011000111101111001100101001110001110100011101001000111100111010101111101101100001011011011110101110101010111010011100001100101000111111001
1010010001111111110001000010100101111110011011001000101011010001110100100000100001001110000101101100110111101011101000111110001100010000110001110100001001001001100010001011000001010101000100011001101100110001010011001101
1010111101011000000101111110001101100000110001011110100001011011000101110101111101100111110100100110010000001000100011110000101111111101111100100101100011011011111000111000010100010101110111111100111110011011111001100111
1010000001010011011100100011011111001111100111000010110101110010011100011100011001110001000110101111011111101011111110010101100001101001010110111111001111010000001111101111111110110100000010001110011011001000111101110011
1011111100011110001101101001110100011000101101110110010101100110110111001111110011011011010010001111010000101000000111010101111111001011000010011000011000011111100010101100001000100101110110100111001001100010010001011001
1010101111000011100111001100100001001101101001010011011101001100100011100010000110000001011111100110011110101101111100010100001000011000010111010011111011110010111000001001011011101101100010110001100011111111010111011101
1000000001111001110100011110001101111100101100011000010001011101101000111000111111110111000010110100111000101000100001000111101010111111110001000110001010011000001111011011010010100111001110011100110110000110010011001101
1011111101101101000101010111101111000110000001001111111011001000101111101111100000010001111000010001101011101011101111111100100010000000010111110100100011000010100001001001000110110001100011010110100010110000111001101001
1000000101001001101101110001111000010011111111101101000001101010001000001010001111011100100011011111000001101000001000000001111111111111010000000101101111111010111101101101111110011100111010010010110110111111101100001011
1111111100011011000100000100010011111000011000100000011111001111111011100011100011001110101001110000010100001011111110101101000000001000011111111100111000001010011000100101100100110110011010110110100110000101100101101011
1000010001111011010101111101010110001111001110111111110101011000110010001001101001100111101101100111111111111001000100100111011110101011010100001101110011101011010011110100110001100011010010000010110011110100001111001001
1101011011100010011111000111010010100001100110000000010001000010100110111100111100110101001001001101101000101100010110101110011010111011010001100100000110101110011000110110010111110110010110111110011000100111011010011101
1001001000101110110001010110011011111100110011011110110100010110001100100110011110100000011011011100000010001111110100100010110010001001110100111111111100100011001111100011010000000100111100100011011010001100011000110101
1011101101101000010100010100111010000001111001001000100111111100111001101111001100111111010001000110101110111000110110111000000111011101100110010000000101111001100000001011011011011101101001101001001011111001110011100001
1011000000101101010111110101110011011100001101101011101100001001100011000001100101110001111111110000111010010010010100001111110011010100001110110110111100001101111101111110010010001100100011001101101001001100110110111011
1010011111100111110100100100000110000111111100101110000110101111001111010111110001100100011000111111110011011011010111101000011001000111111100100010001001011001000100100100111010100110001111011100101101011110100100010001
1011110000110001000110101111010110101100000110101000111100100000011010010000011011001110110010000000100111001010010000111010110011010011000101101111100011001101010110001101101011111111111001000110101001000000101101000101
1000000110011101101100100001110011100110110010100010010001111111010010111111000010011100100111110110101101101010111010011010100110011001010001000000101001100100010010101001001000001101000011110100001101011101100111011101
1111101100111000000110111100011010001100111010101111110111010000011010000001011110110101101101000100001000001010001111000010111100111101011111011111101111110101111010111011100011100001101010100111111001001100101100010001
1000111110001111111110001110110000111001100000111000110000011111111000111111010000100100101101010101101011111011100101111110011001100001000001010001111000100111010010110010101110110100111000101110001011100110100001011101
1010001100101000000100101010011111100011111101100010011101011000001101100010010111110110001001011101101010000000110000100011000011001111111100010100010010110010010111100110000000100110000010100011101011001110111111111001
1011101001101011110110100011011000101110000111001111000101000011100111001011010011000011111011011000111010111111100111101001111111011001000111110111011010011000110110001111111110101111011111111001100010011000110000110011
1010000011101011010010110111010010001100110010011011110101111110110100011001111010011000001001001110010011110001110110001100100001011100010100000110010011001011110000111111000111101000001000001100101111110010010101100111
1011111110001001011011100010010110111001110110110001000100100000100101111100000010111011101101100011010110000101000100101101101100010001010101111100110111101000011111100110010001101011101011100110100001100111010100101101
1000011000111101000000110110110100100011100010110101011110111101101101101111111110101000100000101011110011011101110001100100100111111111110101100001100101001011010001110000111101001001111010110010110100001101000110101001
1011001110110101110110000100100101101111001010011101001100000001000100101000010100101110101111101000011011010000111111110110101101000110000100111100101101011001000100110101101101011011000010011010011111111001110011101101
1001100010000100011100111101101111000001011111011001100101011111011110001111000101100010111000111111001000011110100001000010100001010010110110000110001000011111111110100100101001001001011111010011011000011100000110001001
1101111011110111000111100001000110011011011101001011110111001000011011100011101101001110100010011000011111111010101101101110111101011000100111110011111011110000001000111110101011101101000110010111000011001001111100111011
1001001011000001010011001111010000110001001001101000010001111011000010111000101000011100101111001101000101000010001000100100010001001111110101000110101000010101100010001000100000001101110100110110011111101101100101100011
1011011001111101011010011000010101111111100011101101111100001011111000001110101011110001100001100001011100011011111110110101110111100101100101011100001111010101111111101110101111111001000101100011110000001000001101101001
1001011100010101010010110011111111010000101011000100000111101000011111111100101000110101111100110101110001010010100000110100010000110100001101010001101011011100100111000100100100011111011100101001100111111111011001001011
1101010111010101110110100111000011000110001001110110110000101101001000001001101110100100001110011101000111010110101111100111011110110111011101011101101001000110110010010001101101000100010110001100001100001100010011011001
1000010110010000000110110110011001101110111111010000111111101001101011101011000000101111100111000111011110010000100010101101000010010001000001000101001101110000011000111111111001110110110110111111111001100001010111011101
1111000100111111110010010100111101101010011000011011100010001011000010001001111111101000110101110011000010111110111000100001101111010101111111110101011000011011111011101000000011010000100010000100001111001011010101000101
1001101101110000011011011101101000101011001010110001101000111111111110101100000001101010010101011001110110010000001110110100101100010101000001100101011101011110110010000011111111011111101000111101100110011111110100010111
1011000101000110111001001000001110101000011010111100101111100000110000111111111100001011010001001101100011011111111100011110100001111101011100101101000001001100100110111110100001000000001111100000110010110101000101110011
1011110101011100001101101010100110001011010010010001101000001010010110010000001111111110010100011100101110000000010111000111110100000001001110001001111101100001101110000010001100011111111010101111111010000100011101011001
1001010100010111100111101110110011111001110111000111001011101011000110110110101000001000111111010110100011111111000101110100011111111101101011111101000001110111001011111011111111000001000000101000000011111101110100001101
1100000111110100110000100010011000001111000011111100011001101111111100010010111011100010011001000110111010000101110000010001000010000100101000011001101111011100011000011000110001101101011011101011101110000100100001111001
1101111100000110011010111011111111101100011110001110111100100011000111111010010001110111001101110010101010110000111011011111111011010111101011001101001000010001111111001110100100111000010010001000111000110110101111000011
1000100110110011011010001001100001101001001100100010001111110110010000010011000111000011101000011010001011100110011011000001011010010011001001100001011110110111100001100010001110001111011110111110110011100000100110011011
1110110100111001001011101100001100100011011001111011100000100110111111010111101100010110100011011010101001001111001001111101000011011000011011110111010000110010001011111011111011100011111000100010100110111111110100110001
1010010001101101101000111111111110111111001011101000111110110100001000010010111101011100111110001011101101011010011101000111010110011111110010000101011010011011011001000011000000111000100011101010101110010100011101110111
1011011011100100101110011010100010000110011000101110000010110001101010111010011001011001100011101001100001010000110100010001011110110011000110111101011011011010001100011001011111101101101110001000100011000001000001000101
1000000010001110101011001010001011110011110010100111111010011111101010100011001011110011001000001100111111011101110111111011001100111001101100100000000001110010100111011100010000001001001010101111111001011111111111011101
1010111111011000000001100010111000011000011110101100011011010000111011101111101001100110011111011110011000011000000010001001100101101100111001111111111111100110110010000110110101101011011010100100001101001100001010010001
1111100000000010111111001000010011011111011000100001110011010110001011001010101100101110110001111010110011001011111011011100110001001110010011000010000010001110111011111111100101001010010010110101100001101001101000110101
1000111011111111100001101111010110010101000011111011000110010011101000011000001110100000000100101010011111101110100010000110011111100111000111011000110110111000011000110000001101111010111010011101111111100011001011111101
1010001110000011001100100110010011000001111110110010011100110111001011111101100110101010111111100011000101000110001110101100111000110001101110001111110010001101001010000101111001000010001011001101000000101110011010000101
1011100111010110011110111100111001111100010000100110110001100010011000110001111100111111100001101001110001110010111000111001110011100101100011100010011011100111111110101111000011011011101011100001011111101100111010110001
1001110011010100111010000101101101000111000110001100100100001010111110100100000101100010001100101100011100111010100011110011010110001100101000111011001000110110000111101000011001001111001010111111011000001001100000111101
1100100110010001101011110100000101010001111110111101101101111110100000110111101101101010111110001111000110011010101001000111000000111110001110110010011110000100110001111011111101100010011000110110010010101011111111100101
1110101100111011000000110111011101110101101010010000111111000010101111100100001100101000101011111001010110110010101111010110011110000011111100100110110011111101111101010010011000111010110010010011000111111000110001001101
1100100101101001110111100011001001000100000011010111100011101010100100101101100110001111100011000011110000100110001000010011011011111000000101101110000111010000001000000111001110101010000111011001111100001110010100011001
1001110101101100110000001001111011101111111001010000001001001010110110101000110011111000101001101000111111101111011011111110010010001111010100100011101100011111101111111111101000001011111101011100110001100011010111001011
1011100100101110011111011100100010000100001111011111111101011000100100001011111110000010101100111110000100001011001000110000110110100001111101111001000001011000100001000011000011111000010001001110000111111001010010011011
1010001110100100110001111110001110110001100001010000100100011111101111011000000100101110100110000011110001111001101110000111100010111100000001101100011111010010101101101110011110001011000101100110101110001101011010110001
1011101100110001100100011000100111111011111011000110110111110001001010011111110101100010110011101000100100101100000011111110001010001001111100000111110110010110111001100000110110101110011100110100100010100001010010000101
1000100001100111101111001101110100001000001001111100110000000111011010110000010000101010111111001110111110101101111110101010101111101111000111110101000011000100010011001111110010100110110110110110111011111101011111101111
1010110101001110001001100111010101101011111100011001100111101100010000110111011010111010100000011010000100100001010110000000100010100110010001000001111001111111011011011100011010110000110000010010011000011001000000100011
1010011111011100111011110001000100101110001101010011001100001001110111100100001110100010110111110011110101101101000100111111111000110100111101110100001101000101000010010001000010011110100101011011001011001011011110111001
1011010001110110110010011101011110100010100101000110011001111011000010001111100110101110000100111000000101111000011101110010001101110101100100011111100001110001111110110101110111011010111111001001111001101011001010011111
1110010101000010011000110101111000111000110111101111110011100011111110111010110010100111111110000011111100001111111001000110100001100100110111001000111100011011010010011111000001001000010001111100011011101001100011000001
1000110101011011010010000101000011101110010000100000100110001110000000110000011010110100000010111110001001100000000011101100110100101110010001100010001111000000011011001000010101101011110100000111001110001100111111011101
1011100101011001011011011100011110100011111110111110001100111000111010100110110010110101011110010000101111111111111010101101100111100111010111111111100001111111000001101110111111101000010111010001101100111110010001010001
1011001100001101010001000111110110001010000110000111101001100010011011111110110111100101000111000111100000110000110010001001001110001100010010100000101011100001111111100100100010001011010011011101100001110011000101110101
1010011101111001011011110000000100111110110010110010001011110111001111000010000000001101110001111100111110000110010111101011011100100101111000001101111000001100000000110110001010101001111010010100111111011001111101000101
1000110000010011010001100111110101110000011011111010111010110001111000011011111111111100011101000110000011111111010001101010010001111101000011111000011111111111111101110011111010111101000010110110100000001100010100011101
1011111111010110010111001110000101000111110000100010100010000100100010111000000100000111111000010011101110110001010100001010110101010001010110001011010001010000000100011000001010000111011110100100111111101001000111110101
1010001100010010111110011011101101011100100110001011101110101111101111101111110001010001000011111001101100000100011111111010100101000111011100100001110101000111010110111111100011110000000100110001100011001011101101100001
1110100101111010011000110001001001001110001111111011000110100110000101001100011011010101101110011100101001011111110000000011101101011101010001110101100101011101010110001010111010011111111101100100101000011010101000111011
1100110111000011000011110100011011100011100110000010011100110010110000011001001111110100100011000110001011110001000111101110001001000001010111000111001101010001010011100010011010110000011001001110001110110010100010010001
1001110011011011111111010111110000111000111100101110110101111000011111001011111000011110101011110111101001100100010001001000111011111101110001111110011001000111010111001011001010100110110011011011111100010110111111000111
1011011001011010101000010001100110001110011001111100100100001111110001100010100010110000111000100000001101001111111101111011110000100100010100001100110011011110011100011011101000111110100110001011000111010110110001111101
1010001101010010000011011100001111100111001100100001110111100100010100101000101110000111110010110111011001011110000100001000011010001111011111101001100110001100110001110001001110011000101100101000010110010010011011100001
1011100000010111101111010111111100110001100110101111010000001101011110111110100011111100000110011110001011010100101111011111001111101101010001000011001100101001111011011101100011001010100111101011110011011011000000110101
1001001110110110001000010001101001111101110011101100011111101001001100010000101000001101010011000011101011000101100001000001100100000100010101110111100001111011000010000001001001100010110000111000011010001011110110011101
1101100111100011011110111100000011000101011000101001000000111011100111000101101111100111111001111001001001110101111101011101110101011101110100011100001011000001011111101111111011111010011010011111011011101010000111001101
1000110011001010010100011001011111010001001110100011111110001000110011011111111000110110001100101101011100010001001101001100110111110001000111001111111110010101001000100001100011101011001111010010001001101011101101100101
1110111110011010110001001111000101011111101010111110001011101010011001010000010010110100100110000101110111011101100001100110010000110111011101101000110000111111100010111100001001001001111000011010111101001000001000110101
1000100011110000110111100001010001010010000010000100100000001011001101010111000110100101110111110101100001000111101111110011111110000100010000100010000101100011001110100111111100011100100011000010010101101111111010100101
1101101000011111100000111101111101011000101111110001111111111011101101010001111110101101010001000100101011110000100100100111000111111111011110111111010111001001111100110100101111000110101111111011010100111000010010101101
1001001111000010001111100000001101001101100110011111000010000001111001011101000010100000011101010110101000011110110001101100010010001000010000100001011110011101000101100001100001110110100100010001000110001011000110101101
1011011011111011111000111011100001100100110011000001010110111100010011010101110110110111111001111100101111000010010101101101111010100011111010001111010000110100010001001111001101000010110101000111101111100011011110100101
1011000010101011000010010000111111110110011001101101010000100111010111000101000010010000110011000001101101111011010111001001011010110111000010101000010111100111111111101100011100010110110101011100000110111110010000110001
1001111000101000011111010101100010010011001100101111011111110001010010011101011111011010100111101111000001001000010110011011010010110001011011111011110011001101000110100001000111111100010111111001111100000010110111111101
1100001110101111110001011101001000111011100110100011001101000111011011110001000001011011101110000001111100011111110010110011010110011101001000010000011010011100010010001011111100001101110000100011100001111110010010110001
1001111010001100011011001001011101100010001111101001100100010011001001100111011011010011001000111101000110110001011110100110010111001001011111000111110010110110111010111111000001100001011101101110001100100011011000100111
1100100011100111001001101011010100101110100101001101110110111001101101001100001001010110011011100001010010010100000110101110110011101011000101111100000110110000010010011000011111111111000100001010111111101011010011101101
1110101010110001100011001011010110001000110000011000010100101100100100011001111101011110111111001101111011011101010010100000011001101011110100100001110100100111110111010011111000000101110111111000100000101001010110001101
1100001000011101101001101001000111101010111111110011010001100001110111111100001001000100100000011001100001001001011000111111001100001000110001101101000110001101000110010110100010111100000100000011101110101100010100111001
1001111111000100101100101101101100111011100000011010010111111111000100000111101011110001111101111011001011101101001101100011100101111110100100100101111111100001010011010000111010011001101101011110001000001111110101100011
1011000110011110100110101100100110010010001111001110110010100001010101110001111000011111110001000000011000100111100111001000110111000100111111110100100000110101011110011110001011000011000001000011011111111001100101110111
1111010000111000110110100111110111000110111011101000011010001100011101011100011111010000100101011111001111110010110001011110000100010001110001010101101110111101000100110111101110011111111111110110000100001100001100100001
1000011110001011100100110011000100011110110001101101111010111001110000000111000110000110001101110001101000011010011100000010111101010111010100010111001010011001110101110000100011110001000100000110110101100111101110101011
1011111010111010001101111010011111111000100100101100001010001111000111111110010010110100101100100100111011000011000111111111100001011100000110110011011011001101000101100110111001000100010101011100100101110000111000101001
1010001000010010111100101000110000000011101110100101100011100100011110000011111010100111111001101110001011111110010110000110001101110001111110111000010001100111011101001110011101011111110001110001101100111110010011101101
1010101101110110100110101111100111111111000100110111001001110001110010111011000010111110001100100111101010000100110000110100101000100101101010101111110111110001010001011100110001000100000100100111001110100011000111000111
1000100111000100110010001001110001000000010101110010011100111111100110101000011110000100100111110100100011010101111111110101111110101111000010001000000011011101010111000101100111010101011111101101100110101111111110010011
1101110010011101111011101011011101111111111100011011110110000000001110101111110010101101110000010110111111010100010001010101100011100010010110101101101000001001000001111100101101110111000010001000110010101000100010111001
1001010110110001100001100010000100011000000101111001000011111111100010100000000110101000111101010110000101010111000101010100001000111000111100100111001101101011011101000110101000010001101110111010111010100010001000001101
1011010100110111001100101000110111001011110100101100010110000001111110111101111110100011101101010011010000010110011101010101111110000010011001110001100100111011110000010000101011011011100110011010100010101011111110111001
1010010001100100011110111111110001101001100110000111110000111100000100001000011000111110001001011001011110110010110001000100100011011111001011011100111110001000010111111110100010010000110011001010001110111001001100011101
1010111111001101001100010100011101100011001100110000011111100111110110101011000011100000111011001101000110011011100111101110001001110001111010000110000011101111010010001100110111010110111001101110100010011100011001110001
1000100001100101111001010001110100111110011001111111000000110000100100101001111110001110100001111001010100111011001100100011101101000100110010111111111001101101011110101001111100011100101100100011110111010111110011000101
1110101100110100001111110100010110000010110011001011110110100110101111101100000011011000101111100011111101110001011001111001000111011110000110100000011100101001000010101111011001111001100001111000100011010000011011011101
1010001110010101100100010111000111111010100111100000100100001100100000100111111010010011100011001110110001011101001100011101010010010011111110101111000110001011110110101100000011000011101111001110111110011011001110010001
1011111011000101110101000101110000000010110110101101101111101001111110101100001000110110111010011000000111010001100111010101111010111000000000101101101111101000110000101001111111101110101100011100110000110011100000110111
1000011001111111000101111100111111111110010000111000100001111011100010100101011111110100010010110011101100010111110010000100011110001010111110101001001000001010011111101011000000101000100101001001100111100110111111110001
1011001100001011010100010101100000001011011110001110110100110010101110110101000110000110110110010110001111010110011010110101000010101011100011101011011011111111000110001001111010001110110101101011001100001100000101011101
1001011001101000010111000001001011100011000111100000011110010110001100110101110010111100110011010010111010010011000010011111111011101010001000100010010010110001110010111101100011111000100100111000011111101001110001000001
1101010011100010110101111101111111001001110100111111001011010100101001100100111000110110011000011010100000111001110111000110001000101010111101111010110110000100111010001001001110001101101110011111110001101011011011011111
1001110110111110011100011000100010011101000110001011100011011101100011001110011111100011001011111110110111100011000110010010101110001000000100011010100011101110100011100011011000111100000011010101000100101010001010001001
1100000000000011000001000010001000110000010100100000001001000000101000011111000000001000011000000000100000001000010100111000100000101011010101000010001000001000001000101000010010000001011000000000010110001000101000100010
1111111111111111111111111111111111111111111111111111111111111111111111111111111111111111111111111111111111111111111111111111111111111111111111111111111111111111111111111111111111111111111111111111111111111111111111111111
