1111111111111111111111111111111111111111111111111111111111111111111111111111111111111111111111111111111111111111111111111111111111111111111111111111111111111111111111111111111111111111111111111111111111111111111111111111111111111111111
0000010011000100011000000110001001011000000011010100110001100000010100011000011000001010001100010000100000000100001100101000010101000011000011000010000010000100000001000100000010101000010000000010011000000000110000001000000000000110001
1001000110010101001011010011100011000010111000010001100100111101010001001011001010101000100001110101101111010101100001100011000100011001101010011000111000110111010100010110111000100011010111111000110011110101100110101011011111101100101
1111101100110101100010011001001000011110101111010111001110001101011011100001100010111010111101100101001100010100111011001111110001001101001011001011110010100001110110110011110011101001110010110010011001100101001110101111001000100101101
1000100111100000101010111101011111110000100001000110011011100101001110001100101010110010011000101100011001011101101000011000111111101100011001111011000111111100010100011001100110001100011000100111001111001101011010100001101010110100111
1010110001110111111110110001000000110111101011110010111000110001100111111110111110100111001110100111111011110001001110110010100000100111111100011110011101101111010101111100001100111101001101101111100110011001001010111101101011100110001
1010111100010011000000100111111110010001111001011010101010011111110000010100010100101111101100110100001000011011011011111010101101110010010111010000110101001000010100000111111101110111100100101010110011001011100010011000001001101111011
1010010111011001011111110100001011010100001100001000100011001000111111000110110001101010100110010001011111000010010001110010001000111011000110011101110001011011110111110010001001000100001110101000111001111000110111001111111101001000001
1011000100011101000010000001101001011101011110111111111011111010000001110100010111101000110011111111010101111111000100100111111110001001010011011001100100011011000101011000100011010101111100100010001100001101110101101000100101011101011
1001010101001101111011011111101011001111000110000000001010001011111011100111010000101101111000000100010000001000010110001100001011011101011110001011001111001001101100001111111110010100100001111110100111100100100100100010110001000111011
1101110101111000001001110101001001100110010011110111101010101010001000110001111010100001001111110001111111011011110100111001101001000101001000100010011100011101001111100000000000110110101111000010110010110110101101111110011101110001001
1001100100110011101100010001011100001100111000010000101000101000111010011011000010111101011000011111100001010010011101101100100011011101100011111110110001000101101000111111011101110110100100011011111010010010100001000111000100000101101
1011001110011110100111011100001111111001101111010110101111101110010011111010011110101001010010111010001101000111010001000110101001001001001010000110011011111101001010100001110001100100101101110000110011011010111101010011110111111100101
1001101011000100110101001111101010001111000000010010100110000111010110000010110110001011000110110000111101101100010111010000111111101011111110110011001010000101100010001100011011001101100100100110000110001010000001011000000100000110101
1100100001110110000101100110000000100011101111111110110000101100010100111110100011101010010110010111100101001001110110011110110001101000011000011001101110101100111111111111000010011000101110111111111110100011111101011111010101110100001
1110111101010100111100110011111111111010001001000000100111111001110001110000101000101010110011000100001101100011000100110010010100101111010011111100100000101110000000011001111110111110000010001101000000111110000101010001110100100101111
1000100000010101110110111000100010001011011100010111110011000011011111010111101110001011111111101110111000111111101101100111000110001001000110001110111111100011111111001100001100100011011111101001011111100000110101010100011101101100011
1010101110110100010000011110101000101000010111110110000110011111000001010001000010111010000110000110110010000101101101001101110011011011111100100100100000111000000011100111101001101001001101101011011000001101100111000111011000101111001
1010101011100111010111010010101101111111110000010100111100110000010101000101111011100011010011110010100111010001001001101100011110000000010001110001101110011111101001110000100011101101100101001000001110111001001110011101000011100001101
1010100011001110010010000110111100010000011011000101100001100101111101110100100010001111011000111010001101111101011100001001000100111011110101111111101011001100001111011110101111001000110101011111101100001011011011010001111110110101001
1010101110011010110110110110000111000111001001110100110111001100011000011110101110111000011110011011111000101100010111011011110111100010000100110000101001100101100110000010111100011110100001010110001001011010010010010101010100011101111
1010111000110010010100100011110001101101101100011110100101100101001111001010101000110011110011001000110010100111110100001000010000110110110101100110001101110100101100101010011001010010101101010000111111110010111000111100000101001100001
1010010011111011010101111000011101000101000111000011101100110111101011101000111011100110000111101110000110110000000101101111011010011100100111001111111000010110100001111111000011111000111111010111110000000110001011100001110101100111101
1010110110111000011101100010111001110100010001111011001110000011001001001101100010101100111110100011010010011011111100111101011111000001110110011000001110110110111111000101101010001110001100010010010111111111101001110111000100110001101
1110010110010011000001001011100011100111111101000010011000101110011100011000001110001110000000101001011111010011000001100001000001111101000100110010111000010010001000010000101110100010100101111011000110010001001100000101110111110111001
1000110011000110011111011110001111001100001100011010111110111100110110111111101010111010111101111101010000011000011111001011110111000111111101111010000011011011101011111110100100101011110001011001010010110100011001010100100000000100011
1010011001111100110001011000111000011001100111010010011100011001100100011000100000110010010100110101010111111011000110011000010000010010000100001111101111011001000011011000101101111000011101001101111010100110110011111110001111110101001
1011111100011001110101001101100010111011110001110111001001010011110101110010111111100111000110000101110100001110011100111011011111111000101111100001101001001101010110010010100101011101110001100000000010001100011110001000111000110101111
1000000111010011000101111001001110100011011100100001101011110110000100000110010110001100011111010101100110100100110001101111000100101111100000110100101011100101110000110111101101000100011111110101010111111001000000101101100010011100011
1011101101010111011100110011011000101110000110111101001010100100101111111111010010111101110000010100101100110101100111000110010110100000111110010110001000110100111110010110000101110111011000011111110100001101111111100111001111000111001
1001101100010010010110100111110011101100110010001101011010001101101100000001011000011001000101111110101111100100101101110010110010001101101011000011111110000110100011010100110100000100010011011000011101100111000000110100011001110001101
1101001001111110110000001100100111001001111011100111011110111111001001011101010011000011011101000000100001110110100100011010011011011100001001011111000111111110101011010101111111011101110110010011001000110010011110100101010011011100101
1001011011100010011011111110001100011011100000110100010000100110011011001111010111111111001111011111110100110000110101011010110010000110100011110110010000001000101010010000001000001000100100110111100010011010111000101101111000000110001
1011000010001011001110000100101001111001001111110001111101110000110001100010010010000001100001001100010110010111100101010010011011010010111010100100111111101101111000110111101011111010101101100000111111110010110011101000001010110011101
1001111110101001100010110110111011001101011000011111000001000101111101111010111010101100101101011001010011010110001101000111001001011010010010001101100000101000110011111101001011010010100101001110011000010110010110001011101010011110101
1100101100111011001000100100100011100101110011000001110111101100010101001000100010100110111101000011011001010100100001011101101101111111010110111000101110100011100110001100011001010110110100011011110011000011011110111000101010111000001
1110100001110001101111101101101110110000000111111100000100111001000100011111101110110011100001111110011011010101110101110001100100000000010000110010100010110110001100100111111101010100010110110010000111111111000010001101101110001011111
1000110111011100100010001000101000010111111100001001111110000011110111000001100100011001001101100011001110010101100111100100110110111111111110100111111010011100100101110000110100010111110011110110111101000010010111101000100100101000001
1011100110000110110110111011101011010110000110100011001011101110110101111100110111111011011000001001101000110100110110001110000111100001000110101100010011011001111101011110000111010000111001100100100000011000110000001110110110101110111
1000110011110010011100100001101011110011011100111111100001101010100001100110010001000011011111101101001011110110011100111111110101001101010100100001010110001011000001000111010101011110001100001101111101111111111111111000110110101010011
1110011011000111010001101101001000011010010001110000110100001000001011001111011100011010010000100111011001100011001101101100010001011101010111111111010011101111110111110101010101010011100111100100011000011000110000110011100100101011001
1011010010011110010111111000011010110000110111000110100110111111011110011001010111111010110110110110011100111001100101100110111101001000010000110001011000100101100110000001010001011010110001110111001011000010011010000111001101101001011
1001000110110000110000001101111010010110100100011110110010010110010100111100010010001010000010011100110110001101110100110000100001101111111010000100011101110001001100111101011011011000111101000101101111111111001111011110011100101101001
1011111100100111111101101000100011000111101101110010100111010011010001101001111010100011111111001101100100101100010110011101101111101000100011111111000101011101011101101001011110001101100001011100100110000001100010010000110110100101011
1001000110001100011000101110111001111101001000111010110010011001011011000011000010111010000001100101110101100111110110110001001000101110101110001101110100001101010001000011010000100001101111010110110011010111111010110111100000110001001
1100010100111001001111100010001101000001011010100000011010111101000011011111111000110011101011110000110000110001100010011011011010100110000100100100000111100100000111111111000111110100100001010000011001110001010010100101111010111011101
1001111101100011100000111011101100011111001010110101010010110001111001010000011111100111001001011110011101111100101111011010001110110011011101110111010110001111111110000001110100010111110100011011001100111101000111101100010010001110001
1100000100111000111010011010101001110001101010011111011010010111101011000111000000101100011111000011000101000110000101001000100000011001111001010001111100111010101100110100011101011100010110110011011110100001011110000111000111100100111
1101110110011010001111010010101101000101001111000010001011010000001001111101111110101001110000010111110111010111110001101011111111001100110011011100001001100000001001111111000101000001011100011001000010110111011000111110011101110101101
1001000011010011101100000110000111011101100100011011101110010110101101100000110010100011000111110010100001010000011111101010010001111110011010000101011011111111101011100001110101111111000111001101011110100100010010100010110000000101001
1011011010010110100111110100110010010001110110110001001100111100111000110110100110110110011100011000111100011101000000101000110100100011010000111111001011010000101000001100110100100011110001100111000100101101110111101010011101011100011
1110011110110110110000100111111000110111000011100101100001100001110010100110001100011100110110111110001111110001111110001111100110001011000111100011100000010110001110111110010110001001011101110001110101100100100001001011000111000111001
1000110000100010111110111110001111100101101001001100111011001011000111101100101111011001100010000011100000011011100011100110001111111001111100001000110111000111111100000111010110111101011000111101100100110110101100011011010011110101101
1101100111111010100010001000100011001101001101111110011110011000011100000101100101000011001011011000111111001111001000110100111010101100001101111110011110010011000111111100010011100001010010100000101110010010111101110001011000110100001
1000101110001000001111100011111010011000011000001111000100111111001110111101110001111111011001111110100001100001101011100101100000001111100101000011001100111001010010001101111000101101000110111110101011011010011000111101011110011101111
1010101000101101111000111000011011011110110010100101010110110001100100100100011101011000001101000100001101111100101001110100110101100000110101011011101001111101011010100001001010100101111100000010000010010011001110100001000011000000001
1011101101101001000010001101110010000011100110110001110011100100111101110111000111000010111001010111011001000110101100100110011101111011100101111000101011010111011000101111101110110111000101111011101110110111100011101101111111011111101
1001001000100011011111101111000111111001001111111100011000101110011001010101110000011010001100010001010011011100100110001111001100010001001100010010001000010001001101111000100100100001010111000000111000110101111001001111000110010000111
1011011011111111010001001000011100011101111010001101010010001011000011000000010111110010100111010100011010011001110111111001100110110111011101011110111111110101100111000010110001111011010010011101100011100100001101100001010010110110011
1011010001000010010111011110110001000100000010100111010110111011111111011011111100011011110011111111110000110011010011000011110110010010010001000110010000100101001110011110100111110011011011111000001110001101011000111011011011110011001
1010011100011010110011010000100101111111111000110000011100100000000001001010001001001001111001000011011010100110011000011001010011011010111101110011000110110100011000110010110001100110001010001111101010111001001110011000001000011001101
1010110111110010011001011011101101100010001111111111111001101011110101111010100011101100101100011001000011101111001111111100011011010010011000111001111100000101001011110110011100101100101000100000111000010011101011001010101011000011101
1010010001100111001101011001001001001000100000001010001011111111000101000010111111001110100101111101110111001001101101000111001001110110110010101100101001111111111010000111001110101101111111110110001011010110100001101011111110011110001
1011011011001101100101001101101111011101111111111000111000000000010100010110110001011010101111000001100001011100100000011100011100110010010110101110100011000000110011010001101000001001010000100111101111010100101111001010000111011000111
1000010010011000110101101100101000010100010001100010001111111111110111111100100100010010100100011111001111010110001011010001110110011011011110100100101110011110000110011011001010101011000110110100100001000001100110011110110010001010011
1011111000110010100100100110100011110111000101001011011100001011000100000101111111011000110101110101011100010000111010010111000011011001000100110101100100110011111111010001011111101001011110010001111101110111110000110100111011101011001
1011000011100110001101110110101000000101110101011001000001100010011101110100010001001011110100100001000101111010100011010001110110010011110101110100110101111000000101011101000001001101000011011100001101100011011111110001101010001011011
1001011111001111111000010010111111110001100101011011011011111110111001010101000101101001100110101111110100001111101001111100110110110110010100000110100101101101010001010101111101111001111001001111100100101001000000000111000011101010001
1101010001011000000011011000100000111111001101001110001110001100110011010111011101101100101100100011000111100010001100100110000100100111010111110100101100000111011100010100101100010011001101100000110110111101011111111110011111001011101
1001110101011101111110001111101110010001101001101000101000100001100110010011001001000110001001111010011100111010100110110111110101110000010000111101111111110110010111110110100111000111100100111110100010010100010100110000110001111010101
1101100101010000010111100010001011000100101011101011111011111111101110111001111011010011011011010010110001100010111100000101010100010101011110001001000000110000110001010010110001111110110110001100111111010111110001100111100100000010001
1000001100010111010010111011101001111110111001001011000001000100101000001100011011111011110010000110011101101110000111110000010111010101110011100011011010011111110100011010011100110010110010100110001100010101011011001110101101111111011
1111111111110010011000001001001101100010011100011001011100010001101010100111001000100000000110101111000101001000110000110111110101010100011000110110001011110000000101000011000110011000000111110011101001110000000010011100001000110001001
1001000000111110110011011100011101001111010001001100000111111011001011110001101110101111110110101001010001011111100110011100010101011110110010110010111000011011111101101001110011000011010011011001000011100111101110110001101011100101101
1100011010000110110111000111110000011101011111100111111100001110011000111011000010111000011100100011011101010000110011000101000001001000100110000110101111000010000100111100111001011110010110001101111110101100100000111011111110001101101
1101111011110100100001010000111011111001000001110000110001100010111010001001111010000011000110111001110001000110011001110001111101101010101111111100101001111110101110010111101101010110110010111001000000000101111111101000010100100101001
1001000010010001111111011101100000000011111011011110010111111000110011101100100010111111110010011100100101111111001011010111000111001110100010000101100011100110111011000100000101010010011010100011011111010000110110001011000001111101101
1111011110111100110001010101101111110110101001000111010010001111100110100110101110000000011011001110001101100011101010011100010011101000111010101100111000110010110001110001011101011011001000101011110001011010010100101110011111000100101
1000010100000001100101000100001000010010001101110100011011100101101110101111101011111111011011101011111000101001001010110001111000101010001011100110010010011000100100011111001001000011101111101010000101111111000101100011111000010110111
1101010001111011001101111101011011011000100101000101111001110100001000100001001000000011110010100010001010001101011000010111101110001011111001110011000111001110001111010101011011101110101100001110111100000101110001111010001011110100011
1001111100001110011100001111110001001110110101101101001100110101111011101111011011111000010110101110101111100111011111010000100111111000001100111001111101100000111010010001001010000100101001111100100111110100011111001000100010110101001
1011000111100110110111100100000101100011100100100001011110010001100001100010010001001111010100100110100001111110010001010110110010101011101110000011100000111111101010111011101011110101101011000001110100010101000110011111111110100101101
1010010001110100000001110001111100111010001110101111000011010111001100111010111101100001010110001100101100001000110101110110011000000000100111111001001011100011000010000010100011000001001000011111000001110111110011000100001100101111001
1000110100100101110100010101000111110010111010101101101110010101011110100010101001001101000100111001111111011011100100011100111111011110110010000011011000001001101011111010111110011111011111110000011101000100011000010001100001100010011
1101111110111100110111111111010000000110011000100100001100110001001010101110100011101101110101110011011010001010001111000101110001111010011000101110001110111100001000100010001100110000010000011101111001011101001110111111110111111010111
1001011010000110011100001000011111111111010011110001011001111101011000100110101010001000100111010110010000111010111000010001100100001011001111111100111000110101011111101111011001111011010111000001000011001101101000110000110100010010001
1011000011110011010001101110110011000100010111011111110011100001110010110010101110111011101100000100110111110010011110111100110111101011011100011001101011100101110000101001010011011010010001011011010111100001101101100110011101000111011
1011110110000111010111000000100110010101000110000010100110101111100110011000100100101011000110111110010000000111000011100110010010001000010001010011101010001101100110101100000110010010111111110001111100111101001000001111001101111100011
1001100010111101010001101111110100110001111100111000001100100000101111001111110101100001011100101111011111111100011000110000111010111101110111000110001011101001001110100111101111010110101100000111000110000111011010111101100001000001001
1100001010011000010100101000010001111111000001101111111001111110101001111100000101001011010101100110000000110110111110010111100010100000100011111100111000100011011010110000100000010010100001101100010110110010011011100000101011111011101
1001111111010011111110111011011101010100011011000011001101000110100011000101011101111010000100110010111111100010000111011100001110101011101110001110001110111010011010011110111111111010110111101001010010111011010001001111111000001110001
1011000000010110101010001001000101000111010011101000011000010100101001010001001000011110111110011000100011001011110011000110111100101111001000100000100110001010110011000100000001000010010100101011011000101001010100011000011111100010101
1010011111010110000011011101110100010001110110001111110011010101111100010111101111001000100011010010001000011000011001110100011001100110011111111110110011101010010110011101110100011111000101101001111111101101011101110011001000111010101
1010111000010011110111001101100111110100110010100000100111111101010111110001100001100011101000010111111101111111011011010001110011110010111000000011111001101011000100111000011111110011111101001100100010001001001100100111100010001010111
1010001111111000000001101001001110000110011010111110001101000101000000111100111011001001101111110110000100100001010001011111000111011110101011101001111011001011101101100010110000011000001101011110001010100011100110101101111111101010001
1011100000001111011111100011011100111111000010000011011000010001101110100110011010011111001001010011110110110111010101000001010001011000100001001100110001011001100101001011100110110011100001000111111010111110110011100101000110001011101
1010111111100110010000110110010001101101101111111011000011111111001000110000110011010100011100011010000110100001011100010111011011000010101101111110100111001100110100011001001100011010101011101101100010010000011000110100010000111000101
1000001000110000110110011110110111000000111000010001110111000000011101111111100110000101111001000011010010101101001111010010001110011111101001000100001110011111100101001111011111010000111010000001001111011011011010110101111110101110001
1111101110011111110011001100100001111010110011011101011110010111010101000000001100111100001111010111010110101001100101011110101100110101001011010111100100110100001111100100001101011110011000111111011001001001000010100100000111100011101
1000100100111010011001100001111101100011100111010101001100110011010001101111111110001111100001110100011100101011110100010000111001100001111000010001110101100001111000101101111001000111001011100000001101101111111110001111110001001110001
1101110001110000111100111111000100001001101100010101100110110110010111001000000011100001111100110001001101101001000111110110100011001100001111110100011100101111100010100100001011110101111110001111111000100100000111011000111101011000111
1000011101000110010110100011110111101111000110110001110100011100110100011011111010111011000110011111101001001100011100010100101110011110100000100101000110101000101110110101101000010000011000111001100010110110110001110010100001010011101
1011111000011111000100101010000001101100010100110111010001110001100001110000100010101010011111001000001011111101111001010111101000110111111110111101110010100010101010011111101011011111010011101100101110010010110100010110001111010110001
1001100011110001110101101110101101000101111101100000010111000111101111100111101110001000110001101111111000011001000011000100001010010100000100001111000110111110101011000011001001001101000110001110000010111010011111000111111100010000101
1100001110100101000100101000100111011100101001111111011100011110001000101101100111011010010100100000010011001011110111101101111011010001010111100110011100100000101001111001011011100101111111101000111011100011000001111100000001011111101
1001011000101101111110100011110010001110100011000100000001110100111010001000110100000011110101111111010111101000110100000100010001000111110001110000111001101111101100011101011000110000000101001011101000001110011011000110111011111001001
1011111101100100000010101111011000100010101110010101010100110001100011111110100111111111000100001101011100001010010111110111010111111100011101011101100011101011001001000101010011111011010001011010001111111100111001101100001000101100011
1000110000110101101000100000011111110110100100110111111110011111001110010000101100011000010101101001001001111111010000100100010011000101011001011001001010101010011011110101011110001001111100011011100000010101101100100001111110000001111
1011100110010111001111110110110000110100110001110000000111001100011011000101100001010011111111000011100011001101010110101101111001010001000011001011011010000010110000010001001000101100001111001000101011010001000110110101010011111111001
1001001111010001111100000011100110011101111111011111101100011001010000010100111111000111001100010110111111100001010010111001011101010101111111100011001110111010100111111111100011101001100011111110101011110111110010011100011000000010011
1101101100010101000110101110001111010001000000010100001001110011111110111110011011111110011001010000000000111011011110100011010101011100100000101110011000101110101101101010001111001011111010001010101001000100000111000111001111101000111
1000100110111100010011101000111011010111101111010101111011000110100010000011001010000000110011111110101101110001001000101110000111000111101110101000111011100100100100000011111000011001001000100010101100010110101101110011101000111101101
1110110010001111111001101011100010010010100001000100010001101100001011111001111000110110100111000100111000100101101101101000110001010001101000101011101010110101110111011000110011111100011111110110111111110000100000011010100010011000101
1000011011100001101100111000001110111000101101101111011100101001011001100011000011110011101101010110110010001101101001100011111101110101001010101010001010010101010110010010000110000111010000010110001100011111111111001010111111010010101
1011111010110100101110011101111000111110111101000110010110101101001100101111011110000111001100010011100111111101001101001010100100111100011011101000100011000100010000111111111100110011011010110011101001010000001001101010010001000110001
1010010000110110101011000001000010010010000101110100110000100101011110100000001100111110011001111000101100000111011000011110001110001101111011001111111110010111011111100000000110011001001110011000100011011011101100001011000111111111101
1011000110100100000001111111011111010111110001100101111111110101011000110111111001100000110011001110111001110100010011110100100011100100101010011000010100110101010000110111101111001101100111001110111111011001000101111011101100001100001
1001011111101111111101100101001010010000011111001100001000110101001011100000001011101110011010011010011011010001010110000111111000110110101011110011000001100101000101100010001100011101110101100010001101001101110101100010000110100001111
1101010000101011000100110001101010111011001101011001111010000101101001110101111010001000110010111011001001011111111110110100000010110110001000000110011111101101111100001110111001111000100101110111100001101101010111001111010100111111101
1001010110001001011110100111001010110001100001010011100011111101101100011100110010101011100110001011101100010100110000100110111010010011101110111100110000101100000111111000110011001110101101000100111011000101000100011001011101101100001
1011110011111100001000110001011010010100111011010111001110110001001111000110010110111111001100100000101111000110100111101100010011011001101100001101100101100110110010000011100111100000100100010110101001110101011101110011000101100101111
1000111010000001101011111101010011010110001110010010011000000111011011110011110010110000011001101101100001110100001101101111011111001100111001111001111100110110011010111110001101101111110101010100001011000101010001011010010100110100011
1110000011111101001000100001010110011111100110111000111111101100011000011000011010000111111101100100111101100101111000100001000001111110010011100011000001110011010010011000111100001000110101110111011001011101000111000010110110100001001
1011010110001001011110111011010100110000110010001111100000111101110011011110110011111100111000111110101100101101011110111101011101000011011011001011110111011010010111001010100001111010010100100011011101001101111101101110110110111111101
1000011100101101000010100010010101111010011011101000001010000100011001000010000110000110010011100000100110001001001000001101010100011000001110011110100110000011010001101010110111000011110110111000010101100101100000001100100100110001101
1011111001100101111010110110110101100011001000101101101111110111010011111011101100110011000110001110110011111011100011111001000101111111101000111100001100111111010101001010100110011010000100011101000100110100111110100001101101100100101
1110000011110111000010110100100000110111100011100111001100010110010110101000101001111011011100111010011000000010101000011011111101000110000011101001111101110000011111011010110000110010111111010101111101110110100011111111001001001110001
1100111111000001101010010101101010000100111001110001101001010000110000001010101111100010001001110011011010111010001011000010000111010100101110000011000101000111110001010010100111111010010000010101000100010010001000000011011011101011101
1001100001111011001111010100111111111110001101011100101011111111111111111010100010001011101011010111001110011110111111111110110010010111111000111010010000010010000100010110111100001011000111110001010111011011111011111001010010000000101
1011001100110001101100000110001000100010101100001110001010100001000000011010111000111000111010000001100111001100100110001000111000110001010010001110111111111010111111110010001001101111111101011011010011001000011110001101010110111110101
1001011110011100100001110010100010101000100111100011111000001111011011000010011111101110010011101111110011100110110000101110001111111100010110100000100000100010100000111011100011101000000000010011011001101111000110100001000100010000101
1101011011000110111111000111111110111101110010111001001011011100001001111111000011000011000110000100000110110010011011100111100100000111011111101011101110111010101101100010111110100011111110110110001100001101110100111111011101110111101
1001000011110010010001111100000010011100011010001101100001000001101100101101111001011001111111011101111100011011001010110000110101010100010000111111001000001110101111001000000100111110000010000010111111100101000101100010010000010011001
1011111000111011000101000001111011001001001010100100101111111011111110100001011101111011000110011001000001010011100010111110000111110101110110000000011111100100100100011111110001100010110111111110000101110100011101101010110111011001111
1001011101100011110100011111100011101011101110101110101100001110001110110111000100110001010011001011110111011000111110000111111100010101000011111111110101110001110101110100011100001011110001000111110101000101110001001000011100001100011
1101000001001110111111111000110110001011001100100010111001101000100100100010010110000100011011101001000100001110101100110000100001000101101000000010100000111111010001000001000111111001000111010011000101010101010111011111000111111101001
1001011111011100011000100011100011101001101001110110110011001011110001101010110011111111110010001101011111101100101001110101101011110100111111111010101110001100010111011111110000011101101110011000011101011101000011001101110011000111101
1101010100010111010010001010001110001100100011100010100110011010111111001110111010001100100110100100010010101001101011011100001010010110110000110010000111101001000011010000011111000100000010111101011000001101111001011000111000010001001
1100010101110000010110101110111000111110111110101110101100110010000001100100011000100001101111101111111010001011001011001111111011000010010110010110111100100011111001011011000011110111101110011001110010100100001101110011101111111101011
1001110100111011010100111000100011101100101000100110101001111011010111110001001101111111100011000001101010111011101001100100001011101111000011010110100101111110101101001001011001000100100111001111100111110111100100010111000001000101001
1011000110100010000101110011111001001001100010110010001011100001011100010111111000110000111000010100001010110010001101110001101000100101111110010010110000000000000111101101001011011101110101100011001100011100110111010000011011010001011
1001110010111010111101100110001101100011110110111011111000111101001101010010001110010101100011111111101010010110111101011100101110110100001010111010011010111111101110001101101001001000000100111001100101000001100110010110111110011111001
1100100110100010001111001100101001001110110100001001101110110001101001000110100011000100001110000000100011010010110001000101100010010001011000011011001111100001100010111001101011101010110110101100111101101101101100111100010000110000011
1110001100101110111000011001100011011000000111011100000010010111000011010100111001011111111000111110111001011010000111010100101011011101010011110011101100001101001010101011001000101110011100001110100001101000100001110001010111100101001
1011111110100111100011110011111111010011101100000110110111010011111111111101101101000000101011100010011111010011110000010111101111000111110111000110101001111101011110100011011011100011001001100010101111001011111111010111110001110111101
1000001010110000101110000110000100011110000111111100100001011010000000000101000101111110001010101011000001011000011111010000100001110000010001101110000011000100001000111110010001111011101011111010101001011000100011010000011011000010111
1010100010110110101000110100101101111000110110001110111111001000101010110001110100100010101000101001111011011011010001111110110100111110111101001100110110010111111011110000111100001000100010101010001011011101101001000111000010011000011
1010111000100110001010100110101001001011110100100110000011101101101110011111000110001010111110001101000011001110000100011010011110100010010001011001111100110011000010000111101001011110111110001011111011001111001101011101111110110011001
1011101111110011111011101100111011100010000101110010111000100111100110110000010111111011100011100111011001100111111110110011001100001011000111010011000001111000011110101110001011110000101000101000110001100100011001001000010100110111101
1000100000011011000001000110000000110111110101111010001110110010110011100111110010100011001000110110001111110000000010100111100001111001111101010110011111111111110000111000101110000111100011101110100100110001110011101111000110011101001
1110110111001001111111010011111110000101100100101011101000111010011001001100011000101110011110010010111100011111111000101111111111001100100000010110110000110000010110010011101000110100101110100010111110111111000110000011010011110001101
1000100101011101100010011010000011111101001110101001111010011010111101011101011101100000110000110110001001000000101111100011000000011110101111110100100110000111010111010111000011111110000000101010000110000101011110101000011001000100001
1011110001000100001000111110110110000100011000101101010011010010101001000101000000111110110101100010100011101010001000101001011111110100100001100101110011111101011100010001111110011000111110101011110011010001001010111111111100011111101
1001100101101111111010010100010011010001111011100101000110010110001011110101111111100011100111001111111111001011011010001111000000010101101100110101011001100000000001010100110000110010100011101000011001011111100000011000111111110000001
1100111100100100010011010001011001011111000010110101101100110111101010100101000001001000001100011100000001011001110011011000011111010001001110011100001100111111111111111110011011100111101000101101001100010000111110110010011000011011111
1110000110110101000111110111111101110001101110000100100110110000100000001101011011011011111001111001111101011101000110011011111001010111100111000110111110100011000100011011001000110101101110101001100110110110100011100111000011010001001
1000110111100101111101100100100001100101001000111110110010011110111111111101110011001110000011000011000101000101011111010010000011000110001101101110011010001000010001000001101010000001001010001111111100100100101001001101111111011101101
1111110001101100001100001110101101001100011101100010011011011000100001000100011001100000101110011111010001111101001010010111101111111100111000100011001000111111111111010111101111111101011011101000001101101101101100011000001100010000001
1000010100100111101001111000100111011111110000101011010001110011101101010101001100111111111000110001011111000001100010110000100000001110001010101011101110100110110001110110001000001101011000001011100001101001001111110010100001010111111
1011011110110001001011001101110010011000011110101011011011100110001100010111101110001000100011111011010101101100110110111110110110100011100010111000101100001100100100000100111101100111010011111001110111001011011000011011111111011100011
1001001000100100011001011000011010110010111000101010010000001110100111010001101000100010101110101010010001000111100010000010011100111010111110011101100111100001101111111101110101110001011111000011011100011011001011001001010110011001001
1101101011101111111100010011010010011010110011101000110111111000110001011101000010101011101100001010110100010010001111111011001101110010010011000100110001111011001100011001010100011100010000011110010001111001101001011100010000110011101
1001000010001000110111010110010111001110000110001111100100000011111101110001011111111110001001100010010111111110111011000011100001010111000111101110011101001010011001000011000001000111110111110000110111001101001101000101011110100110101
1011111111011101100100010111010001100111101110101000101111111110000100010111010000011000111011111111010100000110011010011001111111010001110001100111010101100010111011101001111101010000000011000110100100011001011101110111001100101100101
1001000110010001001101111100011101110010000010111010000000001100110111010011010111001101100010000110010101110011001010111100001000011101100111001101000101001110001010111101000111011111111001010110101110111100011001000011100110101001101
1101010000110100011001000001001100111010111010001110101111100001100001011010010011100001001000110010110000011001101010101101100011010101001110011001010101101011011000010101010011111000011101111100101100011111110011111000110011100011001
1001011111100101111011011111100110000010001111100011101000111111001100011011011010111111011111111000011111111100100010000100111110000101011000110011110001000010001111010101011000100011001000001101100101001000100110101110111000001111011
1011001100101100110011000010111111111111101000111001101010001000011111110010001010000001000000011111110000001110101111010111100010101101001011111000111111010110101000010001001110101111101110100100110001101010001100000110101111111000001
1001100110000111100110011000000101000001001010001100111011101011110100010110111010111101111111000100000111100010100101110100001010111001101011000010011010011100101011111101100010101000100010110001111111100011111101110100000001000010111
1011110000111100001111110011110000011101100011011110100001001010000111010111100010100001001001110001011110111000110101000101111011110011100001101011001000110001101000011000111010001011111010011101010000111110100100100101110101011010011
1000011110110001111000111000111101110101001011000010001111011110110010010001001111101101100011011111110010001110110001011101001001000110111100111011101111111011101111001111100011111000001011011000000111101100001110101100111111001111001
1101110000010111010010001110100001000101111110011011111011000000011010111100011011001001001000001000100110100000011101000100011100011100010110010010100001001011000101100100001110001110111001110011111110001001011100101110010001100011101
1100011111010001000111100010101111101101000000110000100001111111111010000111110000011101111101100010001110111111110101101111000111111001000111010110111101100010010100110001111100100010001101100111000000100011001001101000110101110110001
1001000001111101101110111010100001101001101111111111101101000110000011010110011010110000110001001010100010101100000100100001110001001011110011010100000100001111110110010111010110111011011100101101011111111110011011100010100100010011111
1011111100110101101000011010111100100011001000100001000100010100111111010011010010011110000111011111111110101001011110111100011101101010011000000101011111111101100100110100010000100001000110100001010000000110110010111110101111011000001
1010000110000100001101110010110110110110011010001011011111011101110000011001000111000011111100000100000100101011000000100101000100101010111111111111000000000100001101100001011101101100011100111101011111110010000110100011101100001010101
1010111111011111111001100110100010010100110011111000010011010001100111110011011111111001000001101101110101101001011111101101011110101000110010000010010101111101111101111111000001001110110001100001000000111011111100001110001001101111101
1010000101000010000011001100101111010001100110001011110110010111001100011001000011001101111111001000010000001011001100001001001010101110011010111011111100011001000001000011111111100011100111001111111110000010100001100100111111000111001
1010110001111000101110011101100001011111001100101010000010110100011101000011111001100100010001111011111110101001111001011011011000100111001010110010001111000011011111011000000011001110001110011010101011111000001111110101110001110010011
1010111100001111101100110100111011000110011001101000111010010101111001011110001101001111010100010010000011101100110011001001110011101101100010100110100110011011000011001011111001100110111100110000001010001111111010100100010100011000111
1010100101101000100001100110010001110100111011001111100011010100110011110000100101011100010111000110101000111110000111101100000110101001101110110110110011110001101001101110011100111100110110111110100010101000100000101110110110111110011
1010001111000010111111001111010100010001110010011000111011010110011111000111110001000101010011111110111110000111111100000111111100000011001000100000111000100100101100100011010110010001100100011000111010100010001110100010010010000011001
1010101100011110000100011001000110111111100110110010001110010011000100011101011111010101111010000010011011110000001001111100001101011110011011111111101110111110111001111001000011011011101101110011100010111011011000111011011011111001101
1011101001111011101101000011111100101100101100110110100000111011010101110000001100010100001000111011001010111111100011000001011001011000110000110000000010001010011101001101101001001000100001010110101110001001110011110001001010101101001
1001001011000001001001110111001110100001100110000111111110001001110100111110100001010101101111101001100010000000111111010111010011001011111101100110101111100011010000011101001011101110111011000010100100101100100111000111100010000101101
1101111001101111011011010001100100110101110010101100000111101100010001101000111101111100101100001100111010111110000001110100011001100001011001001100100001111011010111010001011110100010010010011010110111111110111100011100111110111100111
1000011100100000001001011100110001110111011011111001010000100111010111000011101001000111100101111101101011100000111100011101001100101100010011111001101100001010010010010111000000111011010111110010000100000110100001110001110100001110011
1011001110101111111101010110011011000110001010000011111110110110010110011110000011010001110001000000101010001111110111011001101110111110110110001111101111011010111011110110011101100011010000000110111101101100101011011011000101101011001
1110011010100000010001000011010010010010111010111110100000100100110000110100101110011100110100011111100011011100000011010011100110100011100010100010101010010010110010000100110101001110011111111100100001101001101110000001101101000001101
1100110000111111110111111001000110111000110010100000001111111101111110100001101100110110010101110001101110010001111001000110110011101001101010101010100010110110000110111110000100011000110001011001101111000011100100111100101101010111101
1001100110010000110100010011111100101011100110110111111100000001000111101011001001100011011111000100100010110111001101111110011001001100001110111010110110100111011100101011110111111010100100001011000001011110110101100110000101010011001
1011001111110110100101011011000110100010001100010101011001010111010000111111111011001001001100010110111000100011100100100000111101011001111000010010000100101101110001100000010110000010111111100001111101011000100100110111110001011001011
1010011101000010001101000010010110110110100111010100000011110100011110011000100011101111100001111100011111101000110001101011110001011111000011010111011101101100000111001101010010101111110000110100010001010010001110010100011111011101001
1011000001011111111001111000110010100100111100010111110110100101110011001010001110000010111111000101000100001110010111001000011011010000011111010101011000101001101110011101111010111000100110011111011011010111111111000101000011010101101
1001011111010001101100001111111010111101100001010000000100001101000111100011111100101000001000010001101101111011010100011101110010010111110101110101010011101011101010110100010010001010001111001000001010010100010101101101111000010001001
1101000010000100000110100110100000100000110111111111101111111001010100111110101001101101101011111111001000110001011101110100000111000000000101000101010110001110001000100110110110101011111011101010100010110101000100001001001011111111011
1001011000111111110010110010001111101101100101100011001000100011010110001000001111000100101000100000011011100101000100000111111101011111110001011101010110111000111101101110100110101000101010101011111010100101110111011011100010000100011
1101011111100010011011111010111000100111001101001000011010001110010011100011100011111110101010111110111000101101010111110000000100010000010101000101010100100011110100100010101100101110000000101010001111101101100110010010001110110001001
1001010001001011000000001010001010110110011101011111110011111100111001111000111010001010101110100011101110001001110100011111110111110111011111110101010001101001010110101010000101100000111111101010100110001000110100110110111000111111011
1011010100011001110111100011011010000100111001001000010110000001101100010010100000100000100100101000000111111100100001001000010000000100000010000101011111001101000100001010110111001111100000001110110000111110100111100100001011101001001
1001110111001100011100110111110011111101110011101011010011010111000111011010111111111110110101101111101100000001101111101111011111111111111000111100010000011001110001111111110110011100001101011000111111100010101100001111101001100011101
1100110001100111001001100100000110000001000110101010011001010011010001001110110000100000011100001011001001111111001010000000001000000110101111101101111111110011100100110001100011111001011111110011101100001000101110111000111101001000101
1110100101101101101100001101110010111111101100000010111101111001110101101100100110111111001111111010011011000001011010111101111011110000100010101001001100010110110111100101001001100011010000010110000001011111101000100010011001011101101
1010110100111001001001111001011010010011001101111111100100001100100101000001101100010001100101000010111010011011010000110111000010011011101000100011100001010100000010001101111100001001110111000100101011011100101110001111010011000100101
1010010110001011011011000011001011011000011001000000101111100110001101011011000111010101110100010110101010111010010111100100011111001000101101101110111011010110101010111000001110111011100001111101101110001001100100111100010111011101101
1011010010101001001001011111100011001101110011011110000001110010100101111110011101010100110101110010000010001010110110001101110000011101100100000110000011010011111110001111100110011010001111001111100110101011110110000101110010001001101
1000011011101101101111000000111001101100000110010011110111011011110100010000111001000110010101100111111110101010100000100101000111010001110111111100110110011001000111100101110011001110111010011000110011101010000011111100111010111011001
1011111010001000100001101110001011000101111100111000110000001001000101000111100011111111010001001100000011111010110111111101010010010100010110000111100100111011010000110001011010011000101000110010111110001000101011000110101011100010011
1010000010111011111100100111101001110100011001100010011110111101111101011101001110000100011111011111111000000010010100000001111110110111010100110011001110101000011110011100001011110011100010100110101000101111111000010000001000110110111
1010111110100011000110111100001100010111110011001111000010000100001111010001011000110110110001010000011011111111011101111111000000110001010001111000011000101011111011000111011010000110110110001100000011101100001110110111111010100110101
1011100000101110010010100001111101110000010111111000011111110111100011000100011010110100110111010111000010000011000100011000011010010101111011011111111011100000000001010011001000111100010111101111111110001001100010011100001010110000001
1000101111101100110110001111010100111110110010000011111000110100101001110101001011100001100100010101101110110110010111001101001111110100001110000010110010001111111101111001101111101001000100001010000110111011111011110001101110011101101
1110100101000101110011111010000110010010111010101001000010100001111100011111111000111111001101110101000100100100110101100101101100011111100100111000100111111100000100101100100000001011111101111010110011100010001001100111100011000111001
1010110100010000010111010000110011011010001010101011011110101100110111000000110010000001100001000100011101101111100001110100100001001000110001101101101111000111110110001110111111101001100001011010011001101111011100001100111001010001011
1000100111111111110000010111111001001011100011101010011010100110010001111110010111101011101111011101111001000110001111010111111011100010111111100100001010010000110011011010001010001100101111010010111100101000000111111101101101011101011
1011110000000000011011110100011101101000111110001010110010110011011100110011010011001001000010010000110011011100100110010010001000110110000110101111111000111110011010001011011000111110100000010110101110001011111100011000100101110001001
1001100111111011011000100101110100101011101000111010000110011011000110100111011110011101111000110111100111000001110010111010101110010010111100100010110010011011001010100001010011100000111111010010001011111001000111000010110100111011011
1100101100001110010010001101100110001001100010001111110011001001110100001101001100110100001111110100101101111111111010001000100111011010011001101000100111001001101000111111000111001110010001011011101000001100010011110110010110100001001
1110101001011000110111111101001111111100001111100100011011101101100001111001100101100101100001010110101100000010110010111111110001001011000011001101101111101011001011110001110001011000110101000010001011011101111000000111000100101101111
1110101111001011110010001000011101100101111000110101000010001100111101100011110111110001111101000010100111011000100110000000011101101001111111101101000110001000011110000100011100011011100101111010111010011001101101111101110101111000001
1100100010011000011011100011000100110100110010010001111110100110000111001010010000111111000101111000110001001101101111011101001001001100000011000101011100111110110000111111000111110010001101011010110010110011000100011001000100011111011
1001111000111111001011001111110110010110010111010111001000110111110110011000111110000011010100001110011101111001000001111001111011111110101000011100001101100100100111110001110000100110111001010010100110100110011111001100011111010100001
1011010010110001101001011000100111000111010101011100011011100011010010111110101011111000010111011011000100001100010100001011000010100011101011001111101000110001110001000100010110101110011011000110101110101111000001100111000011000101101
1000011111100100101100010011101100010000000100001001110010101110011010010010001000101111110010001001101111011111111111101001101110001000111001111000111011100111100100011111011100100011001010011100111000101110010111110001101001110101001
1111010001001110100111111000100101111111111101100011000110101000111011000111100010000000011010101100001001001010000001101101000110101110001011000010100010101100110111111000011001101001101011010001100010100100110011011100111111000101111
1011000100011000110100101010110100000100000111001001011110001101100001110001111111111011110010100110111101100010111100100001011100100111101010011110001110101110010001010011110011111101001001110111001110110101111000001110110001101100001
1001111111110011110110001010010111110101110010011101010000111101001101011100010000101000100110110010010000110110100110111111011001110100101110110111111010001011011101010110000110000101011101100110011100010100101110100010000101001001011
1100010110000110000011011011010100110100011010111111011011101001011000000101000110101110001100111011000111100100110010000001001011110101100010010000011000111000000000010010111100110111001101001100110101010110000010111011111100011011001
1001000100111110101111010001010110000101011011101000010010000011011011111111111100100111111001100011110110001101110111111101101111100101111011011011001011110011111111111010110001110001101000011001110101110111111110100010000111110001101
1101111101100000111010010111010010101111010001100011110110110110010010000011100001101100011011001010010010111100100000010000100111001100001010010011101011000110000000101010010100011101001111111011010001000100000110101110110000100111101
1100010000110111110000110110011011100010011100110110110100010100111110111001001111000001001110011011011010010110001101110111110010011110111000110110001001110000111110001011011111010100011010101010000111011101110000101100110110101110001
1001000111110100000101100010110001111110110110100100010101010101110000011101011101010111101100111110000011000011111100100100011000111000011110100111111100011111100011111010000110010111111010000011111110001101011111101001100100101100101
1011111110100101101111001010011100011000100110110101010111110101100101110100010001110101000001101100101111111001000101101101011111101011001000110010001111010001101000110011101100110000101000110110000100100101010001101111101101111001101
1000000000001100100000011011000001000010110000000101000000000100001100000101000100000100010101000001100000001100010000100001000000000001100010011000100000000100001010000110000001100110000010010000110001110001000100000000001000000011000
1111111111111111111111111111111111111111111111111111111111111111111111111111111111111111111111111111111111111111111111111111111111111111111111111111111111111111111111111111111111111111111111111111111111111111111111111111111111111111111
