11111111111111111111111111111111111111111111111111111111111111111111111111111111111111111111111111111111111111111111111111111111111111111111111111111111111111111111111111111111111111111111111111111111
00000100001000100001011000101000010001100010101001000100100000010010101010101000011000000000100010001000000001001100100000001000010110000110001010001001100000010001010110000000110100000000110000000001
10110111100010110101000010001011000100101000001100010001101111000110000000000010110011111110001010100011111101101001101110100011010000110011100000100011001101110100000100101010010001111110100111110111
11100110001110100101101111101001110110111110101111111011000001110110111111011111100110100011011010111110001100100011000010111110011011111000111101110110011000100111110101101011000111101000111100010001
10101100111010001101100101001100100100011000100000100010011111000100100001001100001110001001001000110000100110001110011110101000110000011110001001000100110011101100010001001011111100001011100001010101
10001001110011111100110001011110101101000011111110111010110100010101101101100001111010111011101010100101110011011000111000101011111011000111101111010110011001101110111111011110001111011001101111010101
11011011011000000110111101000110100101111110001100011000000101010101111001111111000010011001001111101111010111010011101011101010001001110101100100010011001100100110001101001000100001001101001001010101
10000011010011110000100001110100110111000110100111001101111101011101000011010001011010110011011000000100010001010111001010001000101111100100110001011001100110110010100101100011111101100000011101011101
11111110010110111111111011010111110000010010110001100100110001111001101010000101011000100110001011111101010101110000011010111111100010001110011111111011110010011010110000111111001000111110110101010001
10000110110110000010010010000000011011111011100100110110100100100011001000111101001111101100101011001001011100100101010010110001111011011000110000110001000111001010011110100000011011100011100001011011
10110000010011011011000111111111001110001001001110010011101110101111101111110001100010000110101000011011001110001111110110000101010010001101100110011101011101100011000110110111001001101000111100001001
10110111111010010011101111000011100000101101011011011011001010101000001000000111111110101100111111001001100100111100000100101100010111101000001111110001011000111110010100110001111100001110000110100011
10010100010011010110100010011000110111100001010001001000011000100011111110111100001000100101110001101011110110100101111111101110110000001110100011000111000010110011110101100100000111111011110011111001
11011101010111010000111010111101111100111111011101101111111011111111000100110001101101101100010101001001100100001100010000111000011111111000111010011101111110011001000101001101010001010000011001011101
10011001000101011010000010010100000110101011001001000000001000001000010101100111001001000111000101011100101111111111010110110010110001100011101010110001000011001100011101011111110100000101001101010001
11001011111100001111111011010111110010100001101011011110111111101011110100101101011101010001111101000110100000001000010100010110100101001110101010110101101111100101111001110000011110111101100101000111
11101010100110101100001001010101011010101100100001001100010100101011010110001101010101111011000101110100111111100011110111000100001100011010100010000100100000110001000011000111001100001100111101101101
11101000110000111001101101010001001010001101111101100111000110101010010111111001010000101001101100000101100000111110000110011111111111110010001111111110110111111111011110011101100110100111110001000001
11001110111010001101100001000100011011100100010000110001010000101010110100010011010110001100100101011101001101110100110011110100000010000110111000000110010000010101001000110000110011110001000101111101
10011010001010100100101111111111011000101111010111111101111110101010110101000111010010101110101111111001011100000101111000010001111110110000010011110011010111000001101101111101111001100101011111000111
10111011101111110111101000000000001110100101010000100101101000101010100101110101011111101000100010100011010110110100111111010101000010111111010110011000010011111100001000001100001100101101000000010011
10000000101000010000101011111111100100110101011110101100101011100010101100100101011000001011101010001111010010110110011001011101011000010001110011011111111001000111111101100101101110100101111111111001
10101111100011010110111001000001111101100001000000001110100000111110101110101101001010101000111010111001000110010111001101001000011111110100011001000000001100010010000101110100100010110100011000001101
10101000111110010010001101101100100001111101011111100010110110010000100000100001100010111110110010101011110011010011101001101111110000000110111101011011111111111011010100110110101000100110110010100101
10111010110010111111011001000111101011000111110001111010011111000111111111111100111111110100100110100010111001011010001011000000000111111110111101110010001000001001010110100011111101111110100111110001
10110010011010000001000011010010001010010011000100110011000011110110000000110101100001100101101100111000101101001110111001111111111110001010011000011000100011101100010111101111000100001000101101011101
10010111001011111101110110011010111010111000011110011001010110000100111110100100111011001100101001100010000101100110011100110000100011100011001111011111111000100111110011001100010111100010101000001001
11000101100000010100100100111010011110001111110011001111010100111101101000001110011010011110001011110111010101110011000110011110001001111001100001001100001110110001011001011001010001001010101101111011
10011100111101000110110101110011000111011000000111100001010110001100001011111111000000111011011001010001110100111001110111000000111100010011111101100001100011100100001101010011010101111110101100110001
10110001101001110010010111000111110101001101010110111101010011100111101000000101011111100001001100010100011110001100000011101011101111010111000000111111111000110111100101000111111100000011100110000111
10111100001011000111010001010000100001100101011100000001011000110010101111101100001000101101100111011111000110100111111000001001100000000010011010000100001110010000110101101100000111111000110111011101
10100001011011110001010100011011101101110101011001111111001110011110001000100001111010001100110001000001110100111100001111101100110101110110111111101101011011010110100100111101010010001010010010010101
10110111001000011101011111111010001000100101010011001011101011011000111010111111000010100101111101111100110001110001100100100110011111100100100000111001000000010010101110010001011000101110111011000101
10100001111111000111011000110010111110101101110111100001001011000011100010100011011111110111000100100110011011100100110101110111001000111101101110010011111111111110111011010101001111100100001001110101
10110100000011110001010010000110000011101000010001111101011001111111001110001010010001000110010110001111001111001110010101000101101010110000101011000110000110000000110001011111101010110001011101010101
10010111111000111011011011111111111000101110111100010001001101000010011011111010111011011100110011100101101000011000110101011100111010000110100011111111110000111110010101010001001000011111000101010101
11011100001010001001001010110000001010100000100111010111011001011000110010001010110001000101111010110101001011110010100100000110110011111110111000000000011101100000110100010100011011010001110101000001
11011001101111101011101000100111111010111110110010010000001101011111111010101000100101110001011000010001011010011111101111110010100111000011101111111111010001001111100111110101111110000101100101111101
10001011100001001001101110001100001110000000011010111111101001001000001000101111101111011111001101011101010000110000001000111000101100011000000101000000010111011000101101100100100010101111001100010101
10100010111100011100100011111001100011101011000010000011000011101011101101101010001010000001100101000101000111100111111010001111101001111111101100011111110001111010100100110110101011101000011111010001
11111110000111000110111000110011111000111011101010111001011010001010000111000011100000110100110101101101111101101100001011100001101011000001101101110001011011100010110110000011101001000011010110011111
10001100101100011110001110000110011110010001111110001101110010111011110001011011001011100110000100111001001000100110101010111100001010011100100100011100001000101110100011011110001101111110000100110001
10100111100001010000100111111111001011011111000111101101100110001000011101001001011110001111101110001011100010110010100010010111011010110110110111010001101110000110001001000000101001100011110101100101
10110000111111010111110100000011100001010000010011000100111111101011010101101101110100111010100111011000111110011010101111000000010010100000010101000101000011110011111101110111111011001010010100110101
10011010000001010010000101011001001101000111111010010110001010101110010000001101000001100000110101011011110000110010111001101111110110101111010001111111111000011000110000011100001010011011000110010101
11011111111101011010111111001101011001111110011010111111100000100111011110111000011111001110010001001001100110010110001011000001100100100011011100000011001111011111100111000101100010110001011111000101
10000101010001110010000001101000011111000011010011100001001010110001001000011111110001100111111011101100101100110100101001011111001110111110010111011001011101001000111101110100111110011101011001011101
10110100010101000111110100001111001100011000010110001101101110011101101111001100010100110100011010000110001001100101101100010000011100000010110001011101000101100010001001000110000111010001000011001001
10100101010111101100011111111101100101001110110100111100100100110100100110011001011110010101000010111111101111001101100101110111110001111010111011000111010000111111101011011111010000010111111011111011
10101111010010101101010001000000110101100111100110010110110101110110110100110011000111000101111110000000000100011000110100100110000111010010010001110110011101101010101011000001111101110100010001100011
10100110011000100101000101010111110100110001001111010110011101010010000111110111101100010001100010101111111101111010110111101100111110010111000101100100110101100000101001110100000100110101000111001001
11110100111110110001010101011100000110011100011000010011001100000111010100010110100110110111001011100100000101001011100100001101101000110001110111001101100100001110001100011111110101100101011100011101
10000101100010100111111101011001111111010111110011111011100110101100011101000100110011100010011001001101110001100010001101111000000010111011000010011001110111111011111101001011000111001111110001111001
10110100001010110100001001001011101010010100000110001000110010101001111001011101111000110110111101101001011111001010111001000011111110101001011110111011000001100001010001100001011100011000000111000011
10011101011010010101101101101000001000110001110010100010011011100011001011110000001110010100100100101011001100011110100011111111000100101101010000110010011101001100010100111101010001011110111110011111
11011001110011011101001000100010111011111011011011101111001000101111101010100110100011010101101110101011100001111000101110000001101101101001010110011010110001111001011110001101011101001100100100110101
10001111000110000001011010111011100010110000011000101000011110101000001000111100111111011101001000101001001111000011101100101101100101001011010011110011100100011011001011101001001001100101110101100001
10100011011111111111011110110001001010011011001010111011001000100011101110001110000101011001100011101101111000011001101001100100101101101001111000110110001111001011101000101011100011110101010001110101
10111001000010100010001100100111011111000001111110001011111011111110100111100110110001001011001110111000100011110011001011110110101001001100001010100111011001100010001011101000111110010100011101000111
10101101101110001000100001110110010101111111000011101000010010001000110000110100011011101001011000011110101110000110011010000100100011100111011110101101001100111110111011001110010000110111001001010011
10000101100100111111110101100100110100000010011011001110110110100010111101100111001000101101000011001100100011011110110010111101111001110110000100100100011110110100101010011011000110000101101011011001
11110100110001100000011111001101110001011000110010011100010011101011100000110101101110101001111111100101101001011000100110011000001100010100101101110001110110010101101000110011111111111101101001001101
10110110011011001111010001011001000111010010100110110101011001101001001111100100000100101100100000110001001101110011101111001111100101010101111001000100100011000001001011100110000100010101001101111101
10000111001110011001010101110011111100011111110000110001111101001101011001001101111101100110111110011111100100110110101111100000110111010100110011011110101001101111011010110100110101000001011001000101
10111101100110110011000100100110001001001000011111100100010101111100010011011101010101110010001000110000110110000100100110111110100001000101100110001011101100100011001010000001110111110101011100010101
10100000110000110111111110001100100011111011001000101111000100001001110111011001000100111011101011100110010111111110110010010100111101110101001100100001001110111001100000111111010001000101000111110001
10101110111111100011000011111001101001100001101010100001101111101101100001001101110110001001001000001111110100000010011011000101110100111101011101111111011010011100111111100000011101101101110001100101
10100111100000101110011011001101111111001111001010111100100010001000111101100100110011101101011010111000110101111011000001101101010110000101010100010000011011000110000100111010111001001001011100101101
10110100001011100010110001100001000010011000011110001110101110111110001000110110000111000100010010010010010001001001010100001001000011110101000111010111110001101111110110000010100011011011000110111001
10010101101000101000011100110100011000110011010000111000100010100011100010010111011100010111111111010111011111011101111111101011011011000101110100010100010100100101010100110110101000010011101110001011
11010000111110001011110110011111111111111001011010010011111000101000111111010100010001010000000001010110001100000000101001001010001010011100010101110111000111110001010111100011101111111000100011101001
11011010100011011000000011001100000001011101111011010110001111111010000110010111110111111111110100010011100110111110001100011011101000110001110100010011010100011101000001001001000100001110001000101111
10010011101001111111111001100001011100010100110010010011100010001111010000110001000110001100011111011010110010100011100101011001111101111100110111011010010001000101111101101100011101100111011101100001
10111110001100000000001111110111110111000110010110111000001000100110010111100101010010100101000010010010011000101001110111001100000100000110010010010010111111101100011000100111111001110001110000111011
10001000111111111111100010000100100001110011010110001111111111110100111100111101011110110101111010110110111111101101000011111001110111110111011000110110000000101111001110110001100011011100011111110001
11100011101000001000111011011110001100011000010011111001000010010101101001100001000100110101101011100100110001101101111000001111000100010101001010010011111110100011100010011011001110010111001100010101
10111111001011100010001011010111011111011111111011000011011000110100001011101101010001100101001000001101100111000100001110100110011101010000011011111001100011101000101011011010011011010001100001010101
10000001101010111111100010010000001101000101010001010110001110010111101000100111110111101101011111111100001110011111011000110010111001011110111110001100101001101101111010001010110000010100111111010101
10111100001000100001111110110101100100010100000100010011101011010100001110110010100110001001000000100110111000110101001111111000100011010000100000101110001100111000011011101110110101110110010000000101
10001111101110001011000000010111110111011101111111011010101010010110101100011000101100101011011010110000100011100001100001001101101110011011101111101011111110010011001010100110100100000011010111111101
11101010000011111001111111011100010010011001010001111000100010110011101001011110100101111010010010100101101110001011111100011001000110110001000100001000001011011011101010110000111111111001000010001001
10001000110110101101100010010001011011110011000111000011110110111001001011010010111100100010110110101100100100111000101111001111010010010111011101101101100011010010001010111011100000001111011110101111
10111101100100000100001011010111001000110110010100011001000010001101101001000110000110001110110100111001110110110010100001100000011011011100001101101001001010011110101010000001101111100001110000100001
10010000111101011111111011010011101010100010110101001101011111100001001101010010110010100011100101100011010011100110111011111111111001000001100100101111011010110000111011101101001010111100110111111011
11011111100001000010001001011001001010001000011101111111010000111111100001111111111011111000101101001000011000101100010011000110001111111111110110101000011010110110011001001111011000000110000011001001
10011000101111111000101101010011011011111110111001000010011011110000111100100000001001101110101101101010111110100111011000011100101100000100010100100011110010010111001101111000011111010011111001011011
10110010100100001101111101000110010011000011100011011000111001100101101110101111101100100110100101101011100010110001001010110001100001110001010101111110100111000101100100011011110001111000011100010001
10100110110111100100110001101110111110010110001011001111101101001101100110101100100110110100110100101010001010011101101010010111111111011111011100101010001111111100101111010010000100111111000111110101
10101110010000110110010111000100100010110000101001011000100101011100110000100101110010100001100110101010111011010001001111010011001010001101001110100000111010000101100001010111011110010001010100000101
10001011011110100011010010011101101010011111101101001010110001010110000101110100011010101101001100001110110001011011100000011001100000101001100110111111100010110001001011010001011011000101110101110101
10111001000100101010011011110001101000110000101101100010111011010011111111000110110010111001011110100100010111011010111111001101001101100011101100100000001010011101011110011101001011110100100100011101
10010011101101111010110010000111001010011010111000111110101001010111000011010100100110001011010100110101110011010010110001101101011000101011001001101111111010110001010100110101101001011110101111011001
11000110000100110010011011011100011111110010001111110110100011010010011010011101101111101000010101111101011010010110000101100101111110101110011011100100001000010111000101110001001100001100001010010011
10011111110101100111000011010001000100010111100001100100110111000110110000111000100101001111110101011001001000110100111100110100001100101000110000110001101111110001101100000111011001100111101010110111
10110000100100101101111110010111110101000100111100101101100101110010111111101010110000011000000001000011101111100101110110000101100101111011111010011111100100111011000111111100010011110000100010110101
11100110101110100000011000110011000101111110000110000001001100011010000011000011111101010011111111011111000101101101000011111101110101000001100011110000110101100001110100010101110110011110111010010101
10001110100010001111000011111001111100110000110011111111100101000010101001101000100001111110000110010100010001001001010110001101000100011111001011000110000001001100110101000000010011001000100011010101
11011100111011111011111110011101000110011101111010110000110001010111101101001110001011100000110010110001111100011100010000100111011110110001011001011111111111011001100101111111011011101011101111010101
10010110000010001010001011000000010111001001000010010110010111110001111101100011101110001011111000100111010111110111111111110011001000110101011100000101000010001111001101001000010010101000000010010101
10110011111000101000101010011111010101100011011111000111000110111111000100111111000100111110001111101100010000100000001000011001101101100100000111111100011011011000011100011011110110001111111110110001
10011001011111100010100011110001110001111110001001101101111100100001010110000010011101101100100010101101000110101111011011001100100100110101101100001001111010011011110110110010100011011000110000111011
10111100000000101111111000010101100100110011100011000100000001101100010111111011110001000001101010000111111100100001000010011110110110011111111001101100001000110010000000011010001001010011100111101001
10001111110110100100011111010100001110010110111001110101101111001111110100001001100111011111111000110000100001111101111110110110110011000010000011100110101111100111111111110011101100000110001110001101
10100100010011101101001011010111111011010100001100010111000100011000110001101100101101000100011111111110101111001101000010000100011011111010111110110010100110001111000001100111000111011100111010111101
10110001011000101001101000000100000011000001100111010010010101111010011111101110000001110101010000000100101100011000011111110001001001000000110000011010110000111010011100001110010011110001100000010101
10010111010010101011101111111110101001011111110001011000110100001111000000001011111100011101011011110001100001011011110000111111111101110111100110111010111111100010110110101000111010000111111011000001
11111100011010001010100001000011101101001000011101011101111110100001111101111010000110111001011010011111101111001000100110100000001000011101101100010010001100001000100000111111100010110100110001111111
10000101110011111010111101011001100111101011000111001001000011110100000100100000110010010011000011000011001001101011101100111011101101000101001111110111100101011111111101100001111110111110011100010001
10110101010110001000110100001100110011001011110011101111011001100111110110001111111011000111111110011000011101100010001001110010100111110100011000010101110001001000000101110101000110011011000111010101
10110001000010101110100111100110011010011000011010001100011100110010010111111011001001101110100010111111111000111110111101100110110001100110110011000100011111101011110100110100010011001001101101010101
10011111101000100010101100110011010010111111001010111001110110011000110100000000011100111000111000010001001110000100100100101110111100001100100111111110111011001001100101100111111011101100100001000101
11010000101101101110100110011011011000001011011010100011100011001111110101111101000110100010001101000101100100110101101110001010000111111110101110100100001010011100110111001100011010100110001101101101
10000110111000111000110000111110011011101000001010001110001011100000100100010001101110101110100111111100110001111101001011111000101100010100100000110101011000110110100010011101001000110011011111000111
11111100001010010011111101100000110000111011111011111100111010111110101110110111101000100111110000001101111011001001011000000010100001010001111110110001001011110000111000110001011110100111000001110011
10001101101111110110011001001111110110100000001000000001100000001000101100010000111011110001011111100100101000011011010010111111111101000100000110011011101010011101101111100101110010110001011100111001
10101000100110000111001011011100011100101111111111011111001101111011100111010110110010100101000000110110000011111010000110110001110001111111010011001110001010110001000011001100100110100101001110011101
10101110110011011101100011010001001111100010001000010000011000100010110011111110000110001101011110010011110110000011111110100100100111000100011001100110101010100111011000011110101110101101100011010001
10100010111010010001101001000101100000110110101011110111111010101110011001000011011111111001000010111001100100111010000010101110101100010101111100110100101000101100001111110100100010101001001001010111
10111011100010110111001101111111111101100100100010010100001110101011001100011001000000110011011010001100101101100010111010111000100110110100001110100101111011101001101100000101111010111011011111010101
10001001101010010000011000100011000100001101111111000101100111101011100111111101011110010111110010111110111001001110011010011101110010011111100011101100110001101011000101101100000010000001110001010001
10101101001011011111111010001010010111011001010000011100111100001010110000010101110011010101100110000000100011011000110011010101011011010000111011001001100101001001110101100111110111111111000101011011
10100101011001001100010011111110110001111011000111110110010001111000111101000101100110010000110111111111110110001011100110000000011011000110010010011101101111011100110100110001100001010101011100001001
10110100001111100101010111000110011100100010011101010000110111100010001101110001001100110110100100110000010111111010001111111111001001110010110110110101000010010110100110110100111100010000001001111011
10010111011000110001010100010000110110110111000100000110100100001111100001011111011001100100101110000110110000100010111011000011101100011110000110100001011110110110101100100101101111010111101011000001
11010001110010011111010101111111100110100001110111010100101101111101111111010100001011001101101011111100100110101110110001011000100111000100110100101100011000100000100110101100001000010100101110011111
11111011100111000011000101000101001100101101100001111101101001000001000000000001011011111001001000001110101110000100100100011111110011110111100101100101110011101111110011101111111010110001100000110001
10100000101111101001011101010000011101111001001100100001101101101011011111110111110010000011011101101000000011111101101111000000011001010000101100111101000110000000111001100010000011111101111111100101
10001010101110001111001001010101000100011011011110101011001000111001000000110001100110101110010001101110111000010001101001111110111101011110101110001001011111111110001100110110111110000100000010101101
10111111100100100110011011011111111101001001110100111001011110011011111110011100101111100010111011000010001101110101001011000010001001001010111011101101001001000011100110010000010000101111111000101101
10110000110101110100110010000100010001100011000110000011000111001001010011000110100000111010110001111010111111000101101010011111100011100010000000100101100011010110110111011011110111100001011110001001
10100101100101000101100110110001000111111111010011111111010011101101000111110110111110000010000111011010100011011111001000111000111110111011110110110100111010010010000100010011000100111100001011111011
10101100110101011101101100011011010011000000011000010001110110001100010000010100000011111111111110010011101010011010011101110010011010000000010110110111100010111011110101011110011110001111100001010001
10001110000101000100100110110011111010011111111111000100100100100110111101010101111111000000000000110111001010110010110101000111001010101111010100010001110110110000011101010000110110101000111011000111
10111011110101101110110011100110001010110000010001111110101101110010000101110100100001111101110110100100011000100110100000010111101000100011010101011100110110011111001001010111100000101101101001011101
10000000011100101010011000101100101010111011011011000010001001011011101101000110001100000111100100101101111111110000111111110011001010111010010101110110010011000101101011010001111011101100001101000001
11111011001110101010111110101001101010100001000001101111111011001001100100011111111110110000101101100001011100010111110000111001101011100010110101100011011011010001101001111101000010000101101001110111
10000001111000101010010100101011001010111101111100100000011000011101001111110101101010011110101111111111001001010010000110011100100001101110100111001010011000011011001100001101011111010100111011010011
10111111000011100011010101101001101110001100100110111101001111110001101000000100000011000110001000000011100011011000111111000111101101001010101100011000110010111110011110101001010001110101110001011001
10001100011110111011000101111100100011100110101100010001100010000111001110110101011001110011111011101001110110001111101001010000100111011000100001111111100110010100110110111011010100100000100101001011
10111001110110001001110100011001111000110000100111010111111000111101011000100101011111011000001010111100110011111100000011111110110010011111111111000000111110110001110010000010000110111111101100011001
10011011010000101100110111001100011101111111110001010010100011100000001101101111000000001111101010010110010111000001110111100010011010110000000001011010000011100111011000111111101110000011001001001101
11010010000101101110010011100101110001101000110100011010001001111110111001000001111010100001001011000011000010011111010011001011001110000101110101110011111000101100010011100011000011011001011011100101
11010110111111000011011000110000100101000011100111110010111011000100000011111100110011111101011000011001101010110000011001011011100111111100011101100110101110001001110111001001111110011101010000111101
10010110110011111001011101111111101100011111001101010110011110010111111111000110100111000101011101111111001010111101001101001000110000001110111000001100000011111101000100011101000011110001011110010001
10110100000110001100000100101100001110111000011000010011110000110100000110010010001100010001000001000110011010000101101101101110011111100100001111111101111001000101011101111000011000010111000011110111
11100101111110100111101110101001111000100011111011011010000111100110110100111011111001111111111111010100111111110001101001001000110000110111101010101000001100010001011000001011111111010001111000010011
11001101000010110011000010001011001011101110100010001000111100110100010001100001100011000010010001010101110000111111001011011011110110110011001010001011111111011101001010101110000011011101001110111001
10011001011000011001011111101001100000100100001010101110110001100101111011110111001010011010110100010001011010001010011000001001010100011000011000100000110001000111101110100110101001000001100010011101
10111011001111111101110000101101001111110110111111100010000101001101101110100100011111011010010111111111000010101000111111111100000111011111111110111110100101010110100011110100101111111101001011010001
10100011101001010100100110000101111000010100100000111011111101011100101000101101110101010011010010000000010110100011110000000101010001010000001100100011101101010000111010000101100010101101011111010111
10111110101100000110001111111100110011000101101110101010001101000110001010100100000000010111010110111111111100101000011110110111011101010110111001101001100101111010110010111100111000000001001000010101
10100000100111101111111000000110100111111100000010101010100101110011111010110001111111110001010100001100001001111111001000100011111001000100100011001100110100000011100110110110101111111111011010110101
10101101110001100100000011010010001100000111110110100010110100010110001010010111000000111100010001101001101011010001101011101010000011111101101111111110110111111001001100010010100000000101011011100101
10000101011100110001111110010111111111110100011100101110111111010000100011011110011110100110111111111011001110000100101010101110111110010100100011000110010000110011011111011000101111010001010010001101
10111100001110011100110000111100000010000001000001101000000000010110111111001000111000110010100000001011011000111110100010000110100111000101111000010011010110010110010000010011101100011100010110111001
10000110101011000101100101111001011011011011111101101111111010110011100001101011110011111010101110101010010011100110111110101100110100010101001111111000011111011100111011110110111001110101110010100011
11111110101011110111001100110011010001010010000111001000001110111001001101100010100110011000100111100010111010110100100010111001110001010100011000001110110000010001100011010110000011000000111000111001
10000100100010010011011110011110011101011110101110011101100010011111011100111000101111010011110000111110010010000001111000010011010111011111001010100000100111110111110110010000111110011111101111110011
10110101111010111000010011001100111001010000101100110001111010110001010110001101101000010110011110000111000110111111110011010111000001111000011011101111101100000101100110111111100011010000100010010111
10010001101010101111110111100001101011000111101001100111000011100100010011100111001011000100110111110001101100100001100111110110010100101011110001111100000110111100101100100000001001011010001011010001
11011111001000000001100010111111001001101101001011110101110110001111111000110000011011111101110100111011111001111101001110100100110110001000100101000001010010001110000101101110111011010010101001000101
10010000011111110111001010000000011100100101011001100100100100101001000010111111110010010100000110101001010011000001100000101101100111011110101111011111011011101000110101000010011110010111111101111101
10110101110000010100011010111111010110110101011101001110001101111101011110101010000111010001010000101100011010011100111111100111111100010100100011000011110011001111110101011111001000110000010100001101
10010100000111110101111000001100000100100001001100011100111000011000000100000010111100010111011110100101001000110110000110001110000001110001111001101000011001101100000100000101101011100101010111100101
11011111110000000100001111111001110101111101100111010001110011001110110101111010110001010011011010110111101111100011110000111100110111000111001100111111001100100001111111111100001001111111010001110101
11000100011101111111100100100011010100100101110011111011100111100011100100110010011011011001001000100010100110101000111111100001111100010100011110011101101001111111000100000001101100000000010111000101
10010001000100100000110001101110000110110101011010001000101100001000110110010111001011001011101011101000110010101110000000110101000101111110110111001001001111000000010101011101000111111111110000011101
11011111010110101110011101001100111110010000001000101110111101111110010011011101101001101010101000111011111010000011101101100111010000001000010101100011011100010111110001001111111110000000010111110101
10000011010100100111000001011001101011011111111110100100000100001011011001000001001101111010101101110010000011110110001000001100011110100011000000111011000101110001000101100110001000111101010011000101
11111001110110110011111111001101000001000000100011110111110111100001011101101011011000000010101000100110111111000010101011011001110011111111111110110001101100011101101111111100100011110101111000010001
10001100110011111000011001101001111101111110101000110110100100001111010000101110010011111010101110001110000101011110111110010011000110001100100000011101100101010001001000010001111110000100011111111011
10100110011000101111000011101011000000000010101110000100101110111000010111100000111110001000101011100010110101000100100011010110010010100110001111110000110001110111011011000111000000110111010000001001
10110010111110000011101001001011011110111110001011111101101000110011110100111111100000101111101010111011110101101101101001110110111110110011011001100110011011000100001011111101101111100010010110101101
11111000100010111110001111011001011000100011111000110100001111100110100001100010001111100001101000001010000101001001001100000000110000011001001011001111110010011101111010011000000001101010110110111101
10001111101010001000101000001101001111101001011010010101111000001100101111001000101101111100001101101010111100011011011111111111100101001101100011011100011110110101010011010011111100111110010010011001
10100000001011100011111011111001100010001100010011010001000010111110100110011110100100010111111001111010100101110000000000010000001111111000110110010101000010010000010110010110010110000111011011001011
10110111111001110110000010000011110110111111000111010111011111100000101100111100110110110000101101000010110000011111011111110101111000110010011100110101111011011110110111000111000011110101011011101011
10011100001100011111011110111110100010010001111101000100000000110101100111111001110100000110001100010110011010110001110000000111000010000111010001100100010010000011100101011100010110110001000000101001
11000111101111001000001100000110001011000100100001111111111010100100110001010011100110101111011001111111001110100100100111111100011111110001110111110111010110110111001100010101010000100101111111101011
10010000101001101111100111110011011001111110110101100000001110101110011100011110001100111010001011000011100011101101101100001001001000011101100100000100010111100101011001110101011111101100101000101001
10111110100011100000110001011001001100001100000100111011100110101111000111000011011111100011100010010110111000100100100110100011011011000111001110111101110010001100011011100001010000101110001010001101
10010010110110111110111101001101101111100111111110011001110000100101110011111010000110001001110110110000001110101101110010111110010011110000011010001101011010111001110010110111010101101011011011111101
11000110100000101010000101100000001001001100000111001100111111110101011000000010101100111100011100111101011000100100111010110000110110111111111000101001000000100011100110100011000100101011010011000101
10010100101010000011110100111111011100011001010001100110100011000000011111111111100101101101001001101001001010101110010010011111100100010001010011101011111110101110101110001001011110101000010110010101
10111101111011011000110110110001110001111011111101110010101001111111001001011000001100100111100011001011111010100011000111000110001101000100010111001000110000101100000011111111001000101111010000110101
11110001011001001111100100100100011011000010110001011000101100110011101101000011011110110010111110011010001011111011111101110100111111101111110101011110011010100111111001100001101010100001011111100101
10000101001101011000001110101111001010011110100100011111111110010110001100011110001100111000100010110000101000101010000100010001100011000110000001000011001111110001001100001100111010111101110100110101
10111111100101110010111010000001101010110000101101001001100011000110111001110011011001100010111000111111101110001011010001011111101010010000111111101111100000111101100111111110001010000100100001100101
10000001110100000110100011111011101010011101100111100011001001010100101100011001010011110110010010010001100111011001110101000101001011110111100000100010111110100101110110000011100011111110001101101101
10111101000001111110001011000010001111010000110110110110011101010101100001001101000110000011000111010100001100001100010101110100011000100101001110101000010000110100010100111000110110000100111100101001
11100001101111000011101001101110100101010111100100100000110001110101111101100001110100111110010001110111101101111111011100010101111110101101011000101111010110000111010101101110000100110001100110100011
10001100111100011010101100111000111100010000110101101110011101000100011001111101100001100011111101100100100100000001000111010001000100101001011011111000010011111100010100000010111101111111001100111111
10111111100001011010000110000011100001110110100100000011111001010111001011000111001011001000000101001101110111101111010010011111010101100011001010011101111000000101110111101111110001001000011001100001
10100001101111110011110111111110001111100010101111111110001100010001101010010001011110011111110111011000010010100011111011000101010101111111101011001101101111110100110000000110000111100010110011111101
10101100001011000111010001000110111000101010100000110000100111111011101110111101110000110001000100010011111000111001101010010100011100110000001001100101000110000110011101111100111101111010100110001101
10000101111010011101000101010010110010111010111110000111110100011010001100100101000111111100011110111010001110011100001011110110110001100111111101110000011100111111001000010001101000010010101110100101
11110111010010110000011111011010100110011110100011111101000101001110111001110101101110011001011000100010100011001111011001000100100111001100000100010110111001100011101111110111001011000111101100110101
11000010000110011111111000001000001111000100001001000101011101100110100011010000101010110011001011101110111011101001011101101110101100011101110111011110001011001001000100010101101011101100000101110101
10011000110011000000000010101010101000010001101100010001000000110000001010000110001000000111100010000000001000000011000000001000000001010000010000000000101000011100010001000100000000100001010001000000
11111111111111111111111111111111111111111111111111111111111111111111111111111111111111111111111111111111111111111111111111111111111111111111111111111111111111111111111111111111111111111111111111111111
