1111111111111111111111111111111111111111111111111111111111111111111111111111111111111111111111111111111111111111111111111111111111111111111111111111111111111111111111111111111111111111111111111111111111111111111111111111111111111111111
0000001101010000000001100010100000001000110001000001100001010010000110110000010001000010000101000000010001000100110000001101000010000000001100010000000110100001010000000001000000010001100100011100010101010000001101010001000100000000011
1111100100011111110111001000001111111010000101010100001100011000110010100111000100011000111100011111000100010001100101100000010110111101101001000110111100001101000111111100011111000101001101001001000001000111100001000100010111011101001
1010110101001100010000011111011000110010101100010111111111001101111010001101111111110010010001110001101111110111001100111111011100000100111011111100001001111001011101100111110001101101011001101011101101011100111101110101110001000101101
1000110001101001011110110000010010000111101111111100000001101100001110111000101011010111110111011101100001100100011110000110001001101110110010000111100011000011000001001101010100101000010011101000101000010001110100011100011101011101101
1010011111100011000010111110110111111100001000001001010111001001011100100010000000010000000100000100111100111101111011110011101011111000100110110010101110011011111101011000000110101101110110101101101111111100010111000111010001001101001
1011011000111111111010000011100011000110101010111011011100011011110001111111111110111111111110110110101110001101100010011000111011010011101100111010100011110000010001010011110011100101000100101001001000001001000001110110011101100101111
1001001011110000011010111001101001010110111010000001000001110001100101100001100000101101000000100000101011100100001000111110011001000110000110100000101000100111110111010110011001110111011110100011011011011011101111010000111000110100001
1101101000100101000010001100111101010010110011111111111111010111001100001100101010001000011111111110000000110111111110010011001101011110111100101011101110101100000100010011001100010010010000111110010010011000100001011010100010011111101
1000100010001111111111111110011001011000100110000110001100010110011111111110001111100011110000000111111110010000011011011001100001000010000101111001111100111001111101111001100101011000110110000011011110110011111100001011111111011000101
1110111111111010001100000011010011001111110111010000100101000100110110000111011000111110000111110000100011011011000001011100111111101111110100011011000001100011011000011100001111011111110111111001000110100110000111100011000010001010101
1010001000000000100001111001000111100110000011011110110001110101100100110001110010000111011100011110001001011011110101000110011000100110110101010010011101001110010011000110100011010101010000101011110010001110110000101001011011100010001
1011101101011111111111001101111100110011111000010000011111000100110101111100010111110100000001000011111101110010100111110111000010110010100111010110110001011000110111110000111110000100000110101010111011111000011110111101001010001111111
1000101001001100010001100100100001111010001111111111010001101110100101000111010100010101111111010111000100010110001110000011011110011000001100010010111011010011110100011101100010110111111100100010001000010011110010000111101010111000001
1011101101100111000111110110001100100000100100000001110100111010101100010100000101010111000001110110010111010110100100111110010010111111111001111010001110011010000111000111101000100001000001101111101111000110000111110000001010110011011
1010001001110010010011000011111110111011101101111100110110000010100101110101111101010011011101100100110011010011101101100010110110010001001101100010100100111000111110010010001011111100011111100000100001111111010000011111111010100110001
1010111011011010111001101000000010010000100000000110010011011010001111010111000101111001011001001101111110011001001001001110100011000100011000111110110101100011110000110110111110001111111010111110001011000110011111010000001011101110111
1010100010001011111100001011111011010111111111110111011001001111100110010011010000011100010011011000000110111101111011101100001001111110110010000110010101101110000110110100100100100001000000001011111001010011000001110111101001101010001
1000110111011000010111111110001001011110000000100001001011100000110010111010010101000001010110011111010100110000001000101001111101000110010111010011010001000000111111100101110001101100010111100000001101011001101011100001101100101011011
1011100011001111010010000000101101000100111110101101100010111101111010110010110111111101110100110001010001100101101110100011000101010011010101111001111111111111101011001100011111111101110001101111100101001100111011001111001110000001001
1010111001011001011000111111101001010001100010111111101110110100101010011011100010001001100110000101011111001111000100101111101100010110000100111100100001001000101000011001110000010100111100101000111101011110001010011000011011111101101
1000011100000011001010100000000011111111001010100001001000000110000011001000101110101111001100111101011000011010011101111000101111110011111110010110001100011010100010111100000111010110000110111010011001000011101000110011000010000111001
1111001001111111101011111111111001100000011110001101011111010011111111101110111100100110011111110001001111000010110001010010100001011010100011000011100111010010001011110110101100010011101100110011010011011111001111110111110110110011101
1011101101000010001010000000001101001111000011111101000001011010000010101010011001110010110001100111100001101110010111000110111100010010001010011010110011110111111110000011101110110110000101100110000111000110011000010010100100011001001
1000101001011000111000101110101001011001111011000001111101010010111000000011001011011010010100101100111100111000110101110100010001010111011011110000011001100011000110111000111000100100111101001111110110010010111101011010001101001101011
1010001011001101101011111100101011011100001010011111000100010110001111011011100011001011010110101001101110100011110100000101010111010011010000111110111101001001010010010010010011110101110001011000100011111010100001011011011101111101001
1011111001100111000001000111101001001111011000110100010111110110100001110010101000011001000100001100100000001010000101101111010010011000011110001100001100011100010111011111010110010101000101010010111000010010110111001001001000110001011
1000011100110001110101010011001101101000001111110001010011010011101100011010111111011101111111111110001101011110111101000110011011001111110011100001100110110001010001000110000111000001011101010110001101010110100001101101111011100101001
1110110111110100011111011010011111001011101001000111111010011001100111001000100001001101000000010110100111110000101111011100110010011001000110111101110011111111111111010011111101101011010001010111101111010100101101000100100010001101101
1010000001100111000110001010111000011010101100011100110010111100110001101011101101111001111111000100111100000111100000010101111011001011010000001000011010000011000001111000100000111110010101010010001010000110111001110110001010111100101
1011111100101101110000101010110011110010100111001110010110000110111101001001001000110011000001011101100001111100101011110101010001111000011011101011111110101000011100001110101110000010110111011011100011111100000011000111111010100001101
1010000110101100011111111010011010000110110011101011000111010010100001011101011110100110011100011001101111011001101001000101000100100011111000111001000000111111110111100100100110101010100011011000111010110111111010010000011110111111001
1000111110100001000000110011010011101100111000101001011100010110110111011001010100001111000101110011001000001100001101101101110110101111001010000011011111110000110000110001110011111000101010001110100010000100011011111101000000100001011
1101110000101111111101100110000110001110001010001011001101010010100001001111000111111111010111000111011011100001111101101101100010101000011011111110010011000110000101111111011010001111111010111100101110101101001001000111101111101101001
1001000111101000000111001100111100111011011111111011100101011010110101100001110110000110010010011110010001111101000100100100101110101011111110000010111010011111111101101011000000101100001110011001100111100001100011010011111000001101011
1011011100111011110000011101110001101010000110101010110101010010010111110100010100110011111000110000110111000111010110110110101010001000001100111000101000110001000100001000011111100001100000110011110001001011111110011001010011111001001
1010001110000010010111110101000111100011110100001000010101010111011100011111010001111000111011110111111110010110010000100000100011111110111001101111100011111011010110101011001001111111111111100111111101011000011000111100010111000011101
1000111011011110111100010100011110001001000101101011010101011110000001011000011111101110010011010000011000110000111111101111110110001100010011000011001110000010010010101001100011000100000011001101110101111110110011101111000110011110001
1011100011010110001001000111110010111100010001000001110101000011111111001011010000100011010110011110110011111111101000101001010000101001110111101001100100111010111000101100110110010110111000011000100100011000100110000001111100110010101
1011001000010000101011110000011000100001011111111111000111111000001011100010000110111010010000110100100110000100001110101100011111100011000110001100110110011010101110100110011100110010101111110010001111001110101110110100010110111000111
1001011011110111100001100111011110110111110000010001101110001111101000001111111110010010111111110001101100110001100110100001010001001010011100100110010011110010101100111111001101111000100010111111101001100011100100010111010000101010011
1101001110010100101111001101001100100000100111000100001100100001100011111000011011011010010001011011001110011111110010111111000101101110110101110010111010000110100110110001100101101111111000000000100011101000110101110010010111101011001
1101100011000001101100011101100001101101101101111111111001111100101110101011001000000011000100001010011011000100111000100001111100111100100101011010011010111100110000100100101100100000110011111010001000111110100101011011110000101001101
1000101001111111111001111000111111100111001000000000000011010110100010001001101101101001111111101000111001110110011101101100001110011001101101010011001010000101111101101110000110101011100111000010101010011010001100001000111110101101001
1110111011100010100011000010011000110011011010111101111111000110111000101100100111111011000000101111101100000011000001001111100011010011001101010111101011010101000111101011110010101000001101011111111011001011111111101110000100101101011
1010010011001000001110010111110010000110011111100001000001010010001010100110110011010001101101101000100001011001111111011000110111000111011001010101111001110100010011001000111110111011111101010000110001111000010100100111010101100001011
1011000110011111111010110000000111111100110000001111011011011011101111110110111000011100001000100010101111001101000001000010110001111101010011010000011100010111111000011110101000110000100101000110010111000011000101110011010100111111001
1001111100110001100010111111111100011001111011111000001001011000100011000010011111000111111110111011101001100111011101111110011100100001000110011111000111010101011111110110001010100110110001111111011110011110010101010110010110100001101
1011100001100100101010000011000101000011111011000010101111001101111010010111000001110001000000101001101100110001010100011011010110001101011111010001110000010001000000010000101011101110010100000001001010110010110000010100111100101100101
1010110101001110001011011110010001111110110010011111100100011101010010110001111101011101111110001100100110011100010111000001010011111001010001000100011111110101011111010101111000111011010101110101100000011010011111110101100001101110001
1000000111100011111110010000111111000110000110110101110001010001010110111111000001011000100010100110110111010111110101110111010111010011000101101101011000010101010001000100011110011001011101000101111111000011001100000100110100001011101
1011101110111010001000110111101010010011011100110000011111110100010111100000011111001110001010111110010100000000110000010001000000010111111100101001010011000101000101111111010111001101001101011100110001101111100001111110000111111000001
1001001010110010100011110100000011011010001110011011000100000111010001001111111011101011111010100011010110101010011011011101011111110110001110101011011001111101111101010000010001100101100101001110011011111000111101010010111100001111011
1011011000000110111110010101111010011011100011001110010101101100011100011000001000000000110010101000010011101011010010010001001100010010100000111010001011000100010100010111011011110100110111101011001010100010011000010110010001100010001
1001001101101100101000110001001011001000101001100010110100111001000111111011100010110110100110101111111001001111110110110111011001011010111111110011101110010101000101110101010000110101100010001011101010001111001111010011110111111010111
1111100111100101100010110101100011101110111100111010100110001111110100001000111111110011101100100000001101101000110110010000010011001010010000000110000100110111101100110101011011100100001011011010000010111101100011011010000101100010001
1000110000110101111110011111001110001000000110010010101111100010100101011010011000000110001101111110111101100010100100111101110111100011011101101100110101110000100110010100000010001111111011011000111110101000111001000010111100110111011
1010011110100101000111001110011100101111101111010110101001111010001101011111001011111100111000011010100001001110001101100111000110111111000100100101100001011110110010110101111110111000010000010011100000001010011101011010101110010011001
1011000100101100010101100100110110100100000100010110101100011010101001001100011011000110011101000010001111100010100100001100010010110001110111110111001101000000011000010111000110000011011111110110001011100010110001001110101011011001111
1011110101101111110000110101110100110111110001110000100111001011101011100001110010010011000111111011111000111110110110101101111000100100010000010011101111111111011111110010010011011011001000000010111000110111100101100110100000011100001
1001100001100010111110010100010001100100011111011111110001101001111010111111000110111001110010010010000010000110011100101001011110101110111111011000111000001100001000111010111001110001101111101110101111110011001111111100101111000101101
1101001111001000000011010111011111110101000100010100011100101100001000010100010010011100011011000111011111110010110001101011000000100110010001011110000011100101100010000010011100011100101000111000001000011001011010001101101011011101101
1001100011111111101011010001011000010101110101000101000110100111101111000101111011010111000010011110010100011011100101001001110101110011000100000011101110110111111111111011000111001001101010001011111011001101001010100100001010001101001
1100111010000000111000010101000011010001000101101101110000001110000101101100101110000011111110110000110101001000101111111100011111011001111111111000100000010000100000001001110011101011001011011010011011011001011000110111101000100111011
1110001010111110011011110101111111011011010100111001011101100100110100000110000010111110001000100101100001101110101000010111011000001101000100001110101010111110110110101101011000101111011011010000110010001111000010110100001111110100001
1000101010001011001000010100000101001110010110010011000111111101111101111111111010101100101011110111001011000110101011000011010011100000011101101100111110000110100011100101001110100000010010010111110111100001111111100101111100010101111
1011101111101011101101000111110001100011011110110111110100001000000101100110101010101001101011000110011010011100100001101001000110111111110001000110000011110100111000110101101000111101110110110110000100111100001100001100000101010100001
1001101100001010000111111100011011111001000010000101000101101111010100110000001010100011001010011100111110110001101111101111110000001100010111010011101000111101110010110101001011100001000010100100101101110111100101100111101101010101101
1011001001111010110110001101011110001101101011101100011101100001110110011101101000110110011000110001100100100111001000101100011111011001010001111001111110011001000110011101101001111111011110001101111001010000110100110110001001010111001
1110011011000010011100100001010000100100111000100001110000101100010111000101001111110011111111100111110001101100011010101001000001010011010101101100110011000011101111000101101100000110000111111100001100010110100110100100101011010010011
1000110010010111000001111111000111110110010010111101000111111111010001110001011100000110000110001100100101101111110010101011111101010111010101000110010111111111001001101100100111110000111100000111101101000010001100110101111011011010111
1010100111110001111111100011111100010011011110000111011100011110011011011111010001011100110010111110101101001000000110001011000001110101010101011111010000000110011100100110110000011111101001101100100111111011111110011100100010001110001
1011101100000101000010001001000001111001000110110000010001001100110001000101010111001101111000001000100101011110111110111001111011100100011101000001011011110010110101110010110111010010001111000110110010100011000111000110101110100111101
1001101001111111011000111111011100011101110100011111010111100001100111010000010010011000001011101101110101001100100010011100001010001110110001101111011000011110100000111000100101011000100001010010111000111001110000010000100111110100001
1101001100001000001010001100001111000100100111010001110110111111101110011111111011110011111110000000110101100101101111001111101000101100110111100000010011001100111110101111101101001101111100011010101110001101100101111110110001000101101
1100011001011011111111100101111001010110001101010101000100000000001100111000011000110110000110110111100101110001000001100001101111111001100100001111110111100001100000000100001001100101000111110010001011101000111101000011111101011101001
1001111111001001000001110000110011010011111000010101101101111111011001110010110010000011010010011100001101011111101101111100100000001100001111101101100001111101110111110111011100110001010011010110101001001010001111011001000001000001011
1011000011100011011101000110000111110110001111110100101100010001110011100110000110111110011010111001111000001000111001000110111111100111011011000100001011000100010101010100010110011111111010010100100011011111101000011101110111111111011
1011101010001110010101011111111100100010100000100110001001000101100110110111110011100000110010100011001110101010001011010010010001110011110001110111111110010111000100010001110011000000001000110110111110010101001101010100100011100001001
1001101011011100110001010000000110001110111010110111011101101100001100100100011110001111110110101111100111101011100001010110110100011000100101000000001100110001101111011111011001011101101011100100110000110001011001110110111001001101011
1011001001001001110111010111010000111000110010010001110000111111111110001101001100101000100110100110110011001001110111010100100111011110111100011011101001111100111000010100001100001001000011001101100111111100000011100010001100011001001
1000011101111011010010010001011011100011100111011101100110011000000010111001111001111101101100110000111000011101000010010001101101000100001001111110000011000110001101010001101101111011011110011000101100011001111110101111100110110011101
1111110001100010011010111101111110001110101100001001001111001011111010001101100011010001001101111011100011110001010110111111001101110111101111100011111111101111100101110100101001001001000100110010101001001011000010000000110011100111001
1000000111001111001010100100000110111000100111100011011001100010101010101000101110000101011000101000111011011011111100100001011000010000100010101001100011100001110101000110111011101101111101100110100011101110011011111110011000101110011
1011111110011000011010101111110000101010110000111111110011111110100011101110100011111100010010001110010000010010000101101101010011011110101000001100111001001100110100010010100010000100010001001110111111000000110001000000111110100010111
1010000100110011010010101000111110000010011110011000010110001000101111000010111000011001111111101011011101000110101101001001011001110000101011111110001100011110000101111110001110110111000111100011110001111111111101011110011000101010101
1011010001100111110110001101100011111111010011000011000000101011100001101010001111001100100010000001000101111100100101101011011100000111111000100011011001111011111111000100101000100001101110101000000101001100000101001000110011101010101
1000011111110001100111100101101001000011000111111111110111101001111100111011100001100110001011111101110101100001101100101001001001111100001010001110010011000010001100010111100011111111000000111110101101100101110001101011100110111010001
1111110100010111001101110001001101011000010011000001100001001100001110010000111100110011111000110000110111001111100110111011101011000001101110100110111010011110100001110001111011000110010110000000111001110100011111101010101100110011101
1001000001010001011000011101011101110011011010011101001101011001101011011110011001111000011110011010010011011000110010001010101011101111001100110010100011000000111011011100011110010011110011111101110011000101011010101000100001100110101
1100011111011101001111000001000100011110001110111001011111011111100001000011000011011011001011001011011001011010000111100000101000100010011001111010101010011111110010000111000010111000010110001111000111101111001010001011111100101100001
1001110101011001100110011111110101001100101100101011011000010000001101110111111110001001101001101111111101001011111100111110101010111010111111010010111010111011010111011101111000101111011100100001110001100011101000101010000110100111101
1011000001001011110011010000110101100111111001101011001110111101111100010010000011100011001011100010000001101000001110100010101110100010001100010110011010001000010001000000001111100001001101111100011100001001101011101110110010110001001
1001111011101000111001110110100100110000001011100001100110110001010101111011101000111001101000111011011111101111100110101000101100001111100101010111010011101101010101011110101010111101101001000101000111011111001010001000100110100101111
1100011000001110101100100100101110111111100010111100111100100111000100110000001110001111001011101001000010001001110010101111100110101000110001011100010110000001111101001000100010000100100011101111110001110001011110101011101100101100001
1111010011111000000110001101101011100000111110010110100001101101110110011111111011100011011000001101011000100011011000001000110011101101111111001101110011110100110001101011101011010110111110100010111100010100010100101000101001111111011
1010010110000011110011111100101001001101110011000010110111101000000111000110000000111010011101101001110011111000011111111011111000111101000001100001011001000111100111111000111000010100010000001010001111000111110001101011101011000011001
1000110111101010000110100110001100011000000111101010110100101111101101110011111110011000110001101011100110001101001100000000001110001001011100111111011101111100001100110010001111110001010111111011101001111110100101101001100010011001011
1101110100001011111100001111111110111110111100001110010101100000100000011000000111001110100101001010101110100111100111011101100011101011000101100110000101100001111110000111101000011111010100000001000011010010101100101100111110111101001
1001010110111110001001100101000011100000100001100111010100001110110111111111110001100011111101011010001010110010110001110001110110001000010100001100110001001111000011111100001011001010010111110100011111000110000110101110110100100001101
1011010010000100100011110100011000111011101111110011010110100010010001000010111101111001010001110010111010011010011100110101000100111011111101111101111111011100011000000001111001101000110000011110110000011100111100100110010001111100001
1011011011110101101110010101110010011001001000011000010011110111010100011000000100011100010111100110101011001011000110000101110101100001000100010001000001010101111011111111001101101011111101001011100101110001100001110011011100000110101
1001000000000100101100110101011011001101011101011111111001000010010101001111101111000001010010101100001001101001101110111111100100111111010101010111110100010001010010000100011001001001101001100001001100110111101111011001001110110011101
1101011111111110100110000001001011100101010101000000011101011110111111011010100011111111011000101111101101101101001100011000111110000100010111010010000101010100010111010001010011011100001011110101011110000100001000011101100010011000101
1001010000000010110111111111101000110001010001111111000001010110100011000010111010000101011110100110001001001001100001010010001100110001010001011011011101110111110101011011110110000111101011000101011011111101111011001101101011001110101
1011010111111000100100000100101110111111010100010001111111010010101001111000001000110001001100110011011101011011101011110111100110011111110101001001001001100011000100011110000011010010101001011111001010000100010001111000111011101000101
1010010101001111101101110110001100001000010101010100100100011010001100001101111110011011100101111001001001001011001110100100110011011000011101101101101111001110011111010000111110011110001101010000011000110101010100000010010010001011101
1011110001100011001101010110100001101011111111010110001101111011111111011111000011111001110001101101100011101001100110001101111001110010111001000101100001111100111000010111100110111000111001000110110011100111010111111111010111011001111
1000011101001010011000010011101011111001000011011110101001000011000101001010011000001100011100001000111111001100110010111001101101100110010011011100111100000101110011010100001100100011100011111100110110001100010110100001110100001100001
1010110100011010110011111000111010001100011001011000111011010110010001101000111111100111010111101010110000011110111110100011000100001111000110001110000111110100100111110101011001101110001110000110100110111110110000111101000111101111011
1110000111110010110110101010011110100111111100010010110010010100110111000011100001110011000000101011100111111010100000111010010111111101111110100111110011000110101110000101010011001000111010110011101100011110111110001001011110101001001
1000110011000110000000001111001000110000000111110110010111010101110011111110001101011001101110101001001110000010111011110000111101100100001010110011011010011100100000111101010111011010110010111000000111001100100010100011000010000011101
1101100110011111111111100111101011111111011100010011010001010001011001000011011101001100100100101100011011011010000010000110110000101101101000111000001000111001101111110101010001011110000110101111111100011001101011110111111011111010001
1001001100111011000000110011101000010001000001000110011100010111001101011000010000011110110101100111110000001111111111101111100110001100100011101101111111101011101000000001011011000111011100101010110001110011001001010010001001000010111
1011101101100010011110011001001011010111111111110011110111111100011001001110110110111010111101101100011010111000101100001000001111101001111110000100001100000011001010111111110001110101010001100000000111010110011100011000111101111110001
1010000100001010110111001111011110010000000001011000100010001001001101111000011111100010001101000001001110100010000110101011111000100011000110110111011001010110011110000100011011100001110111001111111100000100110101111110010101100011011
1011111111011110100001101000000100110101111100001110001010101011100000100010111000001011100100011111100010101111110010101011000011111111110100010100010011010011000111010101001010111100100110011000100001011101110100100011010100101011001
1010001100010000101100000010111101111111000111101011011010111010111110001010010011111000110101110000111010001101011000101001111001100011000101110101110111111001110001110101101000000110101100111110001011010000000110001001000110001001011
1000100001110111100111111010010001000000010010001010010000100010101011011111110110001110000100110110011011100000001101111100001100001000010111100100110001101100011100110101101111110000100101100011111110011111111100101111101111111100011
1011111111010001111100001011010111110111111000101010110110101110000001110000000100111100111111100011010000111011100100010111100111111101010000001110011100101111001110010001000010011111110100101001000110110000011001100110001000000111001
1011000010011100011001101111110000010100011111101010111110101100101101000111111110010001100000101110011110001001111111000001110001000001111110100111000110100001101011011011011000110101000110001101010000100111001011110000111010110001011
1010011000110111000011001100011111010111000010000010001000100101101101011100000011000111001110100011000011101111000001101100011101011011000111110001010010101100101011001011011110000001011111111101011010101101101111100111100010111111001
1000111110110001111111100001000010010001010110111111101110110100100101001101111001011101011100111001111001100011010100100111001001001110010001011111111000111001101001101110010111111100010000001001001111101000100011001110001110000001101
1111110000000111000000111111011010111101010010001100100100110110110111101001001100000001010101101100001100111001011110110001111011100100110100010000101011100011101100100010110000000111111111101011100000100011111001111100111011111101101
1000000111110100011110000010010010101101111011100101110111100100010110101101100111111011010100001110111110101101011010111011000010110101110110110110001010110110001001111010111110110000010000001001111110111011001100110001100011001101001
1011111100011101110111111000111110100001000000110101010010001111110100100100101110001110000111011000100000100101001000010010011110100100011110110111101010000010111011000000100011100101011011011011000100001001100110100111111001101001011
1010011001011001000000001110100010110111011111100100011000111000000101110110001100100000111100011011101111110001101111000110111000001111001000100100001010110110100011011111101000101101000010010010010101101100110110001100011100101011001
1000110011010011011111100000101000010101000001001101001111101110110000010011111001111111110001001001101010000101100011011110001011011100011010101101111010100100111010010100001110111101111110110110110111000110110011111001001110001001011
1101100110000111110000111101101111000100010100011001100010000110011111111010001011000001000101111100101010111111001001001011101111000001010011101101101011101101100010110101111010000101000110010100100011010010011011010011011011011011001
1000101111111100100110000111000001111110110111110011111011110010110000101000100001011111011111000001101000100110011101101000100001101111110111001001001000001001001110000100110011110100010011110101101001011011001001000111001000001001101
1011100110000101101111110010011101100011100110010111011000111000000110001111111100010001000011011111001101110010110101111010111100111000010010011101011110111011100111101110010111000111111001100101111100010001101100011101101101011100001
1001110100110001101000011010110111001001110011010001001110001011111111100000000111110101011010001100011001011000000100010010000110010011000110110101000100100010110001101011010001011100011100101100010111011111100110110000100001010111111
1100110001111100001101001010100100011100011011010101100011101001000100111011111110000101110000111001111011010011110101000111110011010111110010110001010001101110010100100011010101000001010110001001000011010000110010100110111111000101011
1110011111000111111101111000110101110111010001000100101000101100010110001000000100111100111101100011001010010111011111110001100111000100111010011011110111001011000110111001000101111111010100111111011010010110011000110011100001110001001
1111010110010010000100001111100100110001011101111110101101101111110000101111101101101110000111110111100011000001010000011111001101111110101011001000111110011001110010011101111101011000010001100011110011110111001111111010001100011101101
1111010100111010110111100001110110100100010100011000100101001000111110100001100100100111110011000100001111101100010111000011011100001000001001101110000010111100011111010001101000010011110111001001000111000011100000000010111111000101001
1110000001100010010000111101000110101111110111000011111101011010000100111111001110110000011001010111011000111101010011101001010001100011101100101011111010101001000100010111001011110110000100011101101101011110111101111110000011010100011
1100110111101111011010010000011100101010110001111111000001001111110001110001011010010110111101010001010010001001111010111101000111111111001101101000101010100011110001010100011010100100111101010100100001000100000100000111101001010111011
1001111100101100010011000101001001101000000101100000011101101000010101100100000011010010001101111101010111101111000010011001101100010000011001001010100010101000111101110001110000101101100001110110110111110001101111110011001111010001001
1011000110000101111111110101111011101101101100110101010001101101010111001111111110011011100100010001010010000001101111001100101111010111110011011010101110101110000111000100110111101101001111100010010000011111101010011001100100011011101
1010010011110001000000011111100010100100100110010101111111000101011100011000000100111000110111010111011011111011001001100110100010000010010110001110001000100111101100011111100101100101100100001011010110111000001000111100001101110010001
1110111011011101011101000011001110110110110111110100010000010001000101111011110101101110100001000101010011001001011100110000101011111011010011100011011011111100001001110000001100110101110101111111010110101011111101101111111001000110111
1100100010000101000111111010011000110100010011000110110111111111110001000010010001001100101111111101000110011101010110100111101000100001011000110110000010000001111011100111111110010100000100010100010100100010000000101010100011101110101
1001110110111101101110001000110010010110111000011110010011001000111101011110111111011001101000000001111110110100010110101101001010111100001110010010110110101111000010001101000000110111111101000001110101101110111110000010101110101010001
1011010110011000100011011111111011110100101111110011011000011010001001001000000000010011001010111101000010100111110100101100011010001110101011011011111100100110011110111000011110010110001111101111100100101100001011101000101100000011101
1011000011010010101010000100001000110101100110100111001110110011101111101010101101010111011010010100011000001100000001100110111111100011101001001010000110110100111000101101111011010000100011001010001110100110101000111101100111111011001
1010011010000111111010110101101010000100001100001110011000100110100001001110111001110110010011010111111110111001101111110100001100101001001011011000110011110001101011101000001010011111111010011000111010110011101110011000110011000001101
1011110011111100001010100100100011111111100101111000110010101110111100011100110011100010110110010000101000011100100000100101101001101101011001001010011001100111001010000010100010111001000010110011100000011001000011001110111001011111001
1000111000001001100010101110111110110000110001000010010110100010000101110001100110001110010010111010000011001001111110101111001011111101001101101111111100101100011011111111111010000011011110100110101101001101111001100010001101001000011
1110001101101011111111100110110000011110010101011011010011111011011111011011110010111100111010010011111111101011000010100001100011110001101001100110000110101110111001000110001111010111010000101100101111100100001100111000111101101011111
1100100111000010100000110010011101000000111101001111111001101011000010010001100110100101101011011000011000111001011010111100111001100111000011001100110100100100001101010010100000010100010111100001100010111111100110001010010000111010001
1001110001111110001110011011000101101110011001100000011100001001011000110100111100110101001001001110110010011100011010000110001111001100010110011001110001110110101001011000111111011101110100001111101000001100101100101111010111100010101
1011011100100000111011000001110100100111010011111111000101011101001110000110011001100100011101100111100111001001010010110010100100011001011100110011000101000000101011011111100100011001000110101000111011100110100110100011110110001110101
1011000110101011110000010111000101110001110110000001101111010101101011111111000011001110111001110000001111100011111111110111110110111011110001110111111111111111101001010000110001010011011100111010010010110000110011101001000100111000101
1001101110101001010101011100011100111011000100111011000010000101001010101101101011011100010011011111111010111111100010000101100100100010000111010010100001000110001100011010010111010111001111100011010110011011111001101101011101100011101
1100000100101101000111111001110110010010011111110001111000101101011000001000111000000101110110000000000000010001001000101100001101101110111100011000001100010011011111110010110011010101101000001111010000110001101100111001000001001001101
1111111101100101111100001011100111010110110001100100011111111001011101011010011111101101000011111101110111000101011111111001011001111100101101001111111111111001111011000110011001110100101101101001011111111100000110001011111111101100111
1100001101110100001001100010001100010000000100001111110001010011001101110011000001101001011110000101010011110101000011000011000011000001100101100001100000101100001001011111011101000101101001001100000100001110111111101010000101000110001
1001100001010111100011111110111001111111110101111010000100000111101001000111111100111011000010110100011010111101101000010111101110011111110100110101001110100110101101000101000101011101000011111111110001100100000000100010110100011111101
1011111111010000111110000000110011000001000111000010111111111110101011011110010110000011111010110111110010011000111011111101101000111000010001100101011000110010100001010001101101010100011110000000011111110101111110111000100101110000101
1010000000011110011000110111100111101101111110011010010001100010101001001011000011111000100010010100000111000010011110001100001011100011011111001101001110011000111111011100111001010001110110111011010001100100010000011111110101000110101
1011110111000111001101111100001111001001000000110011010100101110000011101010010111000011101111010001111101101111110000100110101011001110001100011111100011011101100001001110110011011101000100001110011011001101110101001000010111011110101
1000100100010001100100000101111110011101011111110110010110000100111110101000110000011110001001011111000001001011000111110011101001011100100001110000101001001001101011100010010111011000010101111000111000011111000101101011010110011010001
1010101101111011110110110100000100110100010011000100110010110101100100101101111111111000111100010010011011011010011101011000111100010001111100110110111101100011001000111011000101001011110100110011101011111000010100111010010000110011011
1010101001000001010010010001111101100111111001011110111111100101110001100101000100001011100001111000110010010010110001001110001111110111000110010110000100101110011110110011111101101110000110010110100001001011110111100010111111110110001
1110101011101100011011010111000100101101011101000010010000110000110101110101110101101010101111000011100110110110110101100111100001000010010111010011110110111000111010100110011000100011110011010110001101100010000010001110011000100011101
1000101011001111111001111100010110100001010001111011000110111011100100010100010101001000001000011001111100100100100100110000111101011110110100011010110000110011100010001100110010111000010111010011011100110111011110111011001010001010001
1101101001111000100011000101110110101100011101010010011110001000101110110111010101011111111110111100010001101101101110110110010001000110100111110010000111100110101111111110100110001111011100011001110110110001111000000001101011011010111
1101111100100010001110010101100000100111010001010110110011101010100010010011010101001000001100001110110111001101000010011110110111110010110100010111101100001110001000001010001111100100010001111100100000011101100011111100101011001110101
1001000110001111100000110001001111110010000101010110010111001110111011011001000101100011011001100100100101100101111011001100010000111010010001000101001101111011100010100011111100001101010111000110111111001100001110000111100010011000101
1011010011111000111011111011111011011011110100010011000001011100011110001101110100111111010011111101101101110100011001100001011110001011011111010100011000110001001010111010000101101001110110010010001101101001011100110000111110110011101
1011011011000010100001111110001001000000011111011001010111010111001100101101010110011000010110110001101001000111001101111101011011100011001000011101111011100101011110100000110101111011100100110111100100101011001001111101100010010110001
1010001000011110101100110000101100011011000101001101011100010100011001101001000011001011110100010101001101010101100100000111000000101001101111111000010010001101000110111111100100100011001101110001110110101111111011011000001000110100101
1000111111110010111110010111100111110001110101101101110001110001110011111011011001101000100101010111011100010000110110110001110111111111001000001110110110111001110010110000101110101110011001011100110100101000010010001111111110110101101
1011100010011010011011010001110001100101000100100100100111000100000111010001111111001010001101010000010110111101110010111100010100000011101011100010100100001011011010010111100010100100110011000001100110000011011010100000000000010100101
1010101000110011000011011100111100111101010110110110001100011111110000010101100000011111111111011111110000110000011010000101010101101001101000111011101101101001010011010000111010110001111001101111001111111111010010111111111011010111101
1010001011100111110110000110010110001101011100000011111110111000010110110101001111110100000011000110011111100110111011011111010101111101001010101011001000111101000111010110011010111111011100100001011011000000000111110000001110010001101
1011011001001100010011111111000011100111000111101000010100110011010011100101011000100001111010010010111000101100100011110000010100110100011110101000011010010100011100010011001000100000000110111111001001101101111101000101100111111100001
1010001100011001111001100011111001110010010000111010110001100111010110001101011010001111010000111110000010100110101110000111110110010001110100101111111111010111110001111111101110111111110000100001101100111001100000011111110000001111101
1011100110111100001100101000001100111010110110011111100111101110010010111101010010111000010110011000110110110100100111010100100011011011000101101000011101000110100101011000100100001000111011101101101110010011001111110011011111101000001
1000110110001110111110001101100110001011100011000100001100001000110110101001011110100011110011110011100100110101110011011110101110010010010101001011001001110100101111010010110101100010000010001000001011000111011100011010000001101011111
1010011100100010001011111100110011101001101001101101111101111011111100101011001100101000000111000110001101100100011001001100100110110110110001011011100011010001100001000110000100110111111010111010111011011110010001010000111111001010001
1111010001111010100011000110011110001100101100100100011000100010011001100001100101111101111100011110111000001111001101100101110010011100111111000000110110000111111101010111101110111100011110001111100000001011011011011101100010011000111
1100010111001010110110010011011000111110111111110111010010101011010011001011110101000101100001110000101111111011100101110100011011001001100010011111100011101100011001011100000010011001000010101000111110100010011010000001001011011110011
1001110100011010110100111000010011100010110001100001010110101111000110011001000100010101001011000111101000010001110100010110111011011011101000110000111001000101001011000110101110110011111011100010000011111010110011011111011001010011001
1011000110111010100101101111010111001010000100110100010011100001011110111111011111010101011110011100001011000100000111000100000010011010101111111010011101011101100010010011111000010111001001111111111010001010000110001000001100000111011
1010011100001011101101100000010110011011111110010101111001111101001000011000010001110111000110110111011001111111111101111101111110110010000011000011000100010100101111111000010011010001101100000101001000101111111100111011100111011110001
1000110101101000100100111111110000111000101011011100111100100101101111110011110100110001011100100000011100100011000000000100011010010110111110011011110111000110101000110011000111111100000111110001011111101000000001101001111110001011101
1111100101101110110110001100011111101110100001000110010110001101100011000110000110011100010001111101000110101110010111010111001011010011100000111110000001111100101010010111111110001111110011000100010000100011111111001100001100101000101
1000110000100010010011100101000000100010101101101111000011100100111000011111110011000110110111000001111100101000110100010001100001011001110111100011101100001001111011010000000010100000100110011111000101111111001011101111100111111010001
1010000111101111010110110001111011101000101111000101010110110110001011110000011010010010110001101111000101100011111101011100111011001100110000001000111111101100100001010111111110111110101100110101111101000001100000101010110001110011111
1011111110100100010000111111101010001111100001110001110000100011101010000110110010111010011011100011010001101110000101110110001001100110100111111110011001001110001011010100000110100010001001100001100001011100001110000010111100100110101
1000001000110001110110100000101000111000110100011100100111101111001011011110000111101011110011001000011111001100110100010011101100110100101101000011001100011010111110011101110010110111111011111100110111000110101100111010100110001100001
1111101101111111010100110110101111100011100111000110111100000110011011001011111101001000010110011111111000011001100111011000100110110001100001011001101001111000101000111001011000100000001000000110100001110011111001110010001111111001011
1000101100000011000110010100101000110110001110010010011001011100110001101010000100011111010011000110001101010011101100010010110010011111111101110011101011001011101011110011001111101111101111110110001011000110000011010111011000001101011
1101100110101110010011000101100010000000111010110111010011110101100101101000110001000100011001110010100111110110100001110110100111001100001001000110001001100000101000000111100011001000100100010011111110011100111111000101000011100101001
1000110010111000111011111101101010111110001010100011010110100100101100001111111111101101111100011000110100000100111111010100101101100111101011010010111101111110001011111100001110011011110001011001000100110001100001011100011001111101101
1011111010000011110010100100111111100011100010101110010010001110111110111000000001100100010101001111100110111110001000000101100001110011001000010110001000100011101110000101100100110001011011111100010101100111001101001111001100000000101
1000000010101001000110001110000000001000111110101000111010100110010011100011111100110111000101011100001110100011100011011100110100011010011111110011101010001000100100110000110101111100011000100101110000101101011001100001100110101101101
1011111111111111011110100011111111111110100010111010100010110011000110001110000110010101110111000101111000101001111110001110011111010010110000011000101111111110110110011111100101000111001110001100011111100100001111110100110011111001001
1001000110000110010100101000001010000000001000100010101110111001101100111011101111010000010001110100001010101100000100100011001100010110110111111110100010101100100011110001110000010001100011011111111000110101011000011110100110001101011
1101110000110000110001111011101000111111111101101010100110101100100101100011001010010111011100110111100010101111110111111111101001010010010100000100111010001001111000000100011111111100110111010100000010010111010011001100101100100111001
1000011101111111110100110010001011100000011000101111110000100110110101001000011000110001000110010000111111100000010000010001100011011011000001110101110011011011001111111111000010001110110100010001111111010010000111100110101101110001101
1110110001000100010111100110101000101111001110100011011111110110010100011101110011110101110011011110110000111110111101110100110110001001110111010001000110001001100010000001101010111000000101110101000110011011111101110100111000111100101
1010011011010001000100001111111110100001100111111010010001000000110111111001000111000100011111011000100101110010001100010110010111111101100000011111011100111011001000101100111010000011010100010111010000111000001100110101110011101110001
1011010010011111011101100010001010101100110100000000110100011111100100001101011101011111000110010011101100000111100111010011011100000100111111010001010001100010011111100110010010101111111101010110010111101101100110000100000110100011101
1010010111110001000101101110100010101110110101111010010111111000001101011001001101010001010011010110001101110001110011011001001101101110000011110100010100110110110000110011010111111000001111010010110001100100110110101111111110001000001
1010110100000101111100111000101010100010011100001110110010100010101101011011100100000101111001010100111001011100111001001011101001000011111000110111010111100100011010111001010000100010100100011011111100110110010011100110001000111111111
1010000101111101000110010011111010110111001111100010011010101110111001010010110111111100101100010001110011001001101101100010100011011000001110000101110001101110110010101101011110110111110001001000100110010110111000110000101011100100001
1011111100001001010111010110000010010001100001111011001010100100010011010110010010001110001111110111010111101011000100111110111111001101011011111100100100001000000110101101110110000100011111111110101111010100001110111101101001110001101
1000000111101101010000010100111111011011111100001011101000110111110110000000111010100111011011000000010011100010010110000100000001101001110000000110001111111111111100100100100011101101011000010100101101010001100110101001101100011111101
1010110000001000011111110101110001001001010110101001001110010000100011111110001000110100001001101111111001001000110011110101101100101111000111101110111001101100000101110110101001001001010011000101100101011111110010100011000111010000101
1010011010101111111000000100010101101100000010111101100011011110001110100011111111100101101100000010001101011111111010010100100110100011011110000010001100100001011101000010001100011011000111110000110001000010111110101111110101000110101
1110111110111000000011111111000101100111101010000100111110010011111000101010000000001111001001011010101001000100011000110110110011111000000100101111101110001011010001011111111111110001111100111111111011111000100000100101010001111100101
1000001100110011111110000011111100110011001111110110011000111000001010001010111111111110011111001110101011101101001111100100011011011111111101111000001010111010010111000001100000100111000110001010100011011110001111110101000111100001101
1011111001100110101011110110001110011001100100010011010011100011100010111110010000000100110001101100100000111001100000101111001000010100000001100011111000110010110110011011001110110001110011011000001001000011111010010100011100001111001
1000001111001100000001000100101010111100111101000111000110101110110111100011010111011101100100111001101111100011111110001001101101010101111100110110001011100110110011110011011010100100011000001011011101011000000011000111010001111100011
1011100010011111101100010001101010000110010001110001111100001100010010001001010001000001001110000011111000001110100011111100000101000100101001100100100001001100011010000110010000101111001011011001000111001110111001110001010111000111001
1000111010111000101111111111101010110111000111011100110001101001000110111101011101111111100111111000110011111100001011000111111101101110100011001111111111011111111011011100110111100001101110011011110001101010011100011101010000010001101
1101101000100010001001011000000010100011111100000101100111111111011100101001001000000000110100011101100110010001011010010000000101000110101111011100000001001000110000011001100101110111101100110010011011000011001111011001111111111101001
1101001011110110101100000011111110101000100001110100101100000001110001101011101111111110010101000101001100110111010010111110110001011100100001011001111101100010100111110011101100010011001001110110110010011011101001001011000100001001011
1000011110000011111110110110000110111111101111000110100101111100000111101011001001010011010111110001011110100010010110100000111111001101111101000011100001101110101100000110100110110110011011000100110110111110001101101001010001011011011
1111000100111011000011100111010000100011001100010010110101100111111100001010011100000110010000100111011110001110110100101111100010011001000101011110101111001010100101111100110010000010110001101110010000101100111001001011011111010010001
1001110101101010011000110100011011101010011001111010000100110000000101111010111001010000110110110101001100111000100101101010001000110011010101110000100110011010110101000001111010111110110101001011011110001001101100011010010001000110101
1011100100001000111110011101011010001000111011010011011110111010111100010010010011011111111110100001100110100011101101101000101111100111010100100110110010110010000101101111011011100000100100011010000011111011000001010010110111111111101
1001001101111110010011011001110010111111100011000111001010010010001101010111011111000100000000111111110010101111001000101011111001001101010110101110111010011011111100101100010010001111110111111000110110000001111111000110010000001101001
1100011100100011011011010011100110101010001010011101101011011010101001000000010001110101111110110000111010101101101011101001110011011100010110001000001010110001100110101001000110111000000100000010100100111011100011111111011101100000011
1001110110101010000010010110101110100010111011011001001001001111101011111111010100010100001100100110100010100100101010001100100110010110110011011111011010100100001100101011111110001111101111011111101101100010001010000100010001111111001
1011100010101011111110110110000100101010001110001101011011100001100000100011010111010111101001101100101110110110101110111110001110110000111110010001110010101111101001100010000100100001000000010001001001001010111000110101111011000011101
1010001000101000001100010011111101101111011100100001010010111100111110001001110101010001001111101101101011100100101000110011101010011011100000110100010110001011001011101110110001111101111111110100011011111110011111110100001001111000101
1011111011101111100001011000000101000101011001110111011000110110000011111101000101011101011000000100001000001110100011100110001011011000001111100110110011111010011001001000011111000100010100000111111010000011000001010111101100010010001
1000010001001001111111011111110001110001001111111100001110100011111000000111011101001100010011111111111101111010111110101111011001001101111100001110111000010000111101011111110001010111010001111110001000110111111101010100100101010111111
1111011111011011000000010001011111100101100000101001100100001000001111110011010101100111110111010001000001000000010000100010000011100111000101111010001111011111110101010001000101010110010111000100101111110100010001010001110111010000011
1000000000010000010101000100000000001100101010000011110001101010100000011000000000110000000000000100010101010101000110001000101000110000010000000010100000000000000001000100010100010000110000010001100000010001000100010100000000010101000
1111111111111111111111111111111111111111111111111111111111111111111111111111111111111111111111111111111111111111111111111111111111111111111111111111111111111111111111111111111111111111111111111111111111111111111111111111111111111111111
