1111111111111111111111111111111111111111111111111111111111111111111111111111111111111111111111111111111111111111111111111111111111111111111111111111111111111111111111111111111111111111111111111111111111111
0001001101000110100001010000000100001000001000000001100001001110000001010001100101001010000001010110000011000000000110000010101000010000101001011000010000101010100000110000000110000010000011000000000010101
1011100000010000110111000111011101100010100011111101001101100100110100010100001100011000111011000100111001111011110011011000001111000110001101000011000110001010001010011111010100110110111010010111111010001
1000110101011010010001010011001100111111101001001000011000110001100111000111111101000011101000010001101100100010011001111101100011011111101000011111101111101000111011001100010101110100101000110001010010101
1110110111001111011011011001100110110000111100011011111110011111110001101110000001111110101111111011000110101111011100101000111001001100001110110001001010101011100011100101110101010101101111111101010110111
1010010001111101010001001101111110010110011110110010001011001000011101101000111111000010000101001001110110001001000110001110101101100111100011100101011010001010001001111100010100010001100000000101010010001
1011011100000100000111101001000011010011001100100110100011101101000100111011110010011000110000011100110011111011010011100100100000110011001001001100011000111010111011000001011110111111001010111101011011011
1001001001110111110100001011011001011001100101101110111001001001110110001000011000111011111110110110011000001010011010110101101010011001101100011111110011110010011010011111000110100011111110100001001010011
1101101101100100011101111001011100001100110101001100101100011101000011011111001111100000001000100011011110100010111000000101111111001100100110111000111011000111010010110001101100101000000000101111101011001
1000100111001101010001001100000111111110110101011001100111110101111001010011100001111101011010101011000010111010101111111100010001100110111111100010001001111100010110100101100101111101111110100000100011101
1101110011011101000111011111110110000100010101001100110000000100001100011010111100000101110010101001011010011010100000001101010100110100000000101111101100000111010010110101001100001100001000111110101001101
1101011010011001011110000100011100110101010111100110111011111101011001000010000111110101000110101101110011001000111111011001000110100111111110101010100111110001011110100111011111100111101010000010111100101
1000010010110011111000110101001001110111010011110100011000010001010011111011010100010111011100100101000111101111100001000011111100101110000010000010101101010100011000110001001100110001001111110110010110101
1011010110100110110011110101101011000000011001010101110011000111011111000010011101010110010001110101011101000011001101101111000110100010111011011000101000011110110011111011100001111101100001010011010100101
1011010100101100010110000100101001111111111100010101000110011100010001101111011001000100111011010111010001110110011100100100010000111000101001111111101011001100100111000010111011000001001101011011010101101
1001010110001001000011101110101100110001101111000101111111110001110101000110010011111101110010000100010100010000110110101101111111101111101100110000001010011001101100011010001010011111011001000001010100001
1101010011011011111001001100101110000100100001111100100000110100110101010100110110110000100111010101010111011111100010111001000100000000000110100111111011110011000101110000101000110001110011011111010001101
1001011010010011001101100101100011111110101100010110110110000101100101110001100100000110101111011101010001000101110110001011010111010111111100001100000010000111110100011111101111100100000111000100011111001
1011110010111001100100110101111000110000100111000000100111010111001100010101101111011110100010010001011101110101000011101011010001110000000111111101111000111101100111000010001000001111111101110101110001111
1001100110101101101110010100010010010111110101111111101100011100011111011111000110000100111010110111010100010101011001101010010100100111110000000100101111100000110001111010111011011000000000100101000100001
1011001100100100101011010111011011000100010100010100001110110001110101000100011100111101100000010010000111010100001100001000110110110101011111101110100000101110011100100010001001001111110110101100011111101
1001011101101110100010010011001111111111000001000111100011110111100001101101110111100001001111111011010001010111101111111101111110100000011000100000101101100111001110111110100011100000010011101111111000101
1101011001000000001110111001101100000001111111110000101001010100101101100001100010001111011001101001111011010011000110101000010000101111010010101111111001110001100010000010111110111111011010001000100010101
1001001011101111111100101100100101111011100000011110111100010110101100111111001000111000001100101100111110011001110010001111110111100110010110100100001100000100111011111010110000000001010010111011101110101
1101101000111100000001101110110100101011001111000110011001000010000110100001101110011111011110000110011100111100111000100100010001110011110110110110100110101110001011000010011111101111010110100000100110001
1000101110010001111111000000010110001001101001110011001111111011111100001100100111000001001100110111001001110110011111110001011100111001000100110110110010111011111010011111000000101000010010111101110011101
1011100111000111000001101111110011101100101011011001100010101000011001111110110001111101100110010001100011000111010001011111000110011011011101100100111010100000110010110001111110101011110110001000011000101
1001110101110110011100001000111001000110101010001101111000101111010011000110011100011000110011011100111110010001011100001100010011001001000100110001100010101110000110010111100010101010000011101110111110111
1100000100100011000101011010001100011100100010111000101110101000000110010011001001001011111010011001100000111011001101100110111001101101101110100111110110100011110111010100001000001011111000000010001010001
1001111110101001111111110011100110110001111010011110001000100011111110111001101111111000111011010011001111100001101000110010011100101111100010101100010111101000011100010001111111111000010010111000100011011
1011010000001100110000000110110011111011000011001011101011101111000100101100100000110010010001010111101000101111001010011011000110001000110110101001010000111110111001111100101000011011010111101111111011001
1000010111011110010111111100011000110010011111100001100010001000010001100110111110100111011101110000101010000001011111001001010011011010100010101011011110010100110011000110001011010011010001001000100010011
1111011110011011110101000001001110000110111010001100111110111011111111110010100100101100010100100110001011111101000011101101011111110010001010111010010011000001100110010011111011011110011101011010111110111
1001000010110000000100011111100011111110100011100111101011110010001010000110101101111101110110101111111001001111110110001100010000100111111110001010110111110111101100111000001010001100110000010010001000011
1011111011100111111101110001111000000010001000110000001000000111011000110010100000000001000100101100011100011000000100100111110110101110000100101010100101000100001001101111100010100001100111110111101101001
1000001001110001001000111100011111101011111110011101101011010101011011111000111111111111011101101001001110110011011111110100010010001011010111100010110100011101011011000000111110111111111110000100100101101
1111101101011101011011101001000001101000000011011001100011011101000010101111100011000010001100100011101000010110001000011101011011111010010011001010010001000101110010011010010010110000110000111101110001001
1100001101000001001000001101110111001111111110001011001010011001011110000000001000011010100110111110101011010111111010110001000010000010111001011011011111110100100110110011000110010110000111101100111111011
1001100101011111101011101000010001011100000111101110011110110011010100101111011111111010110000100000001110010010000010100111111111101110101101111111011000010110101100011111111111010110111101100110001000001
1011110100010010101110001011111101011001110011000100110100100110010101111100010110000010111111110111111100111000111110001101100010000100101000011000010011011100001001000101100010010011100000110011101011111
1000100111111000000100111010101001001100111001110110110001110000110100010001110000111110100000010100011001111111100111111000101010110101100011001011110110000111111111010000001000111000101010011001001001001
1010110010100011110001101010100011100001101100010100011011100111110001110111100111100010101011010101110011111010110010110010001000100100111111100011000011110000000110011111111110101110101111001100011100011
1010011000101110011111001010101110111111000110110101110010110010011011000100110100001000111011010101000111110000011000011011011101111110000010001001011110010111101100111000001100001100100101100001000111011
1011001110100111000000011010100000011010010110000111000110011011001110011101100101111111110010000101011111100110110011010001001100100011111011111111000000110001101001100011100101011001110000111111110101001
1001101000110001111011001010111101010000110011111100011111000001100110110001101101000000000111111100010011001100100110000111100110101000001001000001111010011011001011101110110111110011011010000100010001101
1100101111111100100010011010000101000111111010001110110000011101110000100101001101101101111110110001111010011001110111111110110010101111101101011100001011001110011000100100000010000110000011010001111100001
1001101100010110101111110011010101110101001011100000111110110100111101110100011000111001000010100111010000110011000011000000011011100010001100001111100011101000111011110111101000111111111111111111000101111
1011001001000100100100000110010100011100011000111110000011100110100001010111110010010011011110001100010111100111111001011111001001001110100111111001111110111010110001010000111111100001100010001100010100001
1010011011101101110101111100110111000110111110000010111000101100111011010010011111000111001000111001000100001101101100010100011101011000101100101101010100010010011100011110010000001100001010101001110111101
1010110010101101000100110001110001010010001011111010001010100001110010011000110001111100011011100011111101111000101111110001110101010011100110000000000101110111010111010010110111111111111010100011000100001
1010010110100101011110011011011101111010101000101011101110101111100110111110000100110001001001110110000100110010001011000111010100010110110100110111110100010001000001000110010001000100001000111110011101111
1011010010110001001011011010001101000010101010001010000100100011001100000011111110011101101100000110101110011010100010011101000111110100010101100100010111011101011111110100111101110101101111100010111000001
1011011000111111100001001010101001010110100011111010111101111000011101111010100011001100111111111100100011001110101110110101010100010101000100101101000001000101001000000101110000010000100001101010100011011
1001001110100001111101100010101011011100110110001010010001001111110100101000001011100110000110000001111011100110100100100000010001010101111111101111111100010101111011111100011111011110110111001010110111001
1101100010111101010000110110111011000101111100101011010111011000100110101110111000110111010010101111001010110100110101111111011011110101000000100110000111010100100010000101001101000110010100011010011101101
1001110110100001000110111100000001110101011001101011010110000010110010100010001101100100011011101101100010110111100000000001110011000101111010110000110001111110101111101111100101110011110101110011001101001
1011010110110100010100011001111100010101000011101001010011110110010110101011011111001101001001101000101110010000111111110101100110011100001010111111110100001000100000100010110000111000010001000111100100011
1000010000100101011111110011000111110100011110101101011000110011000100101111000000011001101100001010100111011110011000011100001100110111101010001000100101011011111110101000011110101111011111010010110110111
1111011111101111111000100110010000100101111010100001011110011001110101100001111111111111100111111011110100000011001101001001011101100001001011101010111101001000000010111011000110000110000110011010010010001
1011010010000000001010001110111110001101000000111111000011011100110100110101000011000000001110001000110111011001100111101011110001001100011001000010000111011010111010011110011100110011110000110010111011101
1010011000111111101011111000100111111001110110110000010110010110100110011100010110011101100100101110010010001101110010100011000111111101011101111111110011001110001011010000110001111000111111100110101000101
1010111011100000001001010011110100011011100100100111111100110000111111000110111100110001101101100011011011100100111000111001101100000111010001000100011001100111101110011101100100101110011000001100001110101
1000110010001011101101010110010001001000001101110010101001100110001001010100001001110111000100111011000000101110101110001100100110110001011011010101011100110010100100111001001101100011001011111110101010111
1110100110101110001000010011000101101111111100011000100011101111100011110101111011010010010110001001101110101000000011101110110010111101011000010111000110011000110001101011011111001001101010000000100010001
1100101110111100111011111001101100111000010111011101101111000010110110100100110001011011111111101100111100111011111000100100011000001101010011110001110011011010011111000001010001011100111000101011111111101
1001101010000111100010001101000110010011000001010101001000011000010000101110000100001010000110100110010101100010001101110111011111101001011001011100010111001111000010011101000100010110011111101110000001101
1101001011110000001110100001011111010111101111000101011111111110111101100011111111101000110010110111010100110110111001000100000000111011001100001111010101100011011011110001111101000011000000001000111101001
1001011000011111101000111111001111110100100001110111010000000110100001111001100001111110111000010101010001100110000011011101111111100011100111111000010000001010011011000111000111111001011111111010101001011
1011000010111000111011100001100111000101111011100000011011110011101100011101001100000010001110110001011101001100101111011001000010001110110000011011010111111010110000010110010100010011110000011011100011001
1011111011100010000010111101110010011101110000111111111010011001000110110001011111111011111100111101000100011001100110010011011000111000011111001010011100010010111101110010110001011001100101000011001111101
1000010010001111111110000001011010110000100110010000001011001101101110100111010100011001100001100001110101110011110011011110001111100011000011101010111001010110000111011010111101001101001111111110011000001
1111011110111100001000110100011010111110101100110101100001100100001100101100000101001101001101001111010111000111011001000111101011001111101110001011101011010011110001001010001001100101011110000011000011011
1001000000100101101011110101001010001000100111100101111100110111101001100111010001101101011001011100010001110001011101110100001001011001100000111011000001011000010101100010101111110101001100111001111010001
1101111111110001001011010111100011100010110001001100000111110000001100110001011111000100011011000110111100011011000100010001111101001100111111100010011111001111011100111111100010110111100101101100001111101
1100010000110101111010010011001000111110011011011111110100010111111001111101110001010111001111110100001111001110010111011111010001101110000011001110110001100110001110011000101000010000110000000111011000111
1001000110010100001000111001111101100010110001011001010001011100001101000001000101110001100110110110100001100000110110001001000111100011011001100000010111110010100111010010111011011110010101010001000010001
1011111111011101101110001100110001001000011101001100011101000001100111011111101100100101110100100100111100111111110011101100010010111000011100111111010010111011110001010110001111000011011111111101111110101
1010000001001100100111100110010111011111110101100111010111111111110010010000000110110101000001101111110001101000011001100111111000011111110110000010011000001001011100010010100001111010000100001100000011101
1011101101100110110000110011011100010000000100110100010011001100011000110111011100010101011011000110000100100011011100110010001101000011000011111010111011101101000111011011111100110011110101100111110110001
1011001001110110111010011011010001011011111110110001011001100001001111100001010111011101001110011100111110110110000110111010101001110110011000010010001110000101011110001001000110100111010001110000010100101
1010011011000100100010110010010111111000000010011111001101001111100011001111010010000101111000110001101010011111101100100000101101100100111011000110100000110101000100111101010010001101011111011111010101101
1010111001011101101110011010110100110011111011000101101101011000111001101100011000110001000011100111000011000110001001111110100111001101110011111111111110111101010101100001111000101001000000000010010100101
1010001100010111001010110010000110100110001001010000100101010010001100111001001111111101011110001100011011110011011011100011110000011001011110000001000111100001010101110100101111111101011101110110111110101
1011100101000000011000100111111100101100100011111011110101011110101110010011011000001001000100111111011000011000011011001011011111011011001100111100010000001111010001000110100000000101000100110100101000101
1000111111111111111011101110110001101001101000101001000100010000100011000110001011101101110101100000010011111101001000011001000000010011100001110101111111111000010101011100101011110101110110011101100011101
1010100010100000001001100100100101001011111110101100011111000111111001010011101010101001000101111011111001100001111111111101110111110110110111000111001000100011111101001001101110000100010111001101101001001
1010001010001011011100110101101100011000000100100111110001110010001111011001101000101111011101000010010011001111100000011001100000010000110100010010011010001010000101101111100111011110110011100100111101011
1011111011111011001110110100000101011111110110101100000100111010100011111100101110100110010101110110110110011100001111001100111111011010000101011000110011111110110101100010110100010110110110110110001001001
1001001000001001011000010110110111110001000100101001010110011110111010000110101100110000110000010100000010110001111101100110000110001111111101001111100110010100110100101010000101110010100000110111100011011
1101011101101101110011110011111100010101011110001111010111000100110000110010111001111111111111010110111110110111000101110011110010100110000001100000001111010001100110111000110101011000001010010001111110001
1000010111001001100111011001100001000101010011100010011101110101100111111000100011110000000110010100000010010100011100011011011010110011011111111111111011010111001110011111100101000011111011011101001000111
1011000100011011001100001101001111111100011000111000111000100100111100001011101111100111010100110110111110110101011001001000011010011001000101000001000010010101011011110001001101011110001110001000011011101
1011111101110001011110100100011010001111111010101111100011101110000101100001001011001100010001100010100000100101000011011110110011001111110100010100011000110101010000010101111101011010100010111011010010001
1110001101100100010000110111110000100010000010001010001001001010110111001111011001011110110101001011101111101111111010000010010111101000100110111111011101100100011101010100110001010010111010001001010111101
1000100001001111111101110101000101111010110111101000101011011010110001100100011101001100011111111000000011000000001010110111010000111010001100000001000111001101110001010110000111010110110011101101010100001
1011111111011000001001100001011101000011100101001011101110010010010100111101110001100101111000011111011010011111101110010101011010110011111001011101101110011000111011000111111101010110100111000101010101011
1001100011001110100011001011010101010110001101011001101000111011011110100001000101110100110011010001111110110000100011010001001010010111000011001001000100110011100001111100000100000100101100011101010111011
1100001001100010101011111110010101110011011000001100100011110001001010101111101111000110000110000100010000100110111010011111101011110001101111111011010101110110001101000001011101101101101111110001010011001
1101111100111011101110000110110100111000011111111101111111000101100010001000100001011111101111110110110111101110010000111000101000011100100110000010011101010100101101011011110000111000100000100111011001101
1001100101110000001000110100100110001101010000010001010001101111111011111101101100011000111000100010010101101011010111100010001111001110110100111010111001010111111001011000100110100010111110101100011100101
1011001100011101111011100101110011101111110111000111010100100000010010110101000111110010100010111011010001001001010001001010111000011000100101100011100011000100011011110011101111101111110000101111001110101
1010011111010000110010001100000110100000100101111110000110101011110110010001010011000110001110011001010111011100010111011011100011011011101101111111001001101101010010110110001001000011000111100001100010101
1011000001011101100110100111110000111110101100001000111110101000100111010100011001011111111011001101000010010101110010010001001001110001100100000001011111001001000110010000111101011001011110001101110110101
1010011101000111001110110000011110000010101101101110000010101101101100010111111111010100000011100111111110110100100110111011011101100100111101110111010110011101111111000111100001011011011000111001000100101
1011000111110010011000111110110010110110100001000011110110000100100111000001100000010001011000110001000100100110111100100001001111001110001111000110010100110001000001011100001011001110010011100011111101101
1001110110011000111101100010011010011100111111111001000011111110110001111100101111111111011110111100010101110110110001111111100000011011100100011100110001100101101101010110111001101000110111001110001001001
1100010000111111110001110111000011001101100100001101011011000000011100110001101000011000010000000111110101010100100101000010111111110001110110111001100100001111000111000011100011001011110001011000100011011
1111011010010000010111000000011111100100110001100101110001010101001110100111001101001011111110111110000001010001101101011010100000110100010110100011001111111010010001111000001001011010010111001011111110011
1001011011010111010011111111001000110110000100101100011101011101111000101100011001100001000100011000111111000111001111010000101010011111010000101111111000001000111100001111111101011011000011101011000111001
1101001001000101011001000001101010000111111111100111011001000111000010101101010011001111010111001011100011101110011000011110001111001110011110100001100011101101101110111000011001010010011010001001110101101
1001101101111101011101010100111011111100100000110100010011010010011111111001111001111000010001011011001001000011011010111011111101100100110010111100001110001001000010000011110011010110111010101100000000101
1011100101000100001101011110110001101110101010010101110111111000110001010011101100000010110101010010011101011010010011100010001000110101111010110111111000111101111011010110000111010111100010100111111110101
1000110001011101100101001010000100101000101111010100100111101111100100000110001101111111111101110110111001110010110111001010100011110100011010000000110010011000000010010010111100010000110110110001100010101
1010010111011000111101101011111110000010100011010110110011000000101101101100111000100010000001000010100011100110010001011010111110000101001010111110010111001111110110110110101001111110011100100100001010001
1010111100010011100000100001000011111110101010010010011000011110100111000110010011101010101111011110101001001110110101010000110000111101100000100011010001111000010100011100001011000011010001101101101111101
1010011001000110101111111011011010001000111011010111001101111000110100011111010110001010111000010010111101011000111101010111100111100100111111101001111100100011010101110001111001110110010111111000111100101
1011001101111100100000000010010000101110100010000101100111010011110101110100000100111010110011111010000101001010100001010011001100001101100010001100100001101111011100010111011011000100110010110010011001101
1001100100011001111111111110111111100011101111110100110010010111000101010101111101101010010110000011110101100011101111011010011101100100001010111110101101101001001001000100010010010101111000010111000011001
1111110111010011000110001000100000101001001001100110011010110001101101010001100001001011010000111001100100111111001000010010110101101111111010010010100100101011101011111101010110110101000011011101110110011
1100010001000111101100101101101101111101011011001111001010011100101101010111001111100010011111110011001110000110011011110110100000111000001011011010110101101010001001100001010110011101011110010000111100111
1001011011110101001001100100100100010100010010011000011010110110100101000011011001101110111000000110011111110000110010100010110110000011100011001000100101001010101100111101010000110001010000110110100001101
1011000010000100011011110110111101000111110110110011011010010110110101010110011100101000100011111100110100111111100110001010010011111010101001101110101111011010111110011001011110100111110111100010001111001
1011111010111101111011010100010001111101100010000111110011000100011101111100110110001010001110001110100001101001110111111011011010001000111100100100100100010010010111000011000100101100110011001111111101101
1000010010001001000010010101010101000000001011010011000111010001000100101001100100111111111000101000101100000011000010001110011110101010010111110110001101111011000011011111111101101110011010011000010100001
1011010111101101011110110111010111011111111011011010011100011111010110100011110001100000110011101011100110111011011010100100110100101111110000110011111101000001111001110000100001001011000010111011000001011
1110010100101101000110000011010100010110001010001110110111110001110000101110100111001010000111001000110110100001001000110001100001101000110110011000010100010100011100110110001111011011101010001110011011001
1100110001100001110011111010010001110000101000101100110000100100011110100100001100011011111100011110100010110101101111111111001111101010100011010011000001111111000110100011011100010000001011101100110011011
1001100111111100011000100000110111011101101011111001100110001101000100110101111111110001000111010000111010011111001100000011100110000010001111010111111111001000010010001001110001011011011000100111100110001
1011001100001110110010110111100110001001101110000011001110111111110101100100100000000101010110000111101011010001101001011000110011110111111010010000100001100011111111111101000111110001011110110001001100111
1011011101100010011010011100001100100011000100111111100011100001000101001110101110111111010011111110001001000100001011001010011000011100000000111010101101111110000000011101011100011111000111111101011110001
1001111000111011001111000111100001111110011101101010111011001101101111011000100010000100011010010100101011111111111001101111011011000110111111111111101000100011011111001001000001000110010000010101011011101
1100100010101001100101110000111111010110110001000010100010011001001000010011111110110001001010110001101000000110001111100011001011110010000100011000001110001001000001101111011111110010110111000101010001001
1110001110101011110100011110010001010000010111101000110110111101011101111011000011111101111010100100101111101100100000101001111010011011110111010011111011111101011100100011001000011011111110010101110100011
1011111100001010100110110111011100000111110101001110100110110001010001001010011000111000100010001110100010001001110110101100100011001010010001000111000000000101010110111001111011011000100000111101000101001
1000000101111000101110000011011001111101010000011100110000011011010111100010111010010011101110101000110110111111100100101110101111011010111101011101110111111101010010001101000010010010101011110001101111111
1011010100011110100011011001001011010100011111110101100111001010000101101110001111011000100011101011100010100010001110100010000000010010000001001100110000001101000111011000011110111110101000010111100000011
1110010111010000101001011101101000010001001000000100110001111011111100100111100110001101111000111010111010101000111100111010111101110111011101100110100101101001010011001111111010000100101111000011001011001
1100110011110110111101110000101111011101011010101110011101000010010110110000110011101101001101110010010010001111110101100011100111000101111000110100001111101011011001101010001011110001100001011110011001101
1001111000110100010101000101100100010001010011101011001001011111000000011110011000100101011000010111010111111000010001001001001100011100110010110101111010001010011101001000111000011100111111001100111111001
1011010010010101110001011100110110110111110110000011101011010000011011111011001110110100011011010100000100000011010111111100011001110110000111100101100010111010110111011011100011000001100001100111100001101
1001010111000111100111000110110010000100000110101110101001010111111110001001100010010111001110010111101110101001110100011111010011000100111101001100101010001010010010010000001001111111001100110000001100101
1101010011101100001101110010011011010101111100100100101111010100000100100011111011010001011000110000100000101100110001001100010111010101100100011110101011011011011010111111111011000011011110011011111110101
1101011001111001111000011011111001110100100001110101100100010001110001110110001000011101110010110110111111101110011111100111110001010000110001110010101111011010000010010000001001101000000100111110001100001
1001011100010011100011001010001100100110101111010001110001111101011111010010111111110001000111100010010001101011001100110000111101011111100111000110000100010010111111000101101101001011111101111100100111111
1011000110110110001111101010100110111110100010011011011111011000000011011000000100010111101101001111010100100011111001111110010001001000101110010000111101110111100011111100100111011111001000011001110000001
1001110000010100111010101010110010001000101011000000000101000011111000001111010111010001101000011001010110101110000011000011000111101110001010111111100001100011001010000110101110010110011011001101011111101
1100100111010001101010001000111011011011101001011111011100011110001111101100010010011100101101000011000010111000110110011111111100100011101010011000101011001110011010110111101000110000110001100100010011001
1110111100011111001000111011101001000001111101110000010001111000100011000101111000110110100111101001011010010011110010110000000001110110001011010011101110011010111000100010001011111010011101001111011001011
1000000110111001100011101011001101111111000001100101110111001011111001111101100010000110110010111011111011000110011000000101011100010100111011000110001100110000001110101000111011000011110001111000011101001
1011010100001100001110001001100100011010011111001111000101011000001100011001001111111100111000001110001110011100111111111111000111110001100001110010111001100110101100111101100010011011000100110011110001101
1001110101100110111000101101001111010010110000011100010100011111100111000011011000000101100011101000100010110110110001000011110000111111111100010110000011101100100111110001001010110001011101100110000111101
1011000111001100011010100100011100000110111111111001111111010000110011101111110010110101101110101011111010000110100100010110011110000001000001010011111110111001110001100111011110011101001111001111010010001
1010010011111001110011111110110001110010011000101100001100000111111010101000110111100001000000100010001011110010001111110011000011101101101111011001100000010011100100111110010100110001100000011000010110111
1010111110000011000110000010100111011011010010000111100001101100011010001010010101111111111110111111011000011000101100011000011000101000001000001100110101000110001110000010110001100100111111111011110010001
1010011000111111011100101010101100001001000111110100101111111001001010111011000100100100000010101100001111001011111001001111111110101101101011101110011101011111101111111010010111001101101100000010111011101
1111010011101000010001111000100110101011111100000001100100001011100010001001111110001101111000100111011101101110001011100000000111100100111110000111000111111000100100001011010010011100101001101110100011001
1000010111000011010111011111101100111010100111011101110101100000111110111101001010111100011111110011000000100010100000111111110000110111100011110101010001100010110001101010011110110110001111101010101110011
1011110100010110010010000011001001100000001100010100110101111101100011100001011000000111010000111000011010111010111111110010111110010100001001000001111100001110011111111010110000100011100010001000001000111
1000100101110100111010101110011011101110111001010001100101000100101000001111000011110010010110101011111010001010100000011000100011000101111101111100110111111011001000010010100111110110111011011111111010011
1010101100110101100011101100111011000011100011011111001101011101101111111101011110010110110100001001000011111010001111001010001000011101000100000110010000000001100011010110001100000100011001001000000011001
1110100111100100101010001001101010011110001110001000011001000001001000100001011000110110010101111101011010000010100001101011111111110001010111110111011111111100101110010011111110110001001101101011011111101
1000110010001101101111011011100000110100111100101011110011111111011010001101000010010011010101000001001010111011111100101000001100000111010000010011000001000001111000110111000110111111011101001001110001101
1011111011011111000110010010101111100101100110111000010110000110010011111101111111011010010111011111101010010010001110101111011001111100011111111001111101101100110011100000010010000001110000011101000100101
1000001010010000010000110110001000101101101100010011110110110000110110001000010010001010110000000001101011010110100011100011001011000111001000011100001101000110011010111011011110111011100101001100011110111
1101100010110111111011100100101010000100101101110110000100111111110000101111011000111010111111111111001001011110111001111001111010010001100011000101101001010111010010000001111000001000001101100111111010001
1000111110100110001110001101111111101110100001000100111101100001010111100011011110001010100000000000011101000100101100001100110010111100111110010111001011110100010110110101000011111111111000110011000011101
1110101010001100111000111101010001000110101111011101100001110101010010111001000011111010111011111101010001010001100111101110010110100110100010110011101011000110110010010111011110011000011110111000011110001
1000101000100001100011101001000101011100101100001001001111000101011010011101111000110010010001100001111111110111110000100011000000101100101010111010001001101100011011010010000010110011001100011101001100101
1011101011111100110110100011010100011001111001111011011100011101011011000100001110000111010100101101000010100100011101110111111110100110101011100010111101001001001001111000101000100111100111110001111001101
1000100010001101100100101110011111001011110011001000010001001000010001101111100111110001011110100111011000110001000101010111000010110000001000001110100100011011111100001111111101101100110000100111100011001
1110101110101000101110000011011001101010100110011111111101101110110111001000110000111101000100101100001110100101010000010010011011111111011011111000101101111110000111101100000101001001111110101100101110011
1100111100101110100011111010001100101000101111000000001001100011100101100010111110000111110001101001111010111111111110111010111011000011110010000011100100100010110000100001110111011100011000100001100011111
1001110001100011101000101010100110001110101011110111101100110110001100101110100111110000011111101011000010010000110000101000010010011010100110111110101110101000010101111111010010010110110010111111001010001
1011000111111000111110100010110011011010001000000100100111110010111110001000001100011101110100001010010111010110011110101101110110110000110010100110000000101111010111000001011010110000010110110001111000101
1010011101001010010000101111111001110010111111101110110001000110011011011111101001010100100001111010111100010011000100000111100100110110011110101100111110100001110011011101000010111111000111100100011111101
1000111000011011010110100100001100010110011000001000111101011111001000001100001011000110001111100010101001111001110101101100001110011111010000101101100011111100111000000100011110100011110011001111001100001
1111100010111110010100110001100101000011110011111010001001000011101101101001111001101111111100001110000011101100100111000101111011000011011011100001101001010110011111111111111000001001100110011001100101101
1001001010001100110110111111110111011001100110110011100011111001100111001101011100101010100001111010111110000110110001111100011010011001000010101111001100010011000000001000000010111100110000110011110100111
1011011111100101100011100010100010011101001100011010111110001100110011101001001101100000101101000010000010111100011100000111001000111101111110101100011111011001011111101111110110000110010111111000000110001
1010001100110001001000001000111011010001011101001000001000100110011001101011101000101101100111111011111010010001010111110011101011101100001100100001110001000011110000101100011111010111011100010011111111011
1010111001111111011111111110011001110100010001101110100011110011001100001000100010111000110000001000011011000111010000111001101010000111100110111111000101011001100110100001000001110011000101010111000001011
1010001011101001010100000111001101100111110111100010111110110110011111111110111011100010111111101011001001111100010110001100001011010010110110000011011101001111001110111111111100010110010111000001110101001
1011101001000011000101110011100100101100010000101000100010000000110000011100110010001110101101001011101100001110110011100111111010011000110100101000010001101000011100010101101111011100110011011100010101101
1000001100011001110001011010110110101001011111111110101011111111110101001001100110101010100101011001111111100000111010110000110010110010010101101111110111101011110101010000001001001001111001110101000101101
1011111001111100011111001010010100100011000001000011101001000000011111101011001100111000110001011100001100111111100000111110010111100111010100111000110011001001100101110110101011101011001100010111011100001
1010000011000111000000011010110110110111111011011010001100011111001100001011111110010011111101010001100110001001001111100011010000110110010110010010011001011100001100000010100001001011011001010010001111101
1011111011010011111111001000010010010110001000011010111111110011100101101000001011011000011001010111110010100011011001001011011101100011110111110111011100000111101111110110110111011001001101011000101000111
1010001000011010000001111101011011010010101111110010001010011000110001101111101010001111001011010001111000101001010011011001010001001000010001000110010001111101001000011100110010001101100111010011111010001
1000101111110000101100100001110011011011100110010111100010111101111100111011001000100001101001010100101101111101000110001101010111011111010101011100110111101001011011010001100110111000110100010110010011011
1111101000100111111110001011000110010001101100110000111000110000000110000001011011111101101101011110001100011101110011100101010011110000011101001001110110000011010001110111111100101110000101010000110111001
1000100010101100001010111111010011011100101001111110011110010110111111111101011001010001000101001011100101001000011010110100011000011011001001101011000000111111000101100110000101100111110101111011110001101
1010111110100110101000000110010110010110000011000011000011010010000000101101001111000111110001101010101101101011011000100101011101000011111011101011101111110001111101001100110001110000100101101010000101101
1010001100110100101111111100111100110010111011101011101110010110111010000101101100011100011011001000100111001011110010101111010101111110000011001000111000100100100001011001111111010110101100101010111111001
1111011001110101101000011001101001111011101010001110100010111100001111110101001001110001110010011010110100011001000111101010000101100000111110011110010010001110101111000011000000010010000110101010100010011
1000001011011101101011000011000011000001001011101100101010000111111000000100011011000111000110110011100101001111011101001000110100101110010000110010110111111000101011111111110101010111111100100010110110111
1011101001001101001001101010011110010100011000100001101011110000110011110111011001011100011100100110001101101000010000011111111110100100110111100110100100010010101000010000011101010100001110111110100010101
1000111101100001101100111111010100111110111110110111111000011110010110000110001101000001110001101111011100111011110111110100000110110111100100001110101111010111101111000101000101110101100100001000111010001
1010110100110111001110010001000111100010001010100100001010110111010011111100100101111101100111100010001001110010010000100001110000010011001110101100100010010001100010011101110100100100110111100011110011011
1010100110010100011011000101110011001011100000001101101011100011000110000101110001000111001100001110111011000110111101101111011111111000011010101001111000111100111011011001010110001110010000111010000111011
1010001111010101110001101100111001011000101011111101101000001010011111010111011101010001011101100100101001101110100100100100001000001111110000101011001110100110110001110011010010111011011110010000110101001
1011011001000100000100100110101101011110111000011001001011111000110000010010000111011101000100110101101011001000001110110101101011111010100101101001011010110010011100110110011011100010010011010111110001101
1001001011111111111110111110100100010100011111110011011110001111100111111000101110010101110110011101001001011011100100110101001000110000111101101011000000111011000110000100110001001010111001010100011101001
1101011000010000101000001000101111110101001100010111000110100010001101011110100100110000100011001101101100010010101101100001011110100110000101001001011111100011110011110110011101011000101011011101001111011
1001000011000110000010100010100000000001100001000100010000101000101000000000110001100110001001100000000101000110000100001101000000001111010001011100000000001000011000000011000000010010100000000001100000000
1111111111111111111111111111111111111111111111111111111111111111111111111111111111111111111111111111111111111111111111111111111111111111111111111111111111111111111111111111111111111111111111111111111111111
