1111111111111111111111111111111111111111111111111111111111111111111111111111111111111111111111111111111111111111111111111111111111111111111111111111111111111111111111111111111111111111111111111111111111111111111111111111
0001000000100010100000011010000000100001100000001100110001100010000110000100001000100000010000110110001100010100000000000110001000010100000100010100001000101100011100000000101000100000011010101000000001000000000100010001
1001110110101000001111010010110110001100101011100001100100111000111100101101101010001011011010010100101001000101011111110100100011000001110111000001111010000001001001111110000010101011000000001111011101101111010101000111
1100011110101101011001000110110111111110111010110111101110011010000001101000100011111011000011110001100011011101011000011101111111111100110011101100000011110111101111000010111110111001111111101000010000111100010111010001
1111001000100101110011101100100101000010010000010010001011000011111100101011111110101001111010000111111111010001001011000001000011000110011000111001111110010100101000011000101010011011000001101101110110010001110011011101
1001101011110100011000001001101100011011010110111010111001110111000111100000110000101100100010111100010001010111101001111111011001110011001110010011010000110110001101111111100011000010010101001000111111000111011001000101
1011001010000101001101111011000110111111010011100010011100011100010000110110011010100110101110101101000111000000101101010000001100110111101011010111000110010110111001000100001011111111110111011010001101111100011101111101
1011101000111111100100001011110010000100011110001011000111001001111110100011000010001110101100100001110001111111101001000101100110010011001011010000010111010010001101010001111000100000000010010010100101000001000100000101
1001001101100011110111101001011010101101110000101001110001101011000100111011111111101100101001101111011100000110001011011111110111010110011010011111110011011010100101011111001110111011101110110111110001011111111111110101
1100011001001001010100001100011010111000000110111111000100001001101101100001100000100101101011100110001101011100111010010001010100000100110010110000100110001011110001000100011000110010100110011100011101000011000001010101
1001111011011011000101111101110010010010111111100000011111101011101101101111001110111101111010110011011001010001110010110101000101111101111010011010101100101000011111110101110010100110110011001101000001011000011101000101
1011010000010001011111100001000111010111100011001111110001001000100000111100011100010001000010011011011011010111000111100101101100010001000011011010111001101111000010000101000111101100011011100001111111011111111001011101
1010010111011111000110001011011101010001001010011101000101111010111010011001110111011011011110110001010010010011011111001101101110110111011111000010110011101001111011101101011101001001011000111111100011010001001011010101
1011000011110001110010111110001000011101011000111001011100001110001011001011000101011010001000010100010110111010000110011000001000010001000001111010010110001011101001100100010000011011001110001010101001000101011000010001
1001011110000100011010110111101110111001011111100011000111100011101011101010010101001000101101000111110100001010111100111111111011111101111100001111011111100000001100110111010111110001101011101000101101111101011111110111
1101110000111111001000000100001000101101010001110111110010111001101110001011010001101111100101111100000111111010001001110100000000000101000111100110000101001111100110100010000100010101111000101010100100011001000100000001
1101100110100101101111101101111011100001010101000001011010001100101100111010010100100001110111000001110100000010100011000111111111110100010001110011110001111000111110111011111101000100100010000010110111000011101101111011
1000101100110000100001111001000000101111010101101100011010111110001001101010110111111101000000011111100101111111111010010100000100100111111100011001011101100010000000100010001001101110101111111011100011111111000001100001
1110101001100101111101000011101110101100010100111001010010010011111011100010110100001001010111111011001101000001110010110101110110001100000101011100000101001111111111110110111011000111101000001110001110010101011111001101
1010101111001100001101010110100010101001110110000011010111000110001000110110100101100011111100001001011100011100100110110001000110111001110101010110110100011101000001000010010001101100001110111000111011010001001011011101
1000100010011111011001110100111010001011000011101010010001110000101110100100110100111110001101101100010111110110101110011111011100010011010111010000010111110001101101111011000111001001111000100011110000010101101001001001
1011111011010101001011100110100011111001101001111111111100010111101100001110011110110000100100100110110100010100100011010000001111010110000000010111010010100101001101000010011110011011100011101110011101110100101101101111
1001000010010001101000101110001111001100111101000100000111010001100111111111011010011011110110110010000001010101111011011110100011110111111010110110011000001101011001011111001000110010001001100011001001100110000001100011
1101110110111011001110100011011000011110010000010101110001011100110000001100010011001010010010011011111111010100100001000011101000010000010011100010111010101001010011000101111011100111011100111001100011001111110100111001
1001000100100001011010101010001110111011011111110000100101000111111011111001000111100011011000111011000001010110001111111011001111011011011111001110101011111100010111110100100011001101010110011101101010011000111110001101
1011101101110101011010111010101000010001001100011110101101110001011010001011101101111110011111110001111100010010111000001001111010010001000001011000101011000111110000100110001110011100000011000100111000110010000011011101
1010101101010111000010001011100011000101100101001010100101011100001000100010000001000000110000011100000101000110110011101100001000111101111101110011100010010100011110110100100100110111111011110110001011110111111001010001
1000001001000001101011101001111111111111110101101000110100000101101111101110101111011010010101001111110111111110011000100111101101100001000100111000111110110001001000100101110001100010110000110011101111000100001101010101
1111111011111011001010101100000000100000010001101111100110111111100011001000111000010011000111111000010110001011001110110100100100101101110110101101100010111111101110001101011100101000000101100110101100011101100101110101
1000100000100001101000100111110110101010111111000001101100100000101010011011100010110111101100010010110100101001100010010101110110111000000010100000101000100000100011111001000110111011111101001110101001010101111100010101
1011101110001011001110110000010011101011100001011100101111101110101011110011001111100000111001000110100101101101111011010001010100001011011110101011101111110101111001101011010110001110000111011010100011110000001111000101
1010000111111010011000111111011011001011001011001110001000001010101000011001011001110111110011111110001101101000101001010101000111101111110000101000100100010111001100100010010011100000110011010000111110100111100101111101
1010111100011010111111100001010001011000011001100111111011111000101111001101011100110011000111001011111001001010001100011111011100100101000111101101110001000110011110101110111000111111111001010110001000001110110000011001
1000110001001110110001001011010100001101111100110010000010000010100001100100010110011000011101011000000011011010100001111000010101110001011100000100011111110100110110100010001110110001011101000100101011111000111011110011
1011100111100010100100011000010111111101000110011010111110111111110101110101110011011111111000000010111111011111111111000011110001011100010001111111001000110101110100101111100110100100010101111101101010000010001001000111
1001001100111000101111111111110000100001101111011010100010110001010111000101000110000001101101110110000110001100001000011110000100000111111101101011100010000100000101111000101100101111010000010001001011011111111101011111
1101011110001101100110000000111011101111101100010010101010100100011110011101010100110100100111100011110011101001100011110000101111111100101001000010111111111101111100010010001001101001011011011011011001001000000100010011
1001001011100100110011111110101010001100100001110110101110101111000100110001011101110110110011001000011001100011111111000101101000100001100011011000100001101000000110110111111011101101001110000010011101100011010111111001
1101100011001110111000110000001010100110001011000010100110100001110101111011000000010010111001101111111100111110001101011101111010001011001110001010110100001101110010010100000000101001100111111011110101110111011101101101
1001111001011010001110000111101110110011111111011110110000111100010000110011111111111010101101000110001110001100100101010100110010101001011000101110000111101000111011000101111110101011110000011001100100010010001000000001
1011011101001011011011111100100110011110000010010010011010000111011111100110001100000010100001011100100111100110110000000110100111101101001111100011111100101110011001110100010110100010011111001100001111011010111011011101
1000010101100001000010000001110100110000111000110111001111010011000010001100100001111110101101010001110000110011111111101110101101101001100011001001000001101010110011011111010000111000110101100111101001001010100001010101
1111010100110101111011011111010101100111101111100101100110011010011011101110111111001100101101010111011110111001011000101000101000111011111010011101111100001000100111010000010111101110100000101110000011101010001111010101
1011010110010100101001001100010100101110001000110000110011110011110001000010001101011001100100010100011010001101010010111010101110011000100010110101000101111111101110010111110000000100111110100010111110001011111000010001
1000010111011110001101101001000110100000101010011011111000011000010101111011100100010011101111010111001011011001000110000010100011001110101110000100010100000000100000110100011111110101100000111011110000101011000011111011
1101110101001010100100001011111100111111101110111000011111001011011100001000110101010111000001110001100001001011011111111110111001100010101011010111110101111110001010100101110000010101110110101000010111111110011111000001
1001000001101000110111101000000101100001100010000011000001101110001101101010010101010001110100111011001011100010010100110010011100101110001011111110000111000011111111101100000101000100000100101111000100110000110010011111
1101010111101101110101101111110100101100111010101001101101100011100101101111000111011101000110001001011000111111010001100111010110100011111010001000110011011000011000101111101111111111111101101001111101100111100110110001
1001010010001000011100000000110110000111101011111111000100111001110100100101111100000101111111101101011010001000010101001110000100101000000000100011111110001101000010001000111100000000000101000011000001001100001100011101
1101010110111111000101111111100100110000001000110001110110011101000111110100110001111101000100001101001111100011110100011100110101101101111110101110000000111111111111111010010110111111110001011001010100011101011111010001
1001010110000001110000100011001110111010101101100100100011010101110001100101100100000100010110111001011000110110000111010110011101001001000100111000111010110000001000001011000100100000011111011101011110110101001101011011
1011110011111100010111101001011100001111100100001110111111000100011100101100001111101111010011110011010010010100101100010000110001011011101101110011110011100111101011101011110001101111000000010001001010100001100001001001
1000011010000111010010001101010001011000110111111100000000010101010110101101111000100011011010000110010111010101100110110111100111110010000101000110010111001110100000101000011111101001111011110111101000101011001111101101
1111001010110110010110111001011011110010010100010101110101011111010000001001000010111001110000110100110011010111110011110010001110100111011101011111010001011100111111101111010001001100001011000001111010101001111000001001
1011100010110010111100101100010000100111000001000100110111111000010111111100011110001100100111111110011010000100011000011010111000001100011001000010011011011001110001100101010111011001101001111100010011111011100011111011
1000111010011000001001100111110110101101101011111110011110001011111100000111111011101110101101000011011011101101011111000010011101011110110011011011000001000011100100001100010110011111001100000111000111010010101110100001
1010110011001110111011110001100011100100001110001011001100101000001001010110001000001010101001011001001011001001000011111111000001110100100111111001111101111010101111100101110100110000011111110001110101000110001000001101
1010010111100011100010010100001001110111011100100000011001101010111011110000101101101010000011001101101001111011111000000001111111100001101100000011000111100000101000110100010001110101001100011100011100010100111111011101
1011010100111000001111010111111100010001110101111111110011001010011000111111100111001011111111101101101100100001101111111100000001001101000111011110010110001111101010000111010111010101100111000111000110110101110000010001
1001000110001111111011010100010111111100000000011000110111011111001110100010110110011000010001100100100110001011000010000111011100011111011100010000110100111010001111111101010011000100110001110101110010110100100101110111
1101111111011100010001010111000110000101111110110010010101010001100010111000110011000011010100110110110010111110011011110001000110110100001001010111110001101010111000000001011001111101100100000001011010011110110100100101
1101100011010001000100000000011100110100100011100111000100010101101010110010011001111111110110100010111110000100110000111011101100100001111011010000011111000010001101101011011100000100111111111101001011000000100110101101
1000101001000111111111101111110001100101101011001111111101110100101010010111011100011000110010001010000111110101110110001001100111101111010011011111010100011011100101101001001101110110011001101001011001110101101100101101
1110101100010110000001001100000100110111001001011010001100110110101011000101000111010010011011011111110011010001011111101100110000001000010110001010010001111110110001001101100111010011001100101011011100011100111110100001
1000111110111100111101011001101111100001011100010000100110010110111011111101110011000111001001110000111001011101001110001110111111111101010011100010111011000100011111011001110010011001101110100010000101001110010010111111
1011100010110001101001010011111000111101000111111110110011010100010000001000011001111101100011000110011101011001100100111000100011000001011000111110101010010001000101001111011010111100100010101111101101100011011000110001
1000101011100111100011010110110010010101010000000110011110010111011101011011011101000000111110011111001101001100110001100010001001011101111110000100101000111011110101100000001010010110111010100001100111110111011010010101
1110101011001101001011110000100111010001011111110011011000110110000111001001010001111110000110110101101001100001100111101111111100001001100011110001101011101001100000111110111011000010110010111100001100010110001010110101
1010001001011101011000000101101100011011011000011001001011100011110011101101000111000111101100100001000011111111001100000011000101101111001001011111101001101100111111101010001011101010010110000111011001010010101011100101
1011111101000100011111101111000110110010001101111101100010001010011010000101111110010010001001110111011000100001101001111110010111001100011100001000101100000110010001100010100010001011010110110000001011011011101000001101
1000100001010111110000111000011100100111101000101001001011111011000010101100011000111010111011100010001111101101001011000100111100011001110111011010000111110111000100110111111111101001000100111111111010000011001011111101
1010001111010001100110100011110001101100101010001011011110001001011110100111010011110010001000101110111000001101011000010001100001010011000001001011110110000001010110010001110001101101111110010000001011111110011110001001
1011111100011101001100001111010111000110101011011011000100101101001000110101000110010111011110100000010011111001001011111100110101110111011011101001010000111111110011010100100100001001011011011011101001010100110100100011
1010101001010101011111111100010001110010101001001001110001100101101011110001111111010011000010110111110110001011101001000110100100100100011010101100011101110000011111010110101110101011010001001001101101000101100001101001
1000001011010101001101001001011011011010101111011100011011110101101010000111000111011001110110100010100100100010101111010010101110101110110010000111010111000110110000010010001010111010000101101100111101110101110111111101
1111101111000101100001100011011001001010000100001110111110010100101110110010010010001100000110101000101101111110100100011011100111101100010110110011010100011100000110111011111010010000101101100110000100010000000100110101
1100100101101100111100111001001101101010110101011010000011010110100000111000111000111001011100111011100100011000110001111001110011000111110100100110010101110111010011100001101011011111111000110010110111010111111110010001
1001110100000110001110001101011101001011110101110011111010010010111111101110110010110011110001110001110111001110111111001100011000010001100101111100110100110001011011001111000001001000110010011011100001011100000111010111
1011000111111110100011100001010001011000100001100111000010111010011000000000011111100110000111100111010101100100010000011101111011111100001100010001100110011100011110011101011101101010010111111011001101000111110011010101
1001011100001000101001111111010111011110111100101101011110100011001111111011001100001100101110110100010000110101000101110100110010001111111110110111110111000111001100110001000111001011010001100010011101110100011001000001
1100010110101101101100001100010110000100100110000001010110101111100000001110011001111001111000100110111110010111101100010001100110111000010000110000010101110001111001100111010001011011011111001110110100010001001100011111
1101110010100111000101100001110011110001110011101011010010101001001111100011110011100011010011101110000011010000111001000111001100110011010110011111000100111100001011110001011101001001000110011100100001010111101001010011
1000111000110010010111111011011000100111011001001110011010001101011010111001100110101110000111000011011011011110001101011101100001100110010011010001110001100101101010011011001101011101010100111001111011111100001011011001
1011100011111011011100001001001010110110001100011000110010111001000000001100001110100100101110011001011110010011100111000000110111101100111010010100011011001100101011010000011001000101110001110011010010000101111001111101
1010001110110010001001101100011110100011100001110011111010011011111110111111111000110110100000111101001000110110110001111110011100001101101010111101001000011111101001010111110011110100111111100110010110110100101100110001
1000111010100110111011001001110100101001111111000110011011001000011010011000100011100011110111110001101011100000011011000011011001111001000010000111101011000110001101000101000110100101100110001111010110010110100110011101
1111100000101111110010011011000101111100110000011111010011101101001010110010001001111000010100011101001010001111011001111001000011001011101111110000001001110100101101101101011100001100001100101000010011010100110011001001
1000001010100111000110111110010001010110000111111000000110101101100010100110101100101111011101001001011000111100001100100011111111011010001000011111101100110101111001000101000101111111101001111111011001010110100111101011
1101111011110010011100011000111111000011111100010011010100100100110110111100100110000010001001101100001111110101111110110110110001000011011110110011000110011100010011110001010100000011001011010100011101010000110001000011
1100001111011000110111001011100011011000100001000110010001110110011100000001111111110110111011100110100110000100011010100000010111011110010000000110010011001111000110111111110111101110011010000001000101011111100101011001
1001100110001111110001101000110110011110101111111100111111000111000001111101000100110010010010110011110011010111010010110101000011011010110111111100111001100001111100000011000101001000110010110111011101000001001101001101
1011110000101100000100001101110110110010001100010001100010011101111111000101010101100111000110011000011010010110010110011111111000010000100000000001111100111100011001011001010101011011100111100100010001111101011111100111
1001011101100101111111111000010100011011111001000111001000110000100001010101010100001101111111001111001000110010110111000110001111010111101111111111010110010111001111011100010001001000001100001110110111101001000010110011
1101000100111100010010100011010101110000011011101100011111100110101101010101010101011000011001100001101111111110010001010000100001010001101000100000000111010001100011000111111101011111111001111000010000101011011000011001
1101011110001111011000101110010100011101010010000110110001001100001000010111010111001101001011101011101100000111011011111110111101011100101110101111110001011100111001010010000111000100011100011111011110101001001111001101
1001001011100001000010111100110111000001010111101100100101101111111111110000010011101001101010001000100001110100011011000011100001001110100000100110011101001110001101011000110001110001001001010001110010001101101001101001
1011100000110101111110110001100011011111110101000101101100100000001000011111111000100011001000101101111111010001110010011000101111101010101011101100110101100100100101011111111011011011101011000100000110111000101100100011
1011110110010111000110000111101000010000010100011101000110111111101011000010001110111110011011111100001100011111010110111110001000001000101110001001110100110101110101000100011000011001101001111111011110011010100001111111
1001100011010010010011111110001111110111000101110101011110100000001001101000100110110000110011000111100001000001000100100011111110111101101100111011000110100100110101110111001111001100111101000001000011001110111101101001
1101001011011000111000000000111000110001111100110101001100101111111101001111110010100111100110010000101111101101011101101010001100110101000101100000011100101110011100010001100001100110011101101101111001101000100000000011
1101111010011111110011111111100010011100001110000101100101101000000101111000111110101110111100111110111000001000010001001110100110100001111101110111011001100111001111011101111101110011001001001001011100001011101111101111
1001000010110000011111000011001011001111100111110100110101001010110000110010000010100000000001100010110010111011110111011100110000101100110001000010010011110001100010010000100001000111100011101101010111111000111000000111
1011101110100101001100011000011001100000110101010110010101101110011110100111110110111011111101001000000110011111000101010101111111100111100111011010110110111100111010111110110101011110111110101000010000001110001111010011
1010001000101101101001110011111101111110000100010011000100100011011010101110010010011110001111111101010011010000010100010001000001110000001101110010010000100110000010101100100101001000010000001111011111011011100001111001
1011101101100111001011000110000001000111110110111011111110111001001010100011011011001100100100000111011001110101010111010111110100111010111000111011110110110011010110100001101111100011011101011001000001000010111100101101
1011001000110011101001111100111111010000111110001000100010011101100010001001001001100001110001010010001100100111111100010100010110001110010010001000011110110110011100110111000000111001000111010011111100011000101110001101
1000011110011010001100001001100000010110001100101110111011000101111111101100011100111111011111111011111110101110000101010001000011100111010111101011010000100100110001100100011110101101110011011000000111111110100111100111
1111110011001010100111101011101111111110100101100010100011110100110001000110111001100001000000100010001010101010110101111111111110110001010101001001010111101101111011001110110010000100111000011101111100000010110000110001
1011011001101010110100101111001101000010110101110110110110000110000101010011100011110101011111101110101000101000010101000010000000011101010001101011010100000100110010011000000111010110001111110001100001011110011010011101
1010001100001010100001100110011001011011100100110100100010111110111101011011001000110100010000100000101011101011110100011000110111001101010100101110010101010001100110111111110010010011100000010100001111000010110010110001
1000111001011010111100110011010011010000001110011101101010000010001001111110011110010111010110111111101000100001100101111111110001111001011110100100110111011111001110000001000110111010111111010111111101111010100111100101
1101100011111010000110111001010110011111111011010000001111111011011011100000110011010001010010000110101111111111001101011000011101000011000000110101110011000010011011111101111100101010100001010000010001010010101101001101
1001001110110010101111101101010010110001100001000111111000010001110010101111111001011101111010110000100001100001011100010011000100011111111111110100011001111010110000001000110001101010101100011111000101010110001101011101
1011011100100110100011001101010110000100101100011100110011000111000110000110001100010001000010010101111100001100010111011110010111110011010001010110111100001010010101111010000101001000100111110011111100010011100001000111
1001000110101111111010011001000111111110111101110001100111111101010100110010101001110111011111011111000111111111110001000111011101011000010101000100010111101011010101000011111111101101110001011000000110111001101101010001
1011110100000100001000110011101101000110000101000101001100000100011111111010101011010001011001000110010100010001011101110011011000000010110101011110110000101110010100011110000001001000111101000010110010001100000111111101
1000010110111101100011100110001001010010110100011101011001011101001000011010101000011011001101101100110101110100001100010110010010111110010100010000100110101100111111110000111101101011100101111110100111101111111100000001
1111010011110001101110001110111011011011100111110101001111010001100011010010111101001011100100100001100100110110100101010010110110101011000111111101101100001001100001000111110001001000001100011000111100101001100101111101
1000011010000111001000111000100010010000101101000001100001000101111110010110000111101010110101111011101110000010110101111010110110000001111100010001000111111011001101101100011011101111100111010010011001101101001101100001
1101111010111101011010100010001010111110101000011111111101010111010000110011110011000010010100001001000110111010110000100010000011111100101111000101011100011000011001001001010000100000110101010111110011101000011000111011
1100010010010001001011101111111010100000001011110001000101110010010111111000011000011011010111011101010011110010011011101110101010001110100000011101000001001111110011011011011110101110010001010100000110000011111110001111
1001000111011101101000101000011110111111111000011100010100111010110000101111001111110011010000010001111000011111010001001011101110100100111101110001011111100001010110001010010110111000111011010101011100101110000010100101
1101111101001100101110001011000110001100101111001111010110100000111110000011101000111001010111110111101111000111010111011001111100110110001000010111110001101111000100100010110100100011100010010101000001101000111011110001
1001000001100110000111111001010011101001100011100001110010110110101011111001100010001100010100000100000101110010010010011100000101100011101111010100110100101000011101111110010101110111001010110101111111101011110001011011
1011110101110111110100001101111000101011101000111100100110011100100000101101001111101101010101110111010001011000111010110110110000111010100100010001100110101011110001000011010000100010011110010000011000101001011100001001
1000110101010000100101100100011110001000001110000110110111001101111010000101011011001001110100011100011101001010101110100000011111100010110101110100101100100001011011011000011110101010110111011110110010111101001111101101
1110010100011110110111001111000011111101111011101110010001100100011011011101010010011011000111000101111000011110100000101110111000110110010001000111101101101101010011011111111000101110010101000011100110010001100011001001
1011000111000110100000011001011010010101000011000011011101110111000010001001000110110001011101110100100011110100101111101010001101100110111111101110001000111101000110010001001101100111000101101001001111011011001001011011
1001111101110010111110110011110011000001111001011001000101010001101010101011101100110111010000110110111111000001100110000011101100101100010000101100111110011001011110110101101001110001110100111011011000000011111100010001
1011000000011010000110000110000111111100001101001111110001011100101110111010100110011100010110100100001000011111110011011000100101101001110110001001101011001011000010110101100011000100110101100001011111111110001111011101
1010010111010010110011110100110110000111011001101000100100000110111100100010110011010001110100101101100011110100011001111011110101001100000011111011000001101001111110000100101110011110000001001101010000100000100110000101
1010111101010110111000010101110010110100001011100010001111111110011001101110000111010111000101101001111110000001001100110001000100011001011000100011010111101011000110111110101010110111111111011001000110101111110010110101
1010001001000100101111010100011010010110100000101111111110001011010011000011010100010101101111001011000000111011100110011111011101111011001101101110010110001000010100010110101000010000110001010011111100001010011011100001
1011100011111101100010010111001111010011111111100001100100100010010111111001011101010000101010011001111111100010110111010001010101000001111101001011110100111111110111010100101111011010010100010110000111111000111000111101
1010111010101001101010110001100010011000110001111011001101111000110010001101010001011110101000111100100011001110000101000100010101101111000111011000000101100000010100010101100010001011110110111100110100001101101110001001
1000001000101011001110111011111000111101100100001000011001001111110110100101010111111000101011100110001010011000111101111111110000101100010000011111010100101111110101110100111011100010000100011001110111100000001011101111
1101111110101010011000101001011111100000101111101111110011100011010010110101010000101011101010001111111000110010100000100101011110111001111111110001011110100011000101000110011010110110111110110011010001111111100000100001
1000110000100000111101101100010101101101101010100000000110001000011010110001011110001001001011100000011111100110111010001100001100100011000110000100011000101001010100010011010010000010011000000110011101000000111010111011
1010100111111110011001000001000101001000101000111111111110101101011010011111000111101101011000110111000011001100000010111001100110101110010011110110110011101101011101010111010110101111001111111110110101010110000011100001
1010001110000011110011011111110101011111101101110000110100111001110011000001110100100000001110010001101001101101011011100011110000100000111000110011100111001001001001111100010011100001101101010000110001010111101001001101
1011101010111000000111111000010001000110001000100110010101100011100111111101000001101111100011011011001100000111001110001110111111101110101110011001101101011011101011100001111001111100100100000110100101010001101111011101
1010111000001110110011000011011111110100111010101111000101101000101100110001011111111000111001001110011111110011011000111010000010100011100011011100001001001001001010101111011101010001110101110011101111111100101000010101
1010010010100100011001101111000000010101100011100101110000101011101110010111111000110010001011100011111000011001110011101000111000111001001001010001011101101100011000100110000100010111000100110111001011000110111011110101
1011000110110111001101001001111111000100111000110000111111101110001011010000010010100110111010111000110011001011000110001011101110001101011101011111001101101111111111110100101111011100011110100100011010010100010010000001
1010011111100001100111011100000001101110011010010110001000100000111000011111000110101111100010001110100111101010011100101010101000100101110101000011100100000000001100010101101001001001011000101101110000110001110110111111
1011110000111100110100010001011111101011001111000011100010101010011101010001111100101011001111100010101101001010111001101000001011101100110001111000110111111010100101010101100011101011110011101001000111111111000100110001
1010000110110001111101111011000000100001100001101001111111111111001001000111100001101000011000001010000100011010001011101111011010000110010100001110100010001111110101000101001000101000010110001011101100000001101101100101
1000111100000101101001000011111101110111111100111111000010000101101011011100001111001011110011011011111101001111101010001011010010110111010101101000111000100000100001111111011010101111010011011001000101111100101111001101
1111100111111100001011111000010101000010000110010000011000110000100011010001111010011011011001011110110001100110001010111000010111100001000100111010011111111110101111100000011111100100011001111100010100001110100001011101
1101001100000111101000001111000101011110101111000111111111111110111001110111100000110000001111000000100111101100111010000011110000101101111101100010110001100110111000110111110001110101111100101111110111101000101011010001
1000011001010100001111100001110101011000100001111100001000000010011100100100001010011111100001011101101100100101100010101110011110111000001101001011100100110010001010010100000100010101011110000000010110101101101010010101
1011111011010101111010111100010100001011111101100001100010101111000111101101011011010001111101001000101110110101111111100111000010001111111001011011001110011011101011000001111111010101001100101101010010100100111000110101
1010000001010100100010001101011111101001100101001100101111100101101100001001011111000100001001011010100100010100000000110101101011100000110011001110011011011000101001010100000001000001100001111001011010110110001101100101
1010111111010110101000100111000110001100001100011110111000110100101001111011000001111110111011110010110101110111111101100100001001111110000111100000110010010010001101111111110111111111110111000011001000010110100111001101
1010101101011110101010110011110100111111101111111100100010010001100011010001111100100011100010100110110101000010000100101110101111000111111110111111111010111010111000110000111100011000100001011110011110110100110011011101
1010100001000010101111111000010110011100100100001001101111011101111111010111000110001010001110001100010100011000110110101010100010010100000000110011010010001110011111100110100001001110001101001100110000100101111000010001
1000101011101110111000101101010011001001110101101011101001001101000100010101110111111010111000111101110111111111111100101000110110110001011010100110000110100111000001001100101011100111111111100111100110101100011111111011
1101101000100010010010000001011001100011110101001011000011100101010001110100000100101000011101110100010000000000100001101111110000111111001110001100110111110001110100011001111010110000100010110010001100101111110001101001
1000111010111011010111110111111101101000100111011010011001110111011011100110110110001111110001100110111111111101101111101000011101100001011100100001100011011100011111110011010010011110001000111000111001100001100100001101
1011100010100001000011000100011001001101101100010010111111000100001000001100100000101010100111001100100000010000101011000011000100110101000111111111111001010110111000010111000111000011111110011111110011111101001110111001
1000001010101101111110011101000011011111001001010110111100011101111111111001111111101010001100011101111010110111101001111111110110000101110011000001101100000010001101110001110011101001000011000100010110000001011010001011
1011011111100111011000111001111110000010011011110100011001001001000000110011001010001000100110110001000010010000101100000000010011110101011001010100000111011111101000111100011000101101011011110001011111110111000011100001
1001110001110100001011110011100000101110111001100101010011011011011110010110011000111110110010100111101011111110000111011111011000111100001101110101010110010000001010001111011010100101001000011111001000000101111000111111
1111000100010001101001010110001111111000101011001101110111010010000011000111001011100011111010101101001010000011111100010000001110000111100100110111010100110111111011100110010010110101101111011001101010110100001110110101
1000011111011111101100010100111011000011100010011100110001110110101001111100011001101001100010101000011110111000000001110111111011110000101110100100011101110010110000110000110110100100100101001011101110011111100010010001
1011110101011000000111010110011010011110111010110110011100110011111101010101111101001100001110001101001000101111110111010001100000011110111000101101010000011010000111111110011100110110110101100010100111000110001111011011
1000110000000011011110010010110010110100010010000010110110011000001001010000010001011001111100111001101011100010000101011100001111001010001010111001110111110011111100000011011001100100010000111000110011101100111000010001
1010011111111001110000111010000110100001000111101010010111001111100011010111000111010011000110101111000001101010111100001111111011100011101011110011000010000110000101111011001011001111111110101110011000101001100011110111
1011000000011101000111101011110100101111110101101011010001101100111111010101111100010110010010000001101100001010001001100100001000101111001000100110011110111111010001001001101011100000000110100011001110001011101110000001
1001111111000111011110000010010101111100000001001010011100100110010001000100001001110111011011110100100111111110101101110001011010001000011110101100111010001010011111011101101001001110111100001001100011111000100111111101
1100010001110001001100111111010101000101101101011010111001110000110100011110101101100010001000011110110010000011100100011011110011111011110110101101100011101000110000001101001101011010000001011111110110000011101100010001
1111011101011011100101110001000100010100111001001110101011111011100111111000101000111110111110111010110110111000110110110000100110001010100010100001001011001011111010111001011001001011111111110000010010111110001001010111
1001001000001001110100010101101111110110010011100110100000101010001110001101101110000110000110001010100010011110010110100110101111101000111000111011011110011001100010010011010011100000000000110111011000000000111011010001
1101100011101100100101010100111000100111011000110000101110001000111000100001001100110011110011101000101011010111000100101111101101001110011110001000001100111100101011010110000110001111111110010001011010111111100011011011
1000111110101110001111010110011010001100001111111111100011011111100011111111011001111000011010101101111010010001111101100101000000011011000100101110100101110110111010010010110111111000110011011101001110001000001110010001
1011101000000010111000010011000011111111100001100000111001010101001000100011010011001110110000100100001010111011000101101100011111010001110110100010110101010110000011011011111100010010011010001001100011101101100011010101
1001000011111111100011111011111110000001111100111110001101000001111010101010011000011010011101110111101010011000010100100101110001110100110010101011100101000011101001110000011001000111001010111011111011000111110110010101
1100010111000000001001100010010100111100000110000011011001110100011010001011001111010011010001000101101110110011011110110001100100010110011011101011001100011000001100111111001011111101101000100000010010010011010011011101
1001111100010111111101001111000001100111110011011001001011100111001111011001100010000111000111011100100100010111111000011111001111000011000001111010011111111011111001100001101001010000101111101101010110111000011001000101
1011100001010100000111011001101111001100011011011101101001001101100001011100111011110101111101000110110111010101100010110001011001010111110100000010111000001110001011001100101101000111100100000111110011101111001101110001
1000101011011101110100001100001000011101001010010001101011011000111101001001110010100100000001010010100000010100001111100111010011111100011101111110001011101000101110011110100100010110001101111100011000100001100100011101
1110101110011001100101111101101011000001101000110111001001010010101001111011100110001110111101111010001101010001111101001110011010110001001111000011101110001011100111010100001111110010111000011001011110101111110101011001
1010100010110011001100011000101111010111101111110100011101011010001011100010001110111000011000110010111111111101000001011100110000100111100011010110000110101001110100000111011000111010000010110011010000100011110111001101
1000101011100110011111001111100100010010001101100111001101001111011001001111011100011101010011100110100100000101011100000101100110101100111010010011110010111101000111110011110010011011111110100111011101101001100011101001
1011111001110110110001100000110101011011011001001100011001100110001100011010011001001001010110001110001101110101001101101101001100101110010010111000011000010001011100011000100111000010100011101100010001111100111010101011
1010011100100010000101111110010101110001110011011110110011110010101111110010110011101111010011011011100100100101101000111001111101100011000110011111001111010101000001011110001101110110001010001001110111000110000000001001
1010110110001111110100001011000100110100000111010100011011011011101010000110110111001100011001001001101110101101001010100011000100110111110111001101100001110101101111000011111000010111011010111011000010010011111111111011
1010100011111100011110100011111110011111101110010001000001000010000010110010011110011001110011101011000010100100011111101110010110010000010001100101111100010111111001111000100011010101001110011010011010111010000100001001
1000001001011001001100101010000111010001100010111011111111011110101000110111001010110011011010101000010110110110110000100111010010111111011100110100000111010010001100011110001111010001100011001010110010011000110101111101
1111111100010011100101111110110011110101001110101010101001011000111111100001101010110110000010101110111100010011100110110001011010000100010110010110111101011010101101000111111100011100111001101011100111001111110101000001
1100001111010110110001100000011000000100011000101000100011001011110001111111001010000100111110101100100001011000101110111101010011101101110011000100000001001010101001010010000110110110010011101010001101101000100100010101
1001100011110010011101001111111111011111110011101110001001101011000101000000011011111110100000100101101111110010000010000000010110000101011001111101110111101000101111011010101100100111010110001011011000101110101111011101
1011101000011011000001011101000000011000110110000011101101101000011100011111110000000010001110110101001100011111111111111011010011011101001100010001010011001011100011111000100101110100010010111001000010100000100110001101
1000111111001011010111000001011111110010100100110111000111001011110111111000100101111011111010010111011001010000011000001110011001010001100101110111011001011000101000010010110100110101110110101101010111111110110010100111
1010010001101001110001111101010000100110001110010100011100011000010000010010111100010010100011010001010011011011001011100011111100010111110000100100001101001110111111011111100110010001000110101001110001000000011011110011
1011010111001100010100011001000110001111111111011101110101111111000111010110000111010110001011011100010111000011101010111000011111010011000110001110100101011000011000010000001111011011010100101011000111011011111000011001
1011010001011001011101110011111111111100000100001101000100110001111101010111110010010011011001010101110101111110101010011111001010011001111111101100110100010011001101110111100011010001011101100010010010001110001111001111
1001011101010011011001000111100011000001010110100001011110011101101001010000011000111010001101000111100100110000100010110001101000111101100001000001100111111001111001010100101110011101000100101110110110111000100011100001
1011010001010110010011011111001001101111110100111111001011000100000011011101011111110000111111110011001110000101111110110100001011110100001101111111101100001101000011000110001000110101110110101100100100101011101000111101
1001011011011111010111000110011100001000100101110101100001110101011001001001001001100111100000100110011010101111000010100111111001000110111100011010100001101111011111101100111011100000010010100001111101101001111110000101
1101001001001111011101110010110111111010001100000001001100100111011011101011101101001110001010101100110010100011011000001110001111010010010111010000111111000011000100001001110010111111000110111111100001001100000011110101
1101101101100110011000011010100110011011111111110100011110101110010001001000101100011010111011101001100110111010011111111010100100011011000011010111101101111010010101011111010110100001110110100000101111011111111001000001
1000100100110000110011001000110000110010001100011111111011101010111011011110100101110010001001001011110000101000110001010000110001111001111110010010000001001011010111000000010100001101100010001010101101000000011101011011
1110110101111110110111101111110101100110100001001110001000001000110001000110110101000111011100011010100111101111100101000111111011001100110000110110110101101001110110011111010001111100101110111110000100011101000101110001
1000010101000010010110000000010100101100110111100100101110111110010101110010100100011100000111110010101110001000001101011110110011100110000111100100110100101100100100110010011111000110100011100010110101001101101101100101
1111110100011010110011010101110110101111100101110001100100100111011100011011101111011001101100000110101100101110111001001000100110001111111100001101100110001110001101100110111001101100101001101011100101101000111001001111
1000010111110000011010010111000110100010001100011111110001110011000111110000100001110011111001111110001001100110100011101101101100101000110001011001101111101011111000001100001100101001101101001000110100101011100011100011
1011000100011101011010110110011100111011011111000001011111111001010000011110111011000111010011000011011011110010110110101101101001101010011011010011001000001000010011101101100110001011101111011010100111101000110110111001
1001111101000111110010011100110001110001010000010100001000111101011010110000100001101100010110011001001010011010010010000001001011001011010001010110011101111011011111001001110011011000100110001110110000001101100100011101
1100001001010000100110110001100101011101011011010111100010010001001110000111101111000101010000111101100010111011011011111111011001011011000111010110111000010010000110011011011001001010101100111100100111111111001101001101
1001101011111011101110010111101111000001011011111100111111011011100111111110001100011101010111110000111110110001010001000000011101011001111100010010001111010111110011110010011101011110101001101001101100010100011001111001
1011001001101011001011010000100001011101001010000110000100010000110001100010100001110001010100011010101000011101011101011111110001001100001001010111101100000100111010000111000000000100111011000011111101000110110011000011
1010011100001000011011011110111101000111101000110100110001110101111100001010101111100101011101001110100011010100011001011001100101100111101011110001101001111110000000101101111011111101110010011110000101110110011010011111
1010110101111111110010001000100001110010101101100110011111100101000111111011100011001111010001100100101111000111110011001011001111001101001000011100101100001011111110111000110011000001100110110000110001010011011000110001
1010010000110101000110111010101100111000001000110011000000110101010100001001111001011010010111110101100101011100100111101010011000011100011111000110100110111000000011110010000110011111001100011110011111011001010011100101
1011000111100001010010001011100110001111111110011001111110000111010001101100011111011000110000010100110101000101101101101010111011111001110001011110110010011011111001100111111100110000011001110000111000001100010110111101
1011111110001101111011011001110111111010001011011101000011111100011011111111000100010011100111010110100101110001001001001000101000000011011011000010011011110000001100110100001001110111110011000111110010111111110010110001
1010000100111000100001011101010100000000100001010101011000110001111000100001110101110110111110010100101100011100011100011101101111111111000011111011011001100111101110011101100011000101000110010100100110010100011010100101
1000110001100010001101000000010001010101101100000100001010000100001010001100000001000000000000110001100001000101000001010000000000000000011000001000001100001100000011000000101000010100010000110110001111000001000000001100
1111111111111111111111111111111111111111111111111111111111111111111111111111111111111111111111111111111111111111111111111111111111111111111111111111111111111111111111111111111111111111111111111111111111111111111111111111
