111111111111111111111111111111111111111111111111111111111111111111111111111111111111111111111111111111111111111111111111111111111111111111111111111111111111111111111111111111111111
000010011000101000010000000100000011010000110010000011010000000100101010101010100001100000100011000000101010100000001100000000000001010101000100110000111010100001011000110000010001
101011010010000011110111011101011000010110011000111000011011010001100000000000001100001010001010011110000000101101100101111111111101000000010001100110010000110100000010000111000101
111001000111111110000010010001011101000011000011101111001001111101101111111111111111111111111000111011101110100100111101000000100001011101111100101111000110100101110111111101111101
101101101100011000111110110111001001101011111111000101101101000100101100110000100000101100011111101000101000110110011001110101101101000100000111100101101100101100010100000100010101
100001101001001011110010010011101111111110000100010000100100010111100110100110101110000001000001100010101010100011000011000111001101110111110001110100101101111111010001110101010001
101111001011100001000111011001100011000010110001111111110110110001110000110010101011111011111101001110101111101111111110010110011000100100011100010101100100010000010111000101110111
101000011011001100010101001100111001101011111100000000010011111101011110011010000010010010001101111100100000100110001000110100110010101101000111000100110111010111111100011100010001
101101110001111111110101011110001101001001000111011101011000000100000011001110111000110111011000000101111110001100100010011101111111101001010001111110100100011100000001110110111101
100100110111000010010001000111100101011100010001110001011111110110111001100110001110010010001011110000001011111001110111011000100001001011011100000010101111001101011111000000001001
110110000010011011011101110100001101011111111100111011010101010100011111110011100111111010101000111111100010001011110110010010101011011111000110111010100001100101110001111101011011
100111111110111010000100100101111001001000000110101010000001000101000011111000111100001011101011100001101000101000100100110111101001000001101100100000111101110101000100000101110001
110101000010110010110101101100010011101101011100100010111111011101111001101110100001101000100001001101001111111011101110110001001101111101111001111110001001010100011111110101100111
100000011010100110111100100110110110000001001110101111100011010101101100101100101111001110101111011101111100000010001010011100011001100101000011100011111011000101111000100101001101
111111111000101110000110110010010011011101111000100101001010010100000110001001100101011100111000010100000001010110111011000111111100110001010111001000001001101100000011101101011001
100110001111101011101100010111011001000111000011110000011000110111110111100011110101011001100011110111011111110010100001110010001110100111110110011111101101000110111111001000011101
101100100010001000000101110001011100010100011110010111111111100100000100111110110100001011101110100001110000110110110100011011100100101100000100110001101101010011100000011101110001
101001111010111110110100111101010111111101111011010100000110001101111110101000000111101001000110001100111010010010010101000001110101101001101101100100101001111000001111110100111011
101011001010100000011101100100000000110001000010000101010010100100000100001101101110001101011100111101100011011111010111110100110100101011101001001110000011101111111100010101100011
100011101000110111011000001111111101100111110110111101011011101111110001100111001011011001010001100101001110000011011100011101100110101110001011011011111110000010000101110001001001
101110001111110101001011111000000100101101000010101001010000100001011111110001011000000011010111001101011000101000011001011000001100100110101010011010000100101010110100000111111101
100010111000000101101000110011110111101000010110100011011110101100000000111101010011111111010101100001001110111111110011001011100101110000101011001000110101111110010001111100001101
111000110010101100001110100111010000101101110010101011010000111111111010010001011011000110000100101011100010010100000111101110110100111111101001111011100101000011011111000001011001
101110010110101001111000101101011110101000011010111010011101100000010011010111001001010010111110001110001010110001111100100110000110100000101100110011001101010110000100011111010011
100011011110101111000011101001000110101101001110001010111000110111010111110001101101011000001011100111111010100111001110110011011110001101100110000110011100010011110101000100000111
101001001100100110011111001100010010100111100011101110110010000100010000011011000111001111111000110100011010101100011000011001001011111101110011111100110101111001010101110101010001
101101100101110000110010011001011010110000111011000110011111111101111111001001010000011000110010011101010010101001000011011101100000000100111011000110100100001100000111100111110101
111000110111000111100110110011110010010110010001110011000100000100100001101101110101110010000111010001000111101011110110010001001111110110001001110100110111011111110110001100011111
100010010010011100001100110111000111010011010100011011110101110110110100001100111100100111111101010111010011001001010111110111111000011111011101000101100101010001100000101101000011
101111111011000001101001100001101100011011010110111001000100010100000110100110001101101110000100010011111001011100010000010010100011000010001101011101001100010100111110101001111001
101000001001111111101011001100100001111110010110001101011111010111010011111111101001001000110001111010001111001101111111011000101111111000111001001101100001010110100011111011101101
101011101101011010001011111001111111000110110011100001000001010011111110000101101011011110111111000010100001101000110001001110100100001110011011101001001111110110001001100001000101
100001000101001000111000001011000100010010111000111111010111011000001000110100001001001100101100011010111100101011100100011000110101111100110010101011011001100011111100001101010101
101111011101100010110010101011110001011010001110010101110110001111100011110001111111101001101001111010000110101000101111111011100100010001100110001011010011001000001101111100011101
100001001001001111100110101000010111010011101011000100110100111000111110011111100001001011000011000011110010101101100000110010101101000111001110101001000111011111011001100111110001
101111100011011000111100101111011110010111001001010110010001100010010011000000001100011010011110011010011010001000101110011010001001110110011100111101011100010001110011001100000101
100110111111011010001111100110000010110010011011110111000101001111000110011111011111111010110000110000110011111011100111010011011111100100110001100001010001110100011000011001111101
101100010001110011101000110011111010111010110000100101111101111100010011010110010110001010100101110111111010010010111101000110010000110101110100101011110111010111001111110011101001
100101000100010110101010111010001000100010110110001100001101100001111001000100110000100010101111000011000011010110011001111111010110011101100101101001100100010001100000010110101011
110101111111010100000010100011101111101110100110111001101000101111001101011101111101111110101010011110011110010011000011000011000011000100101100101111001101011101111111010100001001
100101001000010101011110001010000101001000111100000011001010001011101001010001011001001011100010110100110000110110010111011110011011101110100110100011011111010001000000000101101011
101101011011110111110011111111010001011110000111111111011111111010000011110111000011100001001010000101100110110100110001011000111110001000110011111000010000010111111111111111001001
100101000010000100011011000111011101000011110100010001010001100000110110100101011110110101111011111101110011100101111011000010010000111011111010001111110111010010000110000000011101
110001110111011101001010010010011001111011000101000111000100111111100010001100001000000100100010000101011000001100010001011111110111110010011000101000000011011000110010101010110001
111111100100010001101000111000110011001000011101110001111110010000111011011001101111010110001110110101000011111111110101000101000100000111010011100010111010001111111011101011100101
110001001111000111101011110010110110011111111001011011000011011010010000011111001000011111101100100001011110101000110101110100010101111100010110111110001011101000001001001000001111
100101011110010010001000011011100000110001001011001010011001001011011111110001011011001100001001101111010100000010000100010101111100100110110110000111111010001101101101111011111011
101101010100111110101111110011001111110100011010011010111101100010010001100101000011100110101011111011010001101111110110110100000110001100010000101100001010111001100100010001000001
101111010001101100101000110110011100000101010000110010110000111111010101001101111000110011111000011000011111001000000111100111110011100101111110111001100010100011001111011101111101
100110010101001001101010010011110101111111000111111010100110010001000101011000001110011010001011001101000011011011111101001100011001110100000100010011111110111011011001001100000001
110100110111101011001011011000000000100011011100011000101111011011111101001110100111110010101011100111111001011010000001011111010011010110111101110110110100001110000011100111111011
100101110010001011111011001111110111101001110001010011101010001010000101101010110000011110101000110010001101010000110111010000010110010010001100010000010101100000111110110001001001
101100011010101000001001100100011110001100000101011110001000100010110100101000111111011000101110011010111001011110110010010110110100111010100111011111010100111111100000111101101101
100111001000101111101101110001001010111111111111000111011011111000100110101111101011010010100011011010010011000010011010111110010001101010110101001011010001100001001110100100101001
110101101111100100000100011111100010100101010001010001011110001101111110101000100000010111111011001010110110011011001110101100111011101011100001101001011111001100011100001110100011
110001001001110101010111010000111010110000010101111101010000101100110000101010110111010001101001111010110110110001111000100001101000001000111100101101010001011110110001011000111011
100101011011000101110100011110100010000110110100001101000111100110010111101010010001111101001100110010010010010100100011111011000011011110000110100101000100010011100101001110110001
101101001010010100100101110000101111101111100110100001010000110011010010001011011100110001011110000111011011110111101110000010011111010011101100110101111111111010001101100110100111
101101101000110110110100000110100000001000001100111111111110111001111010101010010110100101010111111111001000010000101000101110110101000110000110000101101000000010111000111100101101
101001001011111110010111111100111111111011011111100010001010011100100010101010110100001111000000010110011111011010000010100100100001110111110111101100001101110110011011110001101001
101011011001100011011110001101100011001010010000001000101011010110101110111010110001111010011111010000111001001011111111111101110111000011010011000110100111000011001010000111101101
101110011111001010001100100100001000011010110111111111101001000010000000110010011111100010110101000101100011101000110000000100010100011110011010011100110011011011101110111101001001
100010110000011010100101111111101101110010010100110011001011110111111101100111000010001000000001111100001001101101100101110111010001110000111010110001111010001110001100100101011011
110110100101110011110000000001001111000110110110011010011000010000100111001101111011111111111100000101111100100111001111010110010111000101110010111011001010101000101001110000010001
100010110100111001011111111101011010010011100111001010111111011110110011011100010011000100001111110101100110110100011010010000111110010100000110011011011010101010101011010111111101
111010010110001101000000001000000010110110001101100010110000000010011010010001010110010001101000010100110000100001110000111010110000111111111111010010001000111011111010010001000001
100011010010100101111011101111111010010010111000110110011011111011001010110111010000111111000011011110111111101101000101100011100111101000010000000110111110100001000011011101110111
101110011011110101000010000010001111011110001010000011010000011111100010110100011111100001111111001000010001100111111100001110001100000011000101010100000000101101011111000100010001
101000110010000101011111111000100011000011101011110111010111010000101010000101110101001100000001101101000100110010001110111100111001111111111111011111101101100111001101011111010101
100011100110111101001011001111111001011000101110000100010001000110101111111101000000011111101111001001111110100110100011110001100011100001000011111000111000110011100100000010010101
111001101100110101101000011000001101001011100110111101011101111100000100010001011111110000000110011111100010001100101000100111101010001101110110000010001010011010110101101010111101
110011000101100100001101001010111001011000110000100001011001000111111101000111010001011110110100111100001011111001111110101100101111011100000100111111101111110000010101001110110001
100110011101001111111101111010000011001110111010101111110011101100001001111100010101001100111101111001111000010011000000100110000101010001011101100010100000010111010111011000011011
101100110001011000000101000011111111100100100011101100100110000101100011101001000101100001100000010011001111000111010111110010110001011111110001001000111111010011010010000011001001
101111110111011010110100011111011010110101101111001001101110110100111110001011111101101011101101110111011011111110010011011011100101001000000111111110000010011001011011110111101101
101010000100001010011101110000010000111100100010011011100010010110100000101010011001001111000111000101011000000100111010001000111101101011110110000110101110111101001000100011000001
100010111101100011001001000101000110100001111010110010111011110100101010101011001011100100010010011100010011110101101000111110001000101011000100110011100100101101111110101110011101
111010001111111110011011010111111100101111011010011010000010000101111011101001101000111101110110110101010110100101001110010011101110101001111101111000110001100101100010111100110101
100010100001100011001001110011001101100001000010110000111111010100000011001011001110000101000010110101000000101101101011000111001010001100100000001010011011110000001010000111110001
101111101011001001101100111001100100101100011110011110001100010111111110011001100011101101111010010001011111100101100011110100011011100110001111111111001000011011111011110001011011
100001001000011101000110011101110110100111111011000011100110110100001100111101001001000100011011011111110001101101001000010101110000110011111000110001101111001000010001011101010001
111101011010110001011111000001000010110100000001011000110000100101101001100001011101010111001110000000000100001101011111000100111011111001000011100100001001101110110100000101000111
101001001110011011000101111111011110100101110111110010011111101101101011001111011001010001100111101111110101111001000011111110011000001100011001001111111011000111100111110101110101
101011100111110010010000101000011000101111000100010111001000111100100011011010001101011101110011001000100111000011011001000010110011011111111101011000110001110011001101000100010001
101000111100000110111010000011110011100010010101011111100010000110111110000011101001001100011000011010101110011110001111011010011110000110011001011010000101000110011001011111011101
101110000101111110001011101110000110111000111101000111111111110100100011111001111011100111111111110010111100110011101000001011000111110100110011001111101100011100111100000001001111
100011110001000011101001111000111100011010001001110011000000000101101000001100100000110000110000100110110001100110001011111001110001000101100111100000100101110101110111111101100001
101000111111101011001100001011110001001111111011011001101011011101111101011110101110011110000101101100000111110000111000001100011101010001101111111110111100010000010010001000111101
111010000000001110011111011000011011100110001011001101001110010001000111000110100111110111110101101001111110100111101110111111000101011111000011000110001111011011000110101010010001
100011111110100110110010001111001000110000100010011001100100110111010011010000110000110100011100101111000000101110001000011001010001001000010110010010100011011001101100101111010101
110111000010110100011000111001101010111011111110111011110110100100011001111010011010000001001110100010011101100100111011000011011111100011011100111010111001000011001001100011110101
100101011000011101110010011100001011100010000010001011000011101101011100001111001110101101100010111011010000110101110001111110000000111110001001110010011101111110011011111000110101
101100001111111000010111001111011011001111011011101001101010001001001111100001100111100111111010001001110111110101010111000111111110001100111011011011000101001010111001101110010101
100110101100000011110011100110010010011000010001101100101000111011111000111101110100001100011111011100010001000101000010010001100011100111100010000011101101011000001100100011000101
110011111001111110111001111100110110111010110100001110101101100000000010110100010110101001000110000101010101011101011110110100101110110000001111011110111001010011111110110111111101
111000100011000100011100100001100100100010011101101000100111101111111110010111010000111011110000111111010101011001000010111110100010011111111001011000000011000110011010110000000101
111110101011010101000110001011111101110111000111001011110011000000011011010001011011100010011011100001010100001101101110001110111000110000100011010011111110011100110000100111010101
110100101110010101110011111110000001010011010001101000111001110111000010010101010001001111000001001101011111100100100110100100011101100111101000000110000111010101100111110010011101
100001100100110111000110001100111111011001111100111110011100110011111110111100010111011100011111011001000000110001110011110111010001110110001111111100110010000101001100011110111001
101100110001110110010011101001101100001100101110011011000110011110000100011001110100010110110001011011011101111111000110000101011100110010111010001111111000110001011001001000110011
100110111111010010111000100011000101100110100011000011011111000000110111001100010101110100010100010010010000100011011100111101001110011000011010100001010010011011010011101011100111
110011100000011000101110101111110001110010110111101001001101111111110011100111011100010001010111110111110101101000001101100001100011000011001010110100011110110010010111001010001111
111000101011001111100000100001100111011010100000101101100101010000011010110001001111010111110100000110000111001011101001101100111001111111101010011111000011100110110110011010111011
101101101001111000001111110100101110001000111010101000110101000111000010000101100110010010100101111100110110011000111011000110001101100001000011011001101000101100100100110010011001
100100001100001011111000010110100000101011100010101101100101011101110111111100110000110110001100000001100010110011110010010100111101001101011001001011101110100101101101111011001101
101101111111100011000011011100111111101110001010101000110100010000011110000001111111100010111001111111101110111110000111011101110001011101111101101011001100101101100101000001100101
101001001000111110011111010001100110100100111011101110100101111111001100111111100100001110100011000000101010011000111101001000100111010100011000101001111001100100110101110111110101
101011100011110000110110010111001100110001110010001100101100110001101001110000101101111000110110011110100011010011110001101011101100010111001110101100110011001110010100110011000101
100001001000011010100010110110011001111111010110100111101110000100100011000110001101001011100110110100111111010110000100101000100101110011100011100110010111011011000110011000011101
111101111101001011101010110011010011000000010010110011001011111110001111110011011001101000110010010101110001010110101110101110110100111000111000101111010001001001011111001101110001
110101100001101000111000011010000110011101111010011110011000011011111100011001001011101110011111000100100100010011100011101000100110010010001110100100011101100011000001100100110101
100100101111101110011011000010111111111001100011001100110011001010001001011111011010000111000101110110001101111001111000101011101111010110111010110110110001110111111111110110011101
101110001000100111001011111010000000000011001111100101111011111000100011000000010010110001010000000111111000011100110010001010001000011100000000000100110111011100000001100011001001
100111111010110101101110001110110111111001011001110001000010001011111001111011010110011111111111011100010011000110100110111000111101001001111111110110000001011001111101001011100011
110001100011110100001000100100010110001111011100011111101000100010001100011110010100111000010001110001011111110110101100001101100001101011000100011111111101010011011001011000111001
100100101111000101100010110101110000100011010001010001001111111110100111000011110001100011000100000111011000110010111101011000110111001111010101001000011000000111010011001110101011
101110000100011111111111100101100101111010011101010101011000000100110011111000011100101111111111111101000010011010000111110011100101100100010001101011001111111100010111101100100001
100111110001111000000001110111001101000010111001000100011111110001110110101111000101100100110000011001111111001111010000011010110100110001111111001001100001000001110100000101111101
101100011111010010110100110001111001010110110011011111000000110100010000000001010100110110011011010011100011100001111111010010000110111111000001101101110101011100100101111101010001
101001000110000110011110010100001111010100100111110001111110010111011111111101110001100011001011000111001110111100000010010110111110000000011011000101011101001111101101100100010111
100011110011010111000111011101011000011101111100010100100111010001010000011000111111001111100001101101011100001111111000110010011000101101110001010100010001101000001000110111010001
111111011001110001101101001001001011110000010001000110110000010111010111010010100100011010111101001000011001011000001111111011001101111101000101011110110101100011111110000011011101
100000001100111101101001101111101000000101000101111110010111011100010011011110101101110000000001011010110011110011100010001011100101000001111101000010010111001110000111111001011001
101101111110000111001011000110001111110111111111100011011110000001111010000100001101011101111111011010000110000110001010101001110111011111000111111011010001011000110010001101001111
101100000111110010011000010000100100011100000001001011000011111101101011110111111001000001100000001011011110110100101000101100100011000000010000001000011101011101111010100001100001
100111110000111011010011111110111101010001111100011001111000001101001000100000000011101111001111111001001100011101111101100110111001111111111111101111111001001001010010101011111011
110000010110101001011110000110010001000111000101111100011111100100011110111111111110000100011100011101101001010001010100110010001100000100001100001100001011100011010110111110001001
111111011100001101000100110011110111110010010111000101000101110111001010011000000010110111111001001000100011010111000110011111100111110101100001111001100010111110000100011000100011
100001001001011001101101111000010000011110110110010101010101000101101011001011101110010000100011100010111110010100011110110000110100010001001111000011111110100011101101110011111001
101011101011010011100101001110111101001100100000110101110100011100101011101000100111011101101110111111100011110101001000100110010101111111100110011110000000101001001001000110011101
111000101001110110101101011010010101111001111111100100100101110001100010101110110100000100100000100100001001100101011011101111000100011000001100111000111110001101011011011100110101
110010101100110100100001001011000001000011000001001110101101010100111010100110100101111101111110001101111100101101001000100011111111010011011001110011100011111100010001001110100101
100110101110000101101111100001111111011111111011011000101000010110001010110011101101001100010111011001100110101111101101111001000010000110010011000110001011000111111101100110001101
101110100011111101001001001011000000010010000010011110101111011100100000011001001000011001010000001101001100101000101101011101011011111100110111011100101010010000001000110010111101
101010111000110100011100011001101111011000101110110100100011011001111111011101100011011011110111101001011001101010100001010101001011000101110101010110111110110111101010011010000001
100010001110010101110111111100101010001111100010000111111010001011000011110001001001110001100010111011001011100010111101000101101000010111000101000010000000010101101011111011011011
110111100011010000100000001110101000111000101011110001000011101011101010100111011111100111001000100010011010101110011001101101101111110010011101111011111111010100001110001001110001
100010111001011110111011100110101110110010101000111101010110001110001010001100001100001110011111101111000010001011010011000100001000011011001000110001000011110110111000101100011111
101000001101001100010010110100100011100110101110000001110100111000111000111111111001101000110000001000011110111001010110010111111010111011101110011101101001000100110011101101000001
111111101101100101000110010101101000001100101011111111000101100011101111110001000011001011110101101010110000000011010000110100001110110010100011000100101101011101100110100111011011
110000100100110111111111010001111110111001100000011001011100001110101000000100011110011001100100111011111111111110011111111101101000100110001001101110001001001000001110110011010001
100110111110010011010000000111000100010011111111001100010111111000000011111111110100111100110110110001100011000011000000110001000010101110111101000111111011101111111000011001010111
101100011000111001000111111100010101110110000001100001010010001110111110000001100101100110011100100100101010011001110110011011011011101000011001101100010010000001011101111101010001
100101000010011101111110000101110100110111101100111111111000100100000100110100001100101111001101111110001000111100010011000001001011001011110011101101000111111101000001000101111011
110111111011001101000000110001000101100100001110100000111101110110110101110110111110100001100101100011111111101111011001110111101110011011000110101001111100000101101101010100001001
110001010011111001101111111111011101001101111010101110010100100010100100010100010000001100110100001000000100001001011100011100001100110001011100001011011001010001000111010111100011
100101000110100011001010100001010001011001011000100011000110101011101111010101010111111110100111111111110101100011001001110001101001110111001111011010001011011111011110010001001001
101101101110101111011000111011010111010011001101101110010010111000101101010101110101000011101100000000110100111001101100110101111011010011100001000010100001010001000000110100011101
100100100010100001010010000010010100011011100101101000111010011110100100010111100101011000101001111010100110101101100111100111000010011000111101101111111101110101111111100101110101
110110111000111100010110110110110101110000110000101011101011010110110110110010001101011110101011000011101100100000110000101100011110111110110001001100001001000101100000110111000111
100010101110001111110010011100011101011010111110111000001000010000100011111000111001000010001001110110001001101011111110100101110000100010100111101001101011011100001110011100010001
101110100011100101011010110001110001010010011010011110101111110111101001000010000011110111111100011100101100111110001010001100100110001110101110101011101000001111111011000001011011
111000111010110100001011100111010111000111010011001100100010110001111101101111111011010001100001010001111110011000100011101110110011011000101010001000101111101000100011111111001001
100010100000010001100010001100000011011110010111100111111010011100000100100110000001011100111101010111000011000011110110000010011001000010101000101110100010001010101001000001111101
101111101011111100110110111111111010011000110000110001100011000111110110110011010111000110000111010010011001101111010110111011011111111110101111101100111011011010101100011011000101
101000101010000110111100110000000010110011111010011100001011010110010110011001110011010011110110011000111100100100010010001111010000000110100001000001101001011010111110110001010101
100010101110101110100001100110111111100111000011000111111110010011010010111100111110011000010100111111101110110110111011101000011011010011110101111111101101000010001100100111010101
101010100000100100101011111100100001101100011111110100010100111001011010110110011000111011010001100001001000100010101011001011110011011000100100010000101101111111100001101100010001
111110111110110001101110000001110101001110111001000001110001101100001000100011010011100010010100001100011010101000100010011000111001011110110111000110100001000010111111000110111111
100000100011111111100100111111000100011010001100011100110111001111101111101111010110101110111111111101110011101101101010111110101101110010010011111100101111101000000001110010100011
101011101001100000110101100000011111110000100111010111100101101010100100000110010100101100001100011000110111000111001110101100001101100111011110000101100000111011101100110110001001
101110001100101101110001101111110000011011110001000100001100100010110001110000110101100111011001000011100100010100011000100111011001001110000010110001111110001010000111100010111101
100100111110000100011111001000000111001000011101011101111110001010011111011111110100110001110011111111001101110101110010110101000011011011111010011111000011101011011100001111100001
101101100011110101000000011011111101101101001101110000000011011011000110000001000110011100110110110100011100011100000110010001111110011000101011011000010110001001011001111000001101
100001001010011111110111111010100000100001100100100111110110010000010000110111011111001110000100000101110001001111111111000100001011000010001011010011110000111101010011001011101001
101111011000110001100100110000111101111111110110001101000100110111111111100010010001100011111111010100110111100010001011111110111000010110101000010110011111100001110111101000101101
101010001101100100001110011010000001100000011111111000011101100010000000111110110111001000010001011110011110111011011000100011100011111100101111110000110001001101100100001110111001
100011011111001111111111001111101100101111111000011011111001001010111110110000100100011101000101011011000010100010001010001000001111001110101000111110011101011100001110101010001011
111010000010011000001101100100000110001100000011001000000011111010000110000111110001110101111100010011111010001111011011111111111100011000101110000111000101010111111000100011101001
101011011010110011100000110101110011011001111111101101010110001111110011111100010111000100101111010110010010111100010001100010000001010010100011010001110101010000011101111110001101
101011011010111000111111100001011001110011000110100111110100101000111001100101000001010110100011000100110110000111010111001011101111110111111001111100010100000110110101000010111101
101010010010011110001000110111001111000110010010110000011101100010001100110101110100010010111000010001100011110010010000011000101000100100011100101001110101110100000100011010010001
101000110111000111100010100011101000011111011000011111000000101111011110110100011111111110110011111111111010111000111111111110100010101101000110000011000100111111110111111011011011
101111110101110000111010001000101011110001110010111011111111101101001010010101110000001000100110000011000010011010000000011000101110100001110011110111011111100010000000110001001001
100011000001011110001010111110001001000100111110001010000001111001100011010000100111101011101111011001011111010011010101110010100100111111011000100010010011001010101010000101101101
101001111101000010101111100010101100011110101000100000111100110011110111011101101110100010001011001100010000000111111111000111111101100110001110101110111000011011111111111111100111
101100110101011011100011001011100111110100100011111111100110100110010001000111001010111110111010011111111111101110100001011101010001110100100010101100001101110001100000110000110001
100110010000010001111000011000111101010001110111000010110000001111011011110110011000000110100010110100001000111010001011010100000100110001111010111001100101000100101110100110111101
110011000101010100001010110010000000000100000100011000000101100000001000000000110010110000001010000001100010000000101000000001010110000101000010000011110001010110001000001100000000
111111111111111111111111111111111111111111111111111111111111111111111111111111111111111111111111111111111111111111111111111111111111111111111111111111111111111111111111111111111111
