1111111111111111111111111111111111111111111111111111111111111111111111111111111111111111111111111111111111111111111111111111111111111111111111111111111111111111111111111111111
0000101010000110011000001100011010001101000010101000100000000000000001000100010101000100010001000011000000110000110000000010101100000000100110000000000101000001010101010000011
1010000010110010110010111001000000100001011010000011101111110111011100010101000001010001010100011001110101100101100110111000100001010110001100111011010001101111000000000111001
1111111010011010100110000011101111110101001000110110001000100101001111111101101100011111010110111101100100101100101110101110111111110010100110001010011101001100011111110001101
1000010011011000101111111110100110100111101111100100111011101101011000110000101111110001011100110100001110101110000010101010000000111011110011011011110101100001001000100100101
1011010111001110100010110000110010001110000010001101110000100101010010000111100001000100010001100111111000101011101110100011111110011001111001001000010000110111111010110110101
1001110001100100111010000111111011111100111110100100010101110100010111111100101101101111110101001110011011100010111000101010000111001100101101101011011011100001100010010100101
1100111100110101100010101100001000000101100110110111011100010101010100100001111001001010100111100000110010111010011011101010110101100110100100111010010000111011001111011101101
1110000110000101101111100001101111110001110100100011001110110111110110001100011011101000110010110110010110001011010010001110010000110110110110010010111110011110011011001101101
1010101111111100100000111011001000011101000101101001101000010011000100100111110010001010111000010111010111011000010110100100111011100000100011011110010111000000110001100001001
1000100110001110101010001111011011011001110100101101101011111001101110110011000110111010011111010001110001001101110110110001101000111111101011000111010001111111100100111111011
1011110100100100111111101100010010001100000110101111001000011101001000011010011110011011001000010100111101101000110011110111001110000000001001110100010100010010001110110110001
1110000110110101100000100101010110100110111110100110011110110100011011111010110011000011101101111110100101100010011000010011011011111101111111010111010111000110111010000100111
1000110011100100001110110001010111110100100010110100110000100111110010000010011001111110101101001000001101001111110011011001000000001101000010000100010011101110100011010101101
1011111000001111111010011011010000100111101010011101100110001100010110101011011101010000101001100011111001101000011110011101101111100101011000111101111001100010111010011101101
1001001111101000100011001110010110110000001011000000001100100001011100101110010100011010100011111000001011001011000110110101001000111101001111110100001101001010010010110001001
1101100000101110001111100010110110010111111001111111101111111111000101111100110001001010111110001111101001101001110000100000011010001101100110000101101001011011000110011011011
1000101110100100111000111011100011011100011101000000100110000001110001000001100111101110100010100010001101001100011111111010110011101000110000110100101111010001110011000010001
1110100110110110100010011000101001000101000001011110111100111100011111011111001101101000101000111011011001011001000100110011100110100010111111100101101000011111011001111110101
1000110100010010101111001110101101110101111111010110001101110111000100010000011000100010111101110010010011111101110101100111001100111110100000101101001011110000011100100111101
1010100101111010101011100010111111000100000010010011101001010001110110110101011110111110001101000110110111000111000101001101011110000000001110101111011011000111000110110011001
1011110111000010101001111010000011101111101000111001100011000100010100110111000110001011100001011100100110010100011101011101010111101111111000100000010010011101110010011001011
1000010011011110001100101011111000101000111111111100111110011101010001100011110011100001111111001001101100110001111000010001000011001100011011111111111010110000010111001100011
1111011000010010111110001000001110001010010001010110001000111001011111001000011000110100100001101101001001111111100011111011111001111001110011000000110000100111010001100111001
1000010011111000000000111101111011111011000101000000111011110011000001111011001010110101101011101001011100101000101110110000101100001011100110010110100111110110010101110001101
1011110111001111111101100001100011001011111100010111100010010111111100001001111110010111001010001101011110100011101010000110001111101010101100110011101110000011111100011100001
1000110001100000000111001011001000011000100111110100001110110001100111101111000011010100011010111001001010110110001010111111100000101000100001111110001000111000101111001111101
1010011100101101101100011010011101001110101101010001111010010100110000100010011001010101111000100011100010010010111000010000111101101110111100010000111110110010100011100011001
1011010110111001000001111010111001100010100000011111000000111110011010111000111100010000101111110110111011011000101011110110000100100110010101110111100011100110001000111001101
1001010110100011111111000010001100111110110111001100011101111011001010001111100111111110101001010010100010001101100010010011010001110011000000110110001000111111111110011101001
1011010000110111000110011111011001100000100010011001111000110011101011111010110001011000001100000110001110100101001111011001110100111011011110010011101110110001100000110001011
1110011101100101110100110101010011001111101011110011100011100110001000000000010100000011100110110010111011110101100001001101100110001001111000111000100100000100001110100111011
1100111001001100110101100001010110011011001010000110101001001100111011101111110111111110110010111010000001000100111100011000111100101100001110001110110111111111111000101110001
1001101011011110010101101111010110111010011010111110101100011001101010001000110011000010011010001011111101101110000111001110011001101111100011101010100101100010000011101100111
1011100010010011000101001100010010101000111000100100100111001011000010111010011001011011000011011001000100001011110101101011001111000101111000101010101100001010111111001001101
1000111000111000010000011001111000101011101111110001110001111010010110000011001101001011010110001100011111111000100100000011100001010001001110101010000110101110100001011011001
1010001111101011111111011011001111100000000001111101010100010011111100111111100001101001110011111001011000100010001101111000101101110100011100101011111110111100110111010011101
1011100011000010001000001011100001111111110100110001011111010110001001100100111111101100111000011011000010101111111100001111101100111101001001101010000100010001100001010110001
1010111001011110101111111010001100100011000110000100010000010100101011110001101000101110011101001111101111101000010110111000100110000101111011000011010001110111111011010011101
1010101101111000100000000011011110001001101111111111010101010101101011000100100010100011000101100110001100001101010000100010110011010111000001111011011111000101100010011000001
1000100100000011111111111111000011111100100001000011110111010101001001101110110111101110010111110100111001111001110101101110011110010001011111000001000010011100110110111111101
1110001111111110001100001100010110000110111011011000010010010001011100001000000011000111110010100101110011001100000111101011000011011011010001111101111010110110000010000101101
1011101101000100100110100111010011110110001110011111011011011101000111111101111110011100011000110101100110011001111100001011111001111011010100110100100010000111011011110001001
1011001000010001110010110110011000110011100110110001011001000111110000110000010000111001011110100001001111001101000101111000001100110010010110000110001011101101001000100101011
1010011011111111011000100010110010011000110100111101001101010011011110011010110111100011010000101111011001100101110100011110101110010110110011101111111011000001101110101101011
1010110010100010001111111011100111001101110001101001100001011001000111001110100101101110011011100011011100110000000111000100100011010100110110100100001001111100100010100101001
1010110110001000100000001000110001101000011111000011110111111111010001100100101101001010110010101110010001111111110001110101111010000101100000110001101100101110101010110111101
1010010011011011111110101110011101101101010100011000100100000000010100110101100101011000110110000100110100110001010100110111000010111100111010111100111110100000101010010000101
1011010110001000110000111011001001001101010001111010101101111111111110100111110101010010000100101101110110100101000110100100011010001110011110101110000110101111111010111101101
1001000100101110100111110001101011011001110101000011101000000001001000101100000101011111110101111001000110001101111111101110110010100011001100001011110010101101000010100001101
1101111111101100101110010100001011010011100101111110001011111100011010100110111101000000111111010011101100111101100000001000100111111001100111101001011000100100011110101101001
1001000011000101100000110111111110011000001100011000111010000110110011110000100001111110011000000110001001101000101111101011111101101101110101001100001111110110110010100111011
1100011000011100111110100110000100110010111111000011100010101100011000111111101111000111000011111111111011100010001000111000110000101101000100011001011000110010100110110010001
1111111111000110001010101100110001110110000001010110101110100101001110100000001000010011111110001000000010110110111010001110000110100001011101111111011010011000101100111000111
1000010001110011101000100110111011000111111111110100100100110111111100001011111010111001100000100011101010000011100011101100111110101111010001100010000011001111101001101111101
1011000100111000101011110100001011101100000000100001110101100001100001111010000010011101001011111111001111111001101110000111100010000001011101001010101011100110000011100000001
1001111110011111101001000101111000100101111110111100010100111100101111100010111111001101011010001100011000001111001100110010001011010101001000011011101000111100111111001101101
1101000011010001001011011100011110101101001010100111010110000110101000101110100101100101010010100111110011100001011001111010111001111111101111111011001011110001100001011100111
1001011010010100011001010111110000111001100010110000010011110010001010100010110000110101010110110001100110111011011111100000101100000000101000000001011110000111001100010110001
1100001010110110111111000000100111100011110110011111111000111011101010111110111011100101110010011101001100011001000000111110100001111110001101111100011000111101111101010011011
1110111010000011100001111110110110001110100011000000001101101000111010000010101010001100100111010100011111010011111110100011110100100011101000110001010011100000000111000110001
1100011011101011001011100000100100111000101001111111101100101110001010111010100010111110110101010111111000010110000110101000011101101001111111100101110110101110110001011111101
1001001001111001011010001111110101110010101100010001000110000111100011110010101110101010000001000001100011010111010010001111001111001100010000111111000100100010011101110000101
1011111100001111010010111011010100000110111001110101010011101100111110000110101000100011101111111011001111010010011011111101100110011111010110000100011110111011001100100110101
1110000111100100010110001001000111111110001011100101111000100001100010110010101011111000100110001000011010011000111010000001110000111101000111110101111000010011100110001100001
1100110001110101010011101100010000001011100010101100001110111101110110111110101011011101110010101111110000111101100010111101011111101001011100010101010011000110110011100111111
1001111100110101111000100111011011100001101000100111100100010001000010000100101001001000111000101100000111100100111010001001000000000011011001000100011110010100011001110100011
1011000110010100100010110001111000111111001111110101110101000111101011110101101101100011100010101001111101110110110011101011111111011111010011111111001100110101011100010101001
1011110011010110101110011100110010000010011100000100000111011101001001010001000100101010001110111011000101000110011001101011000001010001010110100001100111100101010111010101101
1000011001010000101011010110011110110110111001111110111110010000011100011111101110111000101100010010010100010011001100101001010100010101010000001100110000110001000001010101101
1011001100010101101001000111000010010000110011000100100100110111110111010000101010011101111001110110110111111001101110001101011111110101111011111110111110011111111111010100101
1011100111011111001011110011111011010111100110010001101101110010000000010110100011000111110011100100100110001101001011111101010000110100001110000000100011000010000011011110101
1001110010001000011000011001001001111110001100111111000101011011111110110110101111110011100111001110101100101001011000000101010110010111100000111110001111111010111000010000101
1100111011101110111111001101011100011000111101101101010001001001000010000100100011011001001101101010100101101011011111010000010011010001101111100010111000011010001010110111101
1110011010100010100000011101000111000010100100100100011111100011011011111101101000001101011100101000110001000010010001111011111001011100111000001011100011000011101111100010001
1011010010001000101101010100010101111111110110110001110011001001011010010001101110111001010110001010011101111110110100001000111101001110011011111001001111111111001000001110101
1000010111011111101101000111110000110001000010010111011010011100001011000100100010100011000100101011001111100010000111101010011001100011000010001101011100010000011011111100101
1111110001110000000101111110011110010100011011010001010000110111111001101110111110101010011101111011100110001011111101001111010011110111111111100101000111000111110010100101101
1000111100011111110100000011000010110111001111011100011101110000001100111000001000101110110001010000110000101000100001011100010110010000010101001101110100010010000110001101001
1010000111001100011111111001101010100011100000010111000111000110101110001111101101100011100101000110011111111010001011000110110011010111000001011000110101110110111100101101111
1011110001101001001000001100001110101110111111110001110011111100100010100011000101111001001111111111000000011111111001010010010110010011111101001110000101100010100110100100011
1000011100101011100011101110111000100000010001100100011000000101111011111001110100001100011010100011101111110000000011111011110011011010010001100011111100111010110000110111001
1011000110001010111111001000110010111111000101001101001111110100010000011101000110100111110000001000111000010110101110101000011000011011010111001000100110011010011011100011101
1011010110111010010001011010000110100011111101111111100000010111011111000001101110101110000101111110011011000100111000001111001111001001010100011010001111001110110011001001101
1001110010100011000101010011101111101000110100100010001111010001001011111111001010111000111101100011000011111111110011100001011001101101000101110010100001100000100110011100101
1100111011101110010101011000111010001110010110001011100011011101101010001010011000110011100100111011111010000110000110001011001100000101101111100110101101001111101100111111101
1110001000101011111101001011100000111011000111111011001010001101101010101000111010010110110110001010000010101100111110101001100110110100100000111111101101011000101001101000001
1010101101101000000101101110001111100011101100011001111011111001001000101011100011000100100011101000101110100001100010101100110010011110111110011000111001011110001011000010101
1010111001001011010000100000111001101010100001001101000010001011011010100010101111111110001000101101111100111111110110101110011011001100101011000010010011010000111111111010111
1000100011011011111010111111101101001010111111100001011110100010001111101110100101010000101111100111000001100000110010111011001011011001100001111111010110011010010000010010001
1011101110010000101110101100000001011000001101111111000110111110100101000100110001000111101000110100011111101011100110001011011001001011101100000011010100110011110111011110101
1010101000111110000011100001010100011111101001000000010000100000110001110110011101110001001010100101110000001000001111101010001100011010100111101110010001100111000101000011101
1000100011100011011011001011010110110000100011011111111111111111100101000011000100011101101010101101011111111111011000101010111111110010110000101100110111101100011101111000001
1011111110101001110010011111110011100110111110010001000110100001001101101110010111000001001010001100001100000011010010001010001000010110011110100101110010001101111000001111101
1001100010001100010110110110000111001100010000110100010010001101011001001000110001111111101011100111100101111001010111111011101011010111000000110100011000111001000010100110001
1101001000111111010000010100110100011101110111110110111000111101010011101101111100001000101001110000110001001100010000110000101011110100011111100111011011100011011111111100101
1000011111101100010101000101110101110101100100010100101111110001110110100100000110101101101100011011111111100111011110100110101010000111110001110001001110001111001000010001111
1111111010000001111111110100011101000100001101000101100010100111100110110111011110101100101110111110001000110110001100101111101010110011000100100111100100111100011011010111011
1000001010111111000110010111001101010111111111101100101000101100001100010001001100101001101010010100101010000000101001100010000010011001011110110000110001101001111010010011001
1010111000110000010011010101100001010101100000111110101010100001111001011101100101100011001011000001100011011111111011001110111111011101001100100110011111000011000010111001101
1010110011100111111001000000101111010101001110011110101110111111100011000100111100111110011001111111111110001000010011100010001101000111100110101111001010011000011110001100101
1010010111001100101101111111100010010001011011001100100110101000110111101110000110000011011011000010100010100011010110110111011001110010110100101000011000111111110011100110101
1011010100011110000001000001101000111100010001100001111100001110010100000111110110110110001010011000101010111111110100000101010011011000100101111010110011111000111000110010101
1010010101010100111111010100111111100111111101111111000001100011000101111100010010010000100000111101101011100001100110101100010111001110001101000011100110110010001101111000101
1010110001110001110000011110000011001110000001000000011111111011110100000001011011011111101010011111001010001100001100100101110001101011111001101110001100000110100000001111101
1010011111100111011011000111111001100011011101110110110011110010000110101011111011011000111011001100011010111110111110110000000101001000010011000100111111111110111110111100001
1110110100001100001011101100101100101001011001100010111001100110111111111010001001110010010001111001110010010010100011111111111101011011010111110101100100000100100010001001011
1000110001111001100000100110000110101100001011001110101101001100001010001010101100100111011100100011000111010110101000011000011001010001010001100100110001110101110111100011001
1101100111100011111110110011011100100101101001111000100001011101100000101110101110001100000101101111101100010000101111001111010011000111011011001110011100100100110000111111101
1000001110001110000111111011000101111111001100110011101011010000111111100000100111111111110111001000101111010111101011100010010111111100011001011011000110101110010110001000101
1101111010111000111100011001101100000011100110010111001001011111110000111011110101000110000010011010100110011100001001111011000000001101001101000001110000100011010111101010001
1000010010001011110001001100100111111000110111000101101101001000100110001111000100010010111000110010110000111001111100101001111010100001111001010101011111111011010001001011011
1111011011100010000111100110110110101110100001111100001001100010001111100000010111011110001111111010111011100011000110001100011111111111100011110111000000011010011011011001001
1010010000111010110100110110100010000010111011001001011011110111111010001111110110001000111100000010010010001110011111011111000101000000101110000110011010110010111110001101101
1010110111101010111110000100101010111010001001100011001111000100011000111000110000101010100001111111011110111011001100010101110100011110001000110010110011100110001100100101111
1010110001000010000011101101111000101011101100111011101000011101001101100010011110111011101111100001001000100011100001000000010001110111111101111110100110001111101001110100001
1010010100011011111000100100010011101000100110001010100011111001100111001111000111100010001010110101101011101010001011011011111111100100000101000100101110111000000011000101101
1011011111110010011110110111010111001101110011101000111110000011110000011101110000001110111000010111100010001110111111110010001100101101110100010101100010100011111110011111001
1001001100011011010110100001010000011101010110001110110100111110011111110101011111011000100011000000111110101000010000000110100110000101100101110001111000101110000011001011101
1011100101001000010100111101011111011000010011011000000101100000110100000100000001111011101111111010100000111011110111111100110011010100101100111111001111111100111001100010001
1010110001101111000101100001000010010011011001010011010100111010000111010001011100110010000000110010001110110001000100010001111000010110100101101001100000011001101100111010101
1000011111100110011101001011111011110111011101011111111110000011010001111111001110010111011111100111111100010111010101010111001111110100110100000011001111001011001110100010111
1011010000110011001001011000001001000100001001000101100011101010011100000011100011010100010000101101000101110110011101000100011100010101110111111001100001101001100010110110001
1011011010011001101011111111101101101111101011010000001000001111110111101001111001110101110110001000010000010010110001111101000001010000010000011101101100100011111010011111011
1010011011111100101010100011001100101000111011010111111111011100010000001100011101000100010111111111011111110110000111000111011011011111111011010001000110111111000011001000011
1011001000110110111000001001100110100010011001110110000001110001011111101111010001011111010000100001001101000011111100010010010010010100011011010111111110001001010111101011001
1001101110000010010011101100110000101111001100010011110100111011011000111000010101011000011110001101100001011110101110111011110110110101010010010000001100101100010010101001101
1100100111011111011000111110111111100101100111011000000110011010000010001101110101010011111011111001111011010010001000101010000110100101000111111111100111101111110110001100101
1110110100010001001110100010000001110000110001011111010011010011111111100101000111011010110000011100001110011000100011100010101100001101111110000101110000100011000110111110101
1000110101110101100110101011101100111111100101010000011001110110001100110101011110010010000101001111101000111110111111001110111001101001000010110001011010101010010010010111101
1010100101000100110011101000111110001100001111010111111011000100101001100101010000110111010111101000100010001000100001100100001101111011011000010100001110111010111011010010001
1010101101011110011000101110011010101001011100011100010010011101100011001100010111110100011110100010111111100011111100110110100101000010011111111110100100110010110010011000101
1010101101001100111110001011001000101011010001111001010110110000110110011111110010010101001100111110101000110110000110010010110111011110110000011010110101100110011110110010111
1110100101100110000011111001101111101011010111000011011110100101111100110000011010110111100101100010001010010100110110111011100001000010000111001010111101001111000010000110011
1000110001110011011000001100100000001001010011101011011000101100101001100111000010010001110101001000111011011101100010110001111011110111111101101010001001011101110111111111001
1011111100111001001111101110111111111101111010001110001011100101100011110101111110111100100100011011100010001101111010000100010010100100010000001011011011011001100010000001101
1010000110101011011100001000000001000101000011100011101000110101001010000100000010000110110111110010101110100100110010111111000110001101000111111001000010000011001010111101101
1011010000001010011001111011111100011100011111001001101101100100011111011110111010110010110100011000100111110110100111100011110110111001111110101011111111101110011010010000101
1001111111101010110011000010000101110001110101111101001000111101111101011000011010010110010101001111110000100010101100001000011100100011000000100000000001100010111011011110101
1100011000111010011010011111110101100111000000001001011010001000011000010011001111010111010101100000010110111000100001111111000001101111011010111011110100111010010010000111101
1001000010110011001110110000010100101101110110100011010010101111001010110111100001010011000100111111011110001101111111010001111100100001110010001111000110011011010111110100001
1111111010010111101000111011000110100100100010111110010111100101100011100000101011011001110110001001001100101101000100010100001110111101100111100110010111000010010001000101111
1100010011000100001011100001111100110110001110010010110001110100110111001111101010001100000010101011100110100111010111000110100010101100101100110010111101111111011101101101101
1001011111011101101010001100100001110110100011011000011111000101111100011000101000100101011111101010110011110010010001111100111110100110001001111010000101100001010101001100101
1011010001111001101000101001101100010011111110001110111000011101011001010010111011111111110001001000011000011000110100001110001100110011111101000011110101001100010101100110001
1011000100100011001110101111001001011011000011100010010011110001000011110110011010100011000101011101111111001101100101100110101001111001100001011111000100011111110000110111101
1001111110110111011000111000011111111001011001001011000110000101010110000011001000101001101100010001000011100111111111110011101011001100001111010001011101110000110110000100001
1100000110000110010011110011111000001100011101101001111100111101011100111011101101101101000111110100011000110000000010111000100011100110100100010100011000110110011100111101111
1001110011110100110110010110001011011111110100111100000101100001001110011110100101001000011100100111111110011111111010101010101110110000110101111110110010000011000110011001001
1011011000010111100100110010100010010000010110010101110111101101100111000100110111011111110110001100011010110000011000001010101000010101110100001100110111111001110011110011101
1010001111011110001110011010111110110111000111010100010110000111110001110101100100010011010000111111010010111011001110101110101111010100010111100110011100001100011000110110001
1011100001010000100111011010010000100101101100010101110010111100000100110100001110111010010111100000010110011001100011101000100011000111011100110011000110101111001110010100101
1001101111010111110011010011010111101100100001110100111010000110111110010110100110001000110010110101000011001101111001001011111001111100010001111010010000100011101011000101101
1100001000010110011110010111010000101001111111100110100010110100000011010011110011101010011000000101101111100100011111011010001100001110110100011010110101111010001001111101101
1110111011010011001100110000011110101100000100001100101010110101111111111000011001001011111111111100111000110001000001000010100111101010100101001011111111010011011100011000101
1000100011011001100001111111010000100110110001111101101110010100011000100010111100011000101000101110110010111101111011111110101110100010001101101010000011000110001111010010111
1011101110011011001011010001110110110010111100000000100011110001010010111010001111110010000010000000010110001000001000000010101000111010111100111010111000011111100011000110001
1000101000110010011000000100100011111010100111111111111000111111010110001111011010110111101111110111110111101111011111111000100010100010010001110010011111111010111001101111101
1110101101100111110011111101101001000010001110000000001110010001010011100100001000100010111000010001000100100011001000001111110111101111110101100111000100000010101100101101001
1000100101001101100110001100101111011111101000101110100011010101011001110101101110001000100011011101011101111001101101100001010010001000100100101101110111101010000110100100011
1111110101011000101100100110100001000000101011100010111111000101111011010100100011011011101110010001001000001101100111001101011010111010001110101000000100001010101100110101011
1000010101011010000001110011111101111110101111001010010001011100010000010110111001110001101010111111101010111100110110011001001010011011011011101101011101111000111001100101001
1011000101001011111111011001010100100100100001111010110101001101000101010010001100100111001010011000101110000110110000111011101011000010010000001001001000011101110011001101101
1001110111101000010001001100000110001101111100100010100101100111111111111011101110101100011011000010100111110010011110110000001000011111110111111011101101001000100110011000111
1100011110101110110101100110110010100100000110001110101100101100001100001000111000111110111001011110110000000111000010011111111010110000110000011010100101101111101111110010001
1110110000100111100100110000011110101111110011101000101110101001101001101010011010010100101101110000011111110101111011001100001111110110011111010010110111000000100000111111101
1000110101110011001110011010110000100000011000111111101010111011000011001011001011010001100101000101011000010000001011111001100101000111000011011010010011111101111110101000101
1010100100111000011111010011100110111111001110000010001010011001111110011111101001010111110001011101110011011110101000001011110001011101110110010010111000011001000010000010101
1010001110011111110110010110001100110001011011111010111011001011100011000100001101010010111011011000100111000010111111101000011011001000010100110110001111001011011011111110101
1011111011000100000000110111011101100101000011000010001001101000001001110001111001011000100011010010101110010110110000101101110001100011010101110011011001101001001010000100101
1001100001110101111111110100010000101101111110011111101011001111111100010111000011001110101010010110101000111100100110001101000100111110010000011000000011101011101000110101101
1100111101010001100001100101111111101001000110110100001001011000010111011100011111111010101010111111101011100001101111111001011110010100111111001111110110001000101110011100101
1110010001011111001011001100101000101011010100000001111100000011000010011001010000110000001010001100001001001011100110001011001011110001100011100100011100111010000011000110101
1111000100000000011000011110000010001000010001010101000001101001101000110011000110000101101010100001011100011000110000100001100000000100001000110001000001100010101001010000000
1111111111111111111111111111111111111111111111111111111111111111111111111111111111111111111111111111111111111111111111111111111111111111111111111111111111111111111111111111111
