11111111111111111111111111111111111111111111111111111111111111111111111111111111111111111111111111111111111111111111111111111111111111111111111111111111111111111111111111111111111111111111111111111111
00010100000110110000000011010101010001100000001100001000000110001100101000000000110000000100000010001000100010000000110100001010100010100001100000110000100010000000100010000000101011000001010101000011
10110001110010000101101001010000000101001111100001101011110100100110001111111011100111011101011011100010101010101010000111100000111000001100001110000110111000111110001000111110100001101100000100011001
10000111011011101101001100010101110100011100111111001001100001110000100110001011001101001101001001110110101010111011110000101110010010111111011011111110010011100011101010010100110101000110110101111101
11111101001000100101011111110100011111110110000001011011001111111111110010101000011101100001101101000010101011100010111110100011011110000001001011000011011110001000111111010101100100010010010100011001
10001000011110101101011110000110111000010000111011001110011000100011011010101110110000111111001001101010001011001110000110111010000111111111101000011001001000111110010000010101101111111011011111010011
11100011111100101001001100101110010011011010011001011100111010101010001010100010010110000100011011001011111001011000110100100010110000000011001111111101101010100011010101110100111000111011010000010111
11001110001001111011111001111011000111001111001101001001100010101000101010111011000111111101111001011000101100010010010001110111111111111010011000100000100011101011011101000110000010010001000111110001
10011000100011000011000011110001111101100101100101100011110110111011101000101001010010001001001101110010100111110111111101110000100100000000110010101110111111001000010001010011111111011111010100011101
10110011111111101001011111100100000001110101110100111110110100001001111111101101111010100011011000100110110000100110001000100110101101111111100110111000001000011111110101011000000101010001111101011001
10000110100010001101000101001101111111000100000110001100000111101101000100001001100010111110001110101100011010001100101110111100100001100001001100010010111011110100000111011111010100010100000101001011
10111110001000100111110100011000110000011111111111011001011100100100010001011011001010001011101000100111001010111001101000000001110101001101101111000110011010000101110001000100010101110111110001101001
10000011111011110110000110110010100101111010001000000011001110110111111111001011111011101000001011110001101110110011001101111111000111011101000011101111010010111101011101110101111101000101011111100011
10101000011000110000111100100111101111000010101101111111100010010110000011101000011010101111011001011111000011100111100111000001101100011001101010000101110110010000010100110100011001101100000010111011
10111111001111100110101101101100000110011000100111000110101011010010101010001111010010100010011101010001111010001101110011101100001101110011001011010100010111000101000110011101000011101001011000011001
10110001100000111100100000111001111100111111110011010010001001011010111010111000010110111011000100000100001010111000011000111001111000100111111001111101010001101111111111001001111110101101001111001101
11100111111110000101101011110011100001110110011000011011011101010010001010110011110010001010010110111111100010110011001110001111100010101100001100011001011101000110000001101011000100001001101000011101
11001110000011110101001000010110001111000100111111111001111001000111101000100110011010111011010011100010110110011110011011100000101111101001100101000011000101011100110100001001110001011011101101010001
10011100101001000101111101010111011010010001101000101100110011011100001101101111011010011001111001001000010011010000110000101010100001001011110101111110010101110001100111111100111111011010100111110111
10111001111101011100010001010010010000111111000010001110000111000001111000100110000011001100001100011111111001010110100111111011110111011000100101000110110100110111001100001110000001010000110010100001
10001011011000010001000101011010110101100001101111101011111101111111010011110011011111100111101111010100001101000100001100011001100011010011101101010011100110010011101001101011110100011111111000101111
11101011001111111111110111110010100100001100101000000000000000011000010111011001010000110000100011000001100101111101101101001100001001000110001001111001110011011000111011101000110111110000101110000011
10001001100000001000010100000110110111111110001111111111111111001011010110011101010110111011111001011101110000001000111001100111111111110110111100001101000110001110100010001010010110000110000111111001
11011100111010100011011101111100010100101011100001000110000011111011010010110001011100000010001101111000011111111011100011110000001000010010100111101001011110100010001110101011000100111111110000001101
10000110010011111111001000101001010110000000101011010000101000000010011010100111001110101000100100010011000100010010001111011110100011010110101101001011000011111010101100111111110101101100011111011111
10111111011000010001101110100011010111011011111000010111111011111110111000101101100011111110110111011001101101000110111100001000111110010100100101011001101001010010111001110000011101100001000001000001
10011000010011010100100100110110010101011010001111111110001110000100101101101101111001000011100001001100111001111100100101111011100011010101110001011100101100010111100011000111000100111101111011111011
11010011111110011110110001100100110001010010100011000100100010110101100000100001001101101001101011101101100011100001110000000010001001011100011101010001100101010100001110011101110110011000010000101011
10010110001100110000011111101101111100010110111000010001111000100001101111111101011101001100001110001000101110101011100111011110111101001111001101011101110111110101100100110000100011001111110110101001
11000100101001100111000100100101011001111100101111111101001111101011001001010001010001011001011000111011100100101110001101110000001101100011100100000001010011000100110101111011101011100000000100101101
11101101100011001101110110101101001100100001100000110001100000001110011100010111000111010011110011101001110101100010111001000111111001111001110111111101011001101110010101100010001001111111111110000101
11001100111111101100010110000101100110101111111011100100111111101000110110110100011110010111000110100011000100111010001011011101100011011011000001000100011100100111010100001010111100110000000011011101
10011001100001001001000100111100110100100000011000001101100011001011100010110101111000110100010100101110010110001011100011000001001110000001111101110101110110110101010111101010000110100111110110010001
10110011001101101011111101100110110001111111001110111111001001111000001010100100000011111101111110000010111111011010001001111101011000110100001001000100100010010000010110001111011111101100010111010111
10011000011001001000000100110010010111000001100100000110011100001111111000101111111001110001001100111010001100011011011111000001010010011111100011011110001010111111110100111100010000100101010010010001
11011111110011011011110110000111010110010100110101010010111111011000101101100000001100100111100001100011011001001001011000010111010111001000111010000000111010010000000101110001010101110101011000111101
10000000000110011110000011010010010011010110100101111110001010010010100000111111101110101101101011111011001111101101110010110001011101101010001111111111100011000111111100100101110100010101001111101001
11111111111111000010111001111010111001110010101111000111101000110110001010010011001000101000001110001001100000000100100111110101001000101011101000110000110111111110000110101111000111010101100110000011
11000000001010011011101100110010001100111010100001010000101010010011111111000110011010101111111000101111111111101110001100010111101011101000100010100110011101100000110000100010011101010100110100111001
10011101011000111011000110100111100110010010111101011101101011111000100011110110111111101100010011100001010001101011111001011110001000001110111110001111001100001011111111101110110001000001111101101101
10110101110010010010010010110001110011000110010101010100101000011110101001100010000000101001010110111011000111001000100011000100111110111010010011111101101001011111000001001000100111111100110001000101
10000100110111110110111010011100011001110011000100000110101111000010101100110111111110100011010110010011010011011110101111110101100011100011000110011000100011000110010111011011110000000111100111010101
11011110000100010100101111001101001100011111111111111110100101111010100110010100010110101111000000110110011000011000101011000101001001001011110111010010111111110100111100011010011101010100001101110101
10001011111101000110000001100111111101000011000000100010110001001000110111010101000100100001111110010000111111110011101010010001011101011000010000010110010000110001111001110011001001010101111000110101
11100001000001111100110111110000000111111000010110101000011101011111100001011101110001110111000100111111110000010111001000111011010101011111011111010011011010011011010011000111100011011101001010010001
10110111011111000110010000011111110000001110111110101111110001000010001111001001011111000010010101100000010101000010011011101010010100000011000101011001010011001110000111011101111111010001011011010111
10010010010001010011110110111000111111101100001100101000111101010110101011100011000011101010110101111111000111110110110010001110110110111110010001001101000111101000111101010001000001010111010010010001
10110110111101011001100110000010001000101001111001101010011001010010111000111110011000111010110101010001010011000100011110101000110011100011011011100101111110101101100000010100011101010010000110110111
10010010001001001100001100101111011010001111000011000011010011011010010010000000111110001010100100010101111010011101011000100011100110001001001000001101000000100101001111110110110100011011110010010011
10111011101101100111111001101100010011111100010111011111000111110011011110111111100111101010101111000100010010110001010011111110101110111101101111111001101110110101011001011100100110110000011110111001
10010010100100001110001011000101010111000001111100010001111110000110001000100001110000101010100011111111011011110111010110000000001100101000111000010011100011100101001100001001101110011111011000101101
11010110110111111000101111010111110100011111001001011101000000110111100011111101011101101110111001100110010000010011010110111101111001100010000011011010110110001101100110100011101011010001001011100001
10010000110100001011100001110000110101110101101011110001011011110010111110000100010000100100101100110000110101111001010011100001000011111011011111000010010000111000110100101010001000010101101011001111
10111101100101100010111100111110100100100000100010100101001000011010101000110001011011110001100110010111110100001101111011001011011110110001110001111111010111101101110001101111011011111100101000011001
10000001001100111110010110000110101110111010001110001101111101001000001011111111001001011111110111010000011110100100001010011010010000011101000100100101010011000000000101111100001010001101101110111101
10110111011001100011000111110010100100001110111000111000000111101111100011000001101100010001000000011101001100101111100010111110110101000001011110110000011001101111110111000110101010100000101100001001
10011100011100101111110100011010110110100100100011101111010010001000111110010101001101110100011111110101100001100100111110010000111111111101000010011010111100101100011110010011100000111111100111101011
11001001110110100110000101110010010100110101101001000000011000101110001100110111011001000111111010000100111111110110000000110111100011000111111011001010000110111001010000111001001101100001110001001011
11101011000000110100110001000111010110100101001101011111111111111100101001100110001011011101100011110101110001000011110111100010001000010000000001101011010110000011010110011101111111001100111101011001
11001001011101100001111011011111010010101101101101010010001100011001101011110000101010010101001000000100100101111001100010001110111111111111110111001111010011111111010111110000001110011110101001001101
10011101111001001100001110010110011011101000101001000110100111001100101011011111100010110000011101010110101100001100001010111100100000011000011110011000011001000100010000011011100100111000001011101001
11111001000011011110111000110100110001101110101011111100110001100001100001000001001110110101010001111100101101101111111010011001110111001010110000111011010011010001111111001110110001101101101010000011
10001011011110010100100011100001111100100100101000000101111100111100101101011101111000100101111111000001100111000000011111001011000101100011100111100011111110011111000001100100011111000111001011111001
10100010001000110001101110101100110110110101101011110001010110000111111001001100100010101100110001011111110001110111000001101010011101001111001100001001000110110010010100110110110110010010011010001101
10111110101011111011100100001110000010000100111001011011000010110000011111011001101111100110000100000100011100011101111100101010111000011000011001101111010010011000110110010010100000111000110000101111
10110111101000001110110101111011111011111110001100001111101111111011000001010011100001001111101111110101010110111000001110101010101101110011111011101000011011001010100011011010001111111101111101100011
10010011001010100000100001001000100010000011100111100110000010001001111101010110111101111000101100010001010010001011101010100000101000100111010000100011111001101110101110000010111001010111000111111001
11011000011111101011101101100010001110101010110100110010111010101100000100010000010100110010111001011111011011101001000010111111100010101101000111111110001101100011101011111110011101000010010000011101
10011110110001101000001111101111100000111010000110011011100010100111111101110111010110000110010011000001001000101101111010000110001111101101011101000011011100111000001001000011000100011000110111010001
11000010110100101011111000111000101111110010111100111010001110110011000111100100010011111111000111111101100011101100010011110011011000001001001100011001000110011111111100011111110111110011111100010111
10011010100110111000110010001010111000011010100001100000101000011010010000101101110110100011111110011001001001100101010111011001110011111011100101111100010011000000001101010000010110000111011001110011
10111010001110001101100111100010110011001110101011001010101011110000111110101000100010001000000100110011011100110111011101011100010110000010110101100111011001111110101001000101010000111101000011011001
10110010111011011111001101111110000111100100101000011011111010011111110000101010101110111111010001100110000110010001001000000111000100111010000100110110011101000011100011011101011111100000011110001101
10010110010001000010011101000011111110110001101111111011000011000001010111101110101100110100011101001100110011011101011011110001111101101010111110000100110001011001111111110001010001001011111010111001
11010111000111101110110001011010100000011111000100001110011111010100010010000110100001100101010001011001111111011001010010111100000100101010001011011101100111001100100011000111011011011001100010000011
10010001010011000000100101111000110111110000011101100000111000011110111011110100111011001101111101011111010001110011010110001111101110001011101011110001001101100110001001101101000001001111001011101011
10111101111001111111110101100010000110000101000100111111100011110000101000100110110010011100000101000110000101100110010010100000100100111010001000000111011000110011111101001001101111100110011010001001
10101001100011000101000100001011111100111111110110010010101110000110001110001100100111000110110101110000111100101111011011110101110001100010111011101101010010011001000101011101100110001100110010111011
11100011001010010001110111111010001001110000110111011000001100111111111011111101110011110011100101011111110110000110001001100100011011001110001110001000010111111101101101001100101100111001100110101001
10001110011011110100010010010010101011000110010011010011111001100001000000100001011010000110001101010000010111111100101101001101001111100010100011011011110000011000100001100110000101100011110100101011
11011100110000000111011011000110100001011111010110011110001011001101010101101111011000111100101000000101000100010001101101101101100110110111111001011000100101001110110111110110111100110111100110100001
10010001111111111101010011110010110111010000011100110000100001011000010111001100000010110001111111111101111101000111001001000101111100010001001100010010101111101010010001010010010110010011001100101101
10111011011000000101011000010110011100010111111001111011111111001110110100011001111110010111010000101101100001101100011011110100010001010101011111111110111010001011010100011011000011000110011110111001
10001110001101110100010011011100110001110100001011010011000011011011100101111111100011010000010110101000101111101111111010100110110111010100000000001100100010100011011111010001101001111100111010110011
10100000100100011101110111001001100111100101100010000110011000001001001100100011001001011101110100100011100100101000010000110010010110000110111101011001101000110110010001010111001100110101100010010111
11111010110111001001010101100011101101001100111110101100111111101101011110001001011101001100010101101000110110100011000110011011010011111111100101110011001010011100110101000101011110010100101011011111
10001111100001100011000001111111001000011110010000100110100000100101000011111101010101111001010100111110110000111111111111011111011001000000110000100110011110110001100101111100000111000110001011000111
10100001111101001110011100110001011110111111011111110000101110110001011001001101010100110011000110001000011110110001000011010100001011011110011110101111010100010101101100001111111100011111111001010011
10111100001101011011110110100100010100101100010000011111100010011101001100011001010110011111010010101111110010011101010110000101101010010111000111100011010101110100100111100000011001110000001101011001
10010111100001010001100110101111110101101001010111000001110111010001100111111011010011010001011111101000000111000101010010110101111000110101110001111001010100100111110110111111001100110111011001011101
11010110111111000100101100100010000100000011010101110100000100011111110001000010010111010101110000101011010101110101011011100100011111110000010100101100010101101100000100000101100110010001001101110001
10010010101011111110100101111011011111111001110100011101111101111000111101011111010001010101000110001011010100000101010000110111010000010111111110000111110100100001011101110000110111011101100100010101
10111010001000000010110001011010011000001100110101001111000001100010011001001100011100010100011111111010011101111101011010010010000101000010001000110000010110111111111000011101100100010100110111010101
10001000101011110110110100010010110010101101100001111000011111001111000011100001111001110111110000110010110001001001001111011000111111110110101011111011010000110000110011001100101101110101100100010111
10101111101001000010011111010110110111101001001011100011010000011001111001111111100011100010000110000110100111100011100011011010100001100100101110001010010111100110011111100110101000000100101101110001
10100001001101011011000001110110000001101011011110001111110111010011101100101001001110001000111111111110001110110110110110001110101100101101100100101110110110101111001000110100101111111110100100100101
10111101100001001111111100100010101111001001000100111000010011110111000110000011011000111111100000110011111100010000010010100011101110111000110001100110110000100001100010100110100000000000110110101101
10101001001011101000000110111011101100011101110101100011011000010000010110111110010010100000111010010110100001011101011011101000001010001110111111110010011110101011110110001100111111101111100010111001
10101011011110100011010110001001000101110000100100101111011011010110111100011000110111101110001011010000001101000001001001001111111011011000100000111011001010111110000111101001110000111000110110100011
10001011011000110110010011101101010100100111101110001001001010010010010001010011110101001011101110000111011111111111101101111000010000000011101110101001101000100000111101001111000110110010100100101011
10101001110010010010111001000001111101101100100011111011101010111111000101110111000100011010100111011101010110000011000100001101011111111110111000001100101011110111101100011100011110000110101101101001
11111100100111010110001101011111000100001001111001101001101010110001111111100100010001111000110001001001000010111010011111100001000110000100000011111110001000000100100001111001110011111110000101101111
11000110001101011100100101010110010110111100001100100011001010010100100011001111111111010010011101101101111000010010110000111111110010110101110110001111101111111101101111001011011010100011110100100001
10010010111001000110110111010010110010000110111110101001011111010110001000011000101000000111000001000000011111110110011010010000011011100100010010100100001000101101101011101001000000001010000110111011
10111010001101010010010110011010011011110110100010101101000100010111111111110010001111111101011111111111010001100111001111000111011001001111011000110101111010100001001001001101111111111000111110001001
10110011100001111010110000111011011000110000101000000111110101010011010001100111100010001000000101000100010100001101100111101101001101100001011111100100100010101011011100011001000100001101110011101101
10011000111111000010011111100001001110011111101111111110000111011001000100101110111000101111110001010110110111111000110011101000011101101101000110101110110111101000000001011011010001011000100111001101
11001110001100011111011010001101101011010001101100001100111110001101101110101010001111100010011100010010010100011010011001001111110001000100010010100010010101001111111111110011011111001110101101011001
11100111101001110000010000111101100001000100001001100101100000101001000100001000100110111011010111111011010001010011011100011000010111111111111010111011000100011001000110000110010011101000000001011011
10110010000011000101110111101000111101111111111011110001001011101011010111111101110000001001000110000010010111010111000101010011000100000010001000001001011101110011010000111100110110101101111101001011
10011011011111101100000100000010001101010000011010111111111000111011010100000100011101111101101100111110110010010001110001110111110101111010101111101100001001000110011110010001100100100111000111101001
11000010001000111110110111110110111001000101010010000100011110001001110111010101111000110101000001100000111110111100011111100101100100110010100000111001111011010011000111010111110001110110010110001101
11011011101010001000011100011110100011111101010110110001000011101100100100010100001011100101101111111110100010100001000010001100101110010110111110001101010010011001110101010000010100010100110000111001
10001000111011101111001001001100101111000001010011100111111000101110101110110101101000101101001001000011101000101111111110111110000111010000110011101000010110111101010100011111010111010001111111100011
10111110010000101100011011100110100001011111011001110100001110001010001000100111001010000101011100011001001111111100000010001011010011011111100110101010110100000100010101110110010010011111000000110111
10000100110110100101110010110010111100010000001100110001100011100011111011101100011011010101000110111100011100000001111011100001111001010001101110101110100101101110110101100100111010110101101101100101
11111101100011110100010110011010001111110111100110010111111000111000110010000101001111110101110010110110110001111111001001001100110011010100000010100010101100111000110111001101100010010001001000110001
10000101001001000110110011001011100100010000110011010101101110001010010111110001111000011100111000100011100111000100011101111110010110010111111010111011100111100010010010011101101111000100011110011011
10110101011111010100010111101000110001011110011110010001000011101011110000111101000011000110011101101000101101101101000100011011010100110110000000011000110110001110111000110101001101111111110111010011
10100100010100011111110010001110010101000011001000111101011001001111000110001111011111110011001000101110001000000001101111001010010101110011111111001110010010111000101101100000011000011000000100011001
10110111110001011000011000100011011111111001101011110001001111011000011111100011010001011001101011100011111011111111000001100010110100011000110001100011011010011110100101101111110010110011111101111101
10100000100111110011000010111110000100001100101010010111100010001101111001111001010100001100001000111010001001000101111100111010010111001010100101111001001011000100001100111100000111100111000100100001
10111110001100000111111111100011110001100110101011000000110110100100001100001100010111011111111111100011011100010001001110001011010001101010001100011101100010010111011110011001110000001110010110111011
10010011100101111100001000101000011100110011101011011010000110111111100111100111111110001000000100001011010110111101100110101010011101101111100111000111111110110010001011000011011111011000110000100001
11011010110101100001111010001111000111111000101001111011010010010000110100001100001000101011110001011110000111100001110100101000110100101000110001110110000010011011100001111111000010010011111111101101
10001010000100101101000011111101110001111101101100001111111011000110110110100110101010101000011111110100110011001011010101101111100101100010111101010000101011001000110100110001110110110110001100001001
10101010111110100111011110000100011100110000100111100001100001111110010110101100101011101110110000100001100110011000000100111000110100111110101000011111101111101110111110100100000110000100100101111101
10101010110010101100010000110001000110011010110010111100101111000011000010100110101001000000100110001011111100110011111110000010100101100100100011001000101000100010001000001111110011111101101100010001
10101000011010100101111101111101111111001010011000101110100001101001111010110100101101111111101111011001010001111110001111101110001100110001111111011010101010001011101011011000111001000000111001011011
10101101000010101100011000000101100001101110111110100010111100001111101000100001101001000110000100011101000101110000100110001000101101100111000001110010101011101110001111110010101101011010110011001111
10100111111010101111001111110100001011100110000110111010000110111000100010111111100011010011011101110001011100100111110000111011111001001100011101100110100000111100111100000110101001010010100111100101
10110010100010100011100000010111111000110000101100100011110110100010111111100000110111011001000100011011010110101100011111100011010011011111000100001110110110100001100001111100100011110111101100110001
10011010101110101000111111011100001010111110111001110111000100101110010000110110000100001101111111001110010011100101010001101110010110010001110111111100011111101100101111001001101110100101000110011101
11011010100100101110001001000001101110000000010011010101011110101011000110100111111101111000000011101100111001110111000111000000110010110100110001100111010000100111101000011011101000101100010111001001
10010010001101111000101101111111000011111110110110000001010010100011101100110100010100101111111000100001101101010011010010011111111010010110100100110001011010110000101101001000101010001101111101101011
10110110100100110010100001001001111011000010010110111101011000111000111001100001010110100010001010111011000000011001011000110001010011000100110110010101011010111110101101101110100011011001011000101011
11100111111110000111111101100011010010011011110100000101001101101101100011101111000100101000101110001001111101111101111111100100000111111110011111010101000010100000100100100010111001110011001010001001
10001100011000111110000100001000010110111001100111111101100101101001001110101011111101101111100111101100001100000100110000001111111111000011001100010101111110101111110110110110001100110111100011111101
11011101000011100011010110111111010110001100001100001000110100100011011000101010001101000010110010100110100110101110011011111100010110011011100001111100000110100100010010110011100111100011001001000101
11011001111110001000010011100011110011101111111001100010010111101111010010100010100001011000011000110011110010101011001001100001000100110010111111010001011100110101011010011000110010001110011011010101
10010011000010111111111000101000011001100011011100111111010001101100010110111010111111111111010010011001111010100001101101001011010001100110001000000101001101110001001011001111100110111000110010010001
10110111111010100010001110001111001100111001000001100001011100000101110100001010010000001011010111001100100000111101101101011111110111101100111011010101100100011011100001100100001110001101100110111101
10100101100010111000100111111001100110001101101111001100000111111100100101111011000111101010010011100110111111110100100001110001000100001001110011010111111111001111111100001101101011100111001100010001
10001101001010001101101100010011110011100000100001011111110010001110110111000011111101001000111010110110001100000110111111100101011110111011000110010010000001100101000111101100111000110001101111010101
11011000011011101001000111000111011001111110101101110000011010100110010011101110011001011011101010000010100101110100110000001100010100100001101100110110111100110001010010000101110010011101100101011101
10000011010001001011110110010100011100000100111000100111010000110011011001001011001100001010001011111111110100100101100111111111110001101100001001110100100110011100011011010101100111011000110001000111
10111111111111011010100000110001001111110110100011101100011101111110011101011001100111101011101001000011010110101100001101000010000111111111111011010101101111000111111001111100001110001110010101110011
11100010100000010010001111111101100110110100101110001001110001000010110000001100110010001000101101011001010010100111111001011000111100000000100011000100001001101100001100000111011011100011000100011001
11001000001011111011111000000111110010100110101100111011100111011000111111100110111010111110100100001100011010101110001100011111110001111110001110011111100011000001111111110110011010111001110111001101
10011111111110001011000011110011011010001100001001100010001100010010100000110110010010011100001111101110110010101000100101110000010111000111111010111000111001111100000010010011000000001100011110011001
10111000000010100010011110011000011010111001101011001110111110111110101101110011000111001001111000111000010110111011101101000101000100011100000010010010101100001111011000111001111111101101001100110011
10000011111011110110110000111110110010001111001001011010001100100010100100011001101101101011000010001010110100001010001101101101110111000101111000110110000111101001001110101101000101001001101001100111
10111111001001100000100110110100100111100011111101011000111001101011110111011101101100001011101111100010100101011010100100111100010010010000001111100011011110101101100110001101010100011011111011101101
10110001101100101101101100000101110010111010100001010010100011101001000010010000100110111010001001101111101101010010111110000111111010111111101010101110000100101100110100101001010001110001010010100001
10010100000110111000100111111100011000110000001011010110101010101100011110111010110100110010111011000110001001010110000111110000001011111000100010100011110001100101110101111011011111010111000110111101
11010111111100110010001100000111010010011111111110010011101000100111110010001110110101100110100010011100111011000111110100011111101000110010111000111000111011110001100100100010011000010110011110001001
11010000001001100110111101110001011111010001001100110110001110110110000111101100010101111100110110110001101011111100010101000001101101100110101101101110001010111011001110101110110011010010111000111011
10010111101011111111100000011101000001000101011001110100111010010010110111001001000100010001110100011011100010000001010001011100100001001110100000101100111010000010011100101100011111011000100010011011
10110110101001010001001111111001011101111100001011100101110000111000100010011011101111000111010001010010001110101111011111000110111111011010101011100001100010111110110001100111001100001111101111001001
10010010101100010100011000001011010100110001101000101101011011101111101010111110100001011100000111110110111000100100001101110011110000010000101110001011001010001100100111110011100101100101001000011101
11011000100111000111111101101010000110011100111110111001010010001000101110101100111101110001111100100100011110110111101000011000010111011111100110111110011111101001101100011001110000110000011011110001
10001111110011111110010001001011111111000110010000100011010111011010001000100001100100100111000001101111000010010001101011001101110001110000110010101100110000001011000001001011011111111111111011000101
10100010000110000000110111101011000110010011110111110110010010001011111011101011001110101101101100100001111011010100100001100100100101000110000110101001110111111010011101101001000110100000010001011101
11111011011110111010110100100010010011011010000100000111011000111010100010001000011000101000100110110101100001111110110111111110001101011111111100101011010110110011111000111101011100001111110101000101
11001010010000011011100110001110111001111000111101010001001110100000101010101101110011100010101100011100111011000010100100001111111100011000001001101000010000100110001010010001000001101100000111110111
10011010110111001001001111111000011100001010110001111101101100101111101011111100000110111110111001001110010000011000111101100100001001110011100011001011111010101110101111010111011011101001111100010001
10110010110101111101011010000011110111101110011100110001100001100001001011000111011100000010000011101011011111111011110000110001101011100110111110011001100011101100100011110110011010001011100001011101
10100110000001100001000010111110000000100111000111100100111111101101011001010010000111110111111110101011000001001001100111110101001000101110000000111100001111001001111000100100110010101000101111001001
10101110111111001101111010000100111101110011110001001101100011000111011101011011010000110001000110101001111101100011001100011101011110101000111110001111111010011011011110001111100111111110100001100011
10001000000100011000100011110110000100011000111101101001001010010010010001001001111010000100010010001100010100111110011101001111010000100011100010100100000010110001010011111000001110000010111011111111
10111111111101111101101000100011110111011110011000001011011000111010111111011100001111111111111010111001000110011000110001101000011011111110110111110101011010111100000111001101101000111010110011000011
10000100001000000111001101101001100100000011001111111001001111110010100011001110111100000000001010010011111111001011100111101110110001101000000001000111010010010111110100011000111011101000010110011001
11110101101101110001011111001100101101011111100100001101011000010110101001101010000001111111101111000110100001100010001110000000011100101011101011011110010111000011000101010010001010101111110100111101
10010001000100011101000000011110001111110001110001011111001101011110001100100011111111011010100101110000101011111010111100111111110110100011001001000000110101101110011101011011011000100000010001110101
11011111110101010001111111111011111000000100111101010001011001000011111101101110001100000010110001011101101001010010011001100001010000111110011101111111100000100100110001001001011110101101111011000101
11000110010111010111100101001001000011111110011001000101010011111010000100000100100111101000011100000101001100011011001111001101000111100011001000100010101111110001100111101101001010101000101110010001
10010100110010010000110001100011011111000011001111111101010110001011010110110001110001001111000111110001011111001111100110011101011100001001111011101000001011011111001101101001101000101110101000111101
10110001111010111010000100110111001000011011100000010001010110101001010011111111000100011101110110010111000101100001110000110001001101111100000011001111111001000001100100001111101011101000001011100001
10011111000010101011111110110101101010110000111111000111010011101100011010000100011111110101100100111101110100110100110111100111100001000111111001011100011100011100110110100000101000001111101001111101
11000110011110001010001100010000101110011110000010011110011001100111111000110101111000100000101101101001100110011110100100110110111111010000001101010001110111001110100011101110001111111100001100000101
10010010110011101000100111011010100111000111011110110000111100110000001111100100001010111110101000100011001111001010101110010010000000011101011001010111100011100010111001100110100001011001111111110101
10111010011000101111110100001010110101110101000110100111110110011010100001001111111010001100100010110110011001101000100011011011111010110001110011010000001001111010001100110011110111000011000001000101
11110010110010001100000111101011110100010101110100101100100011010011111101011000110011100101111110110010111100001011111000001010001110011011000110010110111100011011100110111001011100011111101011011101
10000110010111111001111110100001000101110001010001101001101010010111000111000010100110110100101000000110011001011000010011111010100111110011011100111110010111000010110110011111000001000110001010011001
10111111010011000011000010111011011100011100011111100011001011010010010001111110001100110110000011011111001011001111010110001010110101000110010001100011000001110110010011000010011111110010101110110011
10000011011110011110011010001001001111000111001101001110011010011000111100110011111110100110111111110001101111100001011100101000110100010100110111001011011100011100111011011000111000011000100100100111
10101001011000111011010000111011100001011100011001011000110000110010010110011000010110001100101000110100001000101111000001101111100101110101110100011001001111000110101001110011100011001011111101101101
11101101010011100011010110110010111101010001110011011011100110100111010011001101000100111001101010000110101010100000011111100010001100011101010001011101100101110110001100111111001111101110001101001001
10000111010110001000010111100110001001010100000111001000111111101101010111101001110001110011001011110011111010111110110000111000111001000100011111110001110000010010100110000100011100100010100101101101
11011110010111011111110100001100101011000111111101011110001000111100000001001011011111011000011000111110000010000010100110001111101011110001110000100111011111111010110011110110110110101000110001001001
10000010110100000000111101111101101001101100001001010011100010000110110101011000000010001111001010011000101111111010101111100101100010011111000110001100000000110010011011010000100000111111111111011101
11101110100101101110000001000101001101001001100011011000111111110100111111000010101011100001111111010011111000001010100000110100101111010000011111111001101010000111001000011111111010010101000011000101
10000100101111001011111111010111011001011011111001001110001001100110100001101111111001110100000110010110010011101011111101100110101100010111110000101011001011111101101101000100000011110000011001010101
11011101100001100001000000010011001101110010011101100100101100101100101100101100001100000111110000110011010110000011000101001110000001110100000110001110011010001000111001110101101110000101111011110101
11011001001100111101101011111001011000100110110000110001100110100110101110101001100111111100000101111010010011111110010001011000110100100110111111100010110000101110011011000001001000111101000001100101
10010011011110001100101001001100011010101110110101111111001100110010101010111011110000001001111111000010111001000100111111011111110111101100100000111010111110100011001011111111111011110001111100110101
10110111111011100110111101100111001011100000100111000101100001111010101010011000111111101111100000011110010011010001100001001100011100001001101111100011100011111011101000001100010010010111000110100101
10000010100001110110001101110001011001111101101110010000111101101011101011001110100001100110001111111010110110010111101101100001001001011011100011001001101001100010001011101001010110110011010011101101
10101000001100000100100001000100001100000000100000110110000000001000000001100000001100110000100000000000010000110000001000101011100011000010001000011100001100001010100000100011000000011000011000000000
11111111111111111111111111111111111111111111111111111111111111111111111111111111111111111111111111111111111111111111111111111111111111111111111111111111111111111111111111111111111111111111111111111111
