111111111111111111111111111111111111111111111111111111111111111111111111111111111111111111111111111111111111111111111111111111111111111111111111111111111111111111111111111111111111111111111111111
000101000110001100000011000001000100010110000000001100000000010000000010100000000101000000001100011010010000011000000100110000111101010100110001001000011000010000000000101000110000011000010100001
100001110000100101101010011111010001010100111111101001111101011011101000101111110000011011111001000010110101001010110110100110011000000110000101100011001111000111111010000010011101000010110001011
111100100101111101001010110001011011010001100000001101000101001111001110100101011110110011000011111000100101111010110110001110110011110111101101110111100001101100010011111111000101101010100111001
100110111100110001011010000100011010010111110111100111010001100110011000110001000011100110010110001111101100010010010000101000000111010000101100000010111100000101011001000101110111001111101101011
110010000110100101010010101111010010111100010010110100011111110000110011111100011001001100110000100010000101010111011110111111111101011110100111010110001111101101001111010101100011100001101101001
100110110110001111011011111110010110001001011010010101110110011111100110000111111011011001111111111000111101010101001000110001000000010010110100011100101000000101100110010100001001001100101001101
101111100100111100010011000100110111101011010011010101000010110000101100110000100010001011000001101111100111010101101111100101111111000110100110111001101110110100110000110111111101111110000011001
101011001101101001110110010111100100101010000111010101011000000110100001111110101010101001011100100010110011010000100000101101000001101100101100100011000011110110011111110000110000000011111111101
100010011100101011000100110110001110001011111100010101001111111100111111000110101110111101000110001010111001011110111110000101011101100101100111101111111000100010110100011010011111111000100011001
101000110110001001011110110100111000111000100101110001100100001101100011011100100100100001101111111010001101011010100011111100010100110001001110001001101110111010010101001111011000001010101000011
101111100111011101001100100101100010100010110000011111110001100100101001011001111101101111000110011010100001001000101001000111110110100111011010111011000010100011000101100010001011011110101111111
101000001100010001100101110000110111111110100111000000111111110110001100000011000001101000010010110011101101100011101101011100000110101101010000100010011110101111011101111010101010001100100010001
101011101001010111110001011111100101010000101101101110001010110111111111111111011111001011111010000111000100111110100101001001011100100001010111111000110000101001001101010011101010111001110110101
101001101011110000011101000000110100000111100100100111100000100100000001000001010001011001010010111100010110000000110101100011010001110100010110000011100110100011101001010111001011100011100000101
101100111010111111011001111110000001111100110110110001111110101101110100010111000100011100010110000111111111011110000100101001110111011111110010111010001100110110001011000000011000101110110110101
100110110010010001001111000110111111010001100110011101000011100101100111110010011111110110110111101100000110010111111110101100010000001000111010001110111111111100101001111111111110100100100011101
110010100111000101100110010011100000010100110010110100011000110101001100011010110100000110100100100001101100110000000100100110111011011010010010100010000100001001111101100000100000110101101010001
111010101101111100110010111000101101010110011000110111111101100111011001000010010001010011101101111111000101111111011101110100001001110011000111110111110001100011011000110110001110010101101110101
100010001100000101111000001110101101010011001110010001000100001110011111010111011011011001001000000001110100110000001000111101101101100111111101000100011111111111001110110111111000110101001000101
101110100110110000011111011000111001011001100011010100010111011000110001110001010001011100011101110100100110011011011011100001000100001100000000010101001101000001101000100100011011100101011011101
101011110110111111001001110011100011001101111011000111110101110010100100011011010111010111110111100110101111010001110010001011010111111111101110110001100001010100001011101101001111001101001001101
100000110000100001100011100111001001100001010001110100100100100111101110111110010010010000000000101100100000010111100111111001110100000000101000111111110100011111101001101101101000011001101100101
101110011110110111111001001101101100111111010111011110101110001100001000111000111110110111111010001001111111110110001100001100011101010110101011100000010111111000101100100000100010111100000110101
111011000011110100000011011000001111110011000110001010100010100101111010010011110000011100011011111011000001000010111001101001000001110100101001101111000010001010100110101111110110101001111100101
110011111000010001111110010010111000011000011100100000111010110001010010110110000111111001010010101011011101111010101101001111010111000101101100100101111110100010101100111000011100100011001101111
100110001111011101000010110110010011001011110001110110100010110111010111100011011100010011000110001000011000000010000101100011111100011101111110110001100010111110101001110011000110110111100100011
101100101011000101101110011100110111101110000111010011101110011100010001101111011001000111111100101111110011011111110100111001000101110000000100111011001000100010111011100111110010010000110111001
101001100001110101100111001101100110100111011100011000101011001001011101001010010011101110000111101000000111110000100110011100010100011111110001100010011011101000000000101110011011011010100001101
101011101100010100110101100101001100110010010001001110101001100011010001011000110110001100110000100010111101100110001111010111110101000000011101001110110001111111111011100010110001011110001101101
101000111111000110000001110101011101111000110101100110101101111110010111001101100010100110111110111110001100001111111110010100000111111011001111011010110111000001100001111010011101000011101111001
101110011001111111111100110101000001101111111111001100100100101100110001100001001110110010100010100010100111101100000100110101111100001111100110010010011100011100101100110000110001111000100010011
100011001100000100001110100101111100000101100001011101110110001001111011111111011010011110101110001011110011001001110001110100000001100010110011000111011001110110111001100111100111010010101110111
101111100111010001100011101100001111110100001100000100010100111011001010001100001011001100100010101001011010011011011011000111111111111010011001110101010011000010010011001100001100000110111000001
100000110010010111111010001001101010100101011111111111010101110010011000100101100001100101101011111100001110110000011010010001100010110011011101100001000110011011011110011101100111111100011011101
110111111010111100001010111100100000101111000110000001000101000110111101110111111101110100111001110111100100100111110011011011001000100110000000110111111100110011010000110100110100000111001010001
110001100010010001101010100110111111100001110000111101111101011100000100100010100001000110001100100000110001101101000110010001101101101100111110100010001001100110010111110110011101110001100011011
100100101111000101001000110100010001111100111010000100100001010001111110101000101111010111101110001110111111000101010100111100111001001001100110111000101011111100110010000110110000111101111110001
101110001000011111011111110001000100010110001111110110001111010100000110111110101000010001100110111010001000010001011110100110110011011011001100101111101010001001111011010010000111101001000110111
101111011111110001011001000111111111000010100110100011100000010101010010011000111011010111001100101011101111111111011000101100100110010000011001100001001010100011001001011111111100001011010010101
100110010100000101001101011100000100011011110010001000111111111111111011010011110011011100011001100001000010000100010010100001101100111111110011001100011010111010011101001100010001101001111010101
101100110001111101101000010001110101110001011011111110100000000000001011011000000110011001110011110111011000110001110111111100101001110000010110011101111010110011010001100001000111111100001000001
111001111011000100001101110111100101100100001000110000101111110111101001001111111110110011000111000011001111111111000011000110101011000111010010110001000010011000010111001011010011000111101111101
110011100010011111111000110110001100111111101110010111101000110100101101100010001100010111110101101001101000101010011000010110001001101101011011110111101011001111110011011001110110010000100100001
100110101111000010001110011100111110000100000111010110001010000101100000111000101001110110000100101100001010001000110011110011111101001100011000010110101001100000011001111100010100110110110111111
101110100011101010100111000101100011110101111100010011101011111101111110101111101111000100101110100111111011101111100111011000011001100111001111010000101100111111001100011001010101100100010110001
100010101000111000110011110100001001100100010001111011001010000100001000100000100011011101101010101100000010100000110100001111000011110001100000011110100110110110011111001111011101101111110000101
111010001110001111111010000111111101001110110111101001011000110111101011101110111001010101101000000110111110111110100001100001111111011101111111110100110100100100110011101000001000101000011101101
100010100010100001010000111100001001011111100100001101111011100000101010001010101101010101001111111100101000010000111111110100000001000100100011000001100101101101100110101011111011101011001000101
101111111110101100011110101001100011010101001111011100001000111110101010111010000100010001011000010001100011010110100010010111111101010110101000011111101100000100001100101000110010001001101111101
100001000110111111001100000011111001000001011110000111101110001100100010001000101111110111010011010111111001110100101011000110001001010100101111110011001111110111100001101110000110101101100010001
111101010011100011100111101110001101101101010100101100101010111001110110101111111000100110010111000000000011100111101001101100101011010001101011011000011000110000110100100110111110100100111000101
100100011011001000110000111000111000100111010001100110001000100011010011100000110010001100110001111111111010001100001100101001101010011111000010011101110010011111110110110010001010110110001111101
110111111010011101111110110010011110110110011011110100111101101110011000111010000110111101111100000100011010111001111110101011101000110101111000110001100111001000000100111011100010011111100010001
110000100010110100111000100111001000010000110000110101100000100011001110001111111110000100000110111101001110011011100100101000101111100000101101100101001110011011111101101001110111000110111010111
100110101110000110010011101101100011111111111110100100101111111001100011101000001011110111110000100001100111000000001101101110100100001110001100101100011100111001100000001101010011110000110010001
101110100010110011000110001001111110000001000000110110100100011011001000000011101001000010010111101111110001110111111001001100110110101010100110111001110101101100111111111001010110011011100111011
100010111011100111111100111100000011110101111010011110101101001010011111111110101100011000110110001000111100011100010011101001110011100011110000011011100100000110011000110011010000110000101110001
101011101011001110000101101110111000000100100011110000100101100010110001000110100111111111111100111010001111011001000110001011011001111001010101001000110111101111010010000110000111111110101100111
101000001000011000110001000000101111111110101001100111110100111011110101010000110000100001000001110011100000010011111110101010011101011101011111101110000010001001000111111111011100000010100101101
101101101111111101111111101110100011001010001111001110000110011110000101111101111110110101101111100110111111110111000010111011001001000000010001000111011110100011111100010001000101111010110100101
101101000010101001000000001100101001011000101100011011110111000011011100101000100000100100001000101100001000110110011000010001101011010111110101110001001100111001000001000101110100010010010110001
111001011110001011111111011001101100010011111001110001100001110110001110001011101111101111111101101111100010100100111111110101101001111110000101011101111001101101011111110100111101011010110011101
100011000110100001100001110011111001000110100011010100111101000100111011101001001000100001100000100001110110001101110000000111001100110000111101001100010011000000010000111110000101001000111000101
101111011100111111001100011010001111010000101110000110000101011101110011001101011010101101001101111100100111111001011101111110011110010111100101100101000111011111110110000110110111101010011110101
100001001001101000011111010010100011111111101011110111010101000100100110011100010011101101101001000110001100110011001100011000110011010110001100110001111110010001100111110011100000101110110000101
111101101011000011111001011010111000101000001000010001110101101110101100111001111001100100101011010011111110100111100111001011100111000100100110011011100011010100001100011011001110100011100111101
100001001001101110001101001000011110100011111011010100110000101100001001100011001100110110111001011001010110101101110001101000001101111101101111010001001001110111101001111001011010101000101101001
110111011100101000100001101110110000101110000010010110011111100001011011101110011110100010011011001100000000100101000111001011011000011001101000011101011101100100001100101101110010111110100100011
100110010110001011111011000011100101101011011111011110110001001111110010100011000000101111001001100101111011110100010010011001001111010011001011110001011001001111100110000100010110110000110111001
101100110011111000011001111001001111001010010001000011100101011011100110101111110110101001101101110111000011000101110110111011100100010111111001000111010011011000111111101111010100010110010001111
101110000110010011001111001101011010011000111011111001001101010001001100100110100100101100101100100100010110011100110100101001110001000100011101101100010110000010001101001000010001000111011100001
100011110000110111100000011001000000111101101000001100011101011101011101101100001101100101100110001101110100110110011101101100011011101101000001001001110110111111101000011011111111110100011001101
101000011101100101111110111011011111110000101010111111111001000001000101100101111111110001110011011000111101100011000101000110110010001001111111111011000100011011001011001010000001100111110011001
101111001101001100000010000010000010000110101010000000010011111111010100110101000011111100011010001110001101101011101101110000100110111011000100000001101111001010011001111011101101001100011111101
100101101001011111010111111110101011111100100011011110110110100011010110000100011001101110110010100111100100101010000100110111101100001000010111101111000101101010111100001010001101111101010000101
110101101111010010010100011011111000011001101110000010100100001001110011101110111100101000100110110000110110111010101110100001100111111111110000001001110101101010001101011011011000110001000110101
110101000100011000110111010000001111010011100111111011101101011100111000100011111110001011101100011111110010011000100110111101001110000000011111111100100100001010111001000000010010000111111100101
100101011101110011100011000111101100000110110011001000101001000110011110101000011011100010101001110001100111001110110100100001011010111011111000000110001110111010001111110111111111111110001101101
101101000100111001111001101100100111111100011010011110001011110011001000111101001000101110101100110100101101100011100101101011000000101000001110110011011100101011101000010011000000000011100001001
101101110110011100001100101110110010001111000000110011111011011001101010010111100010100110100110100110101000111010001101101111111111101011100100011000010001100001001011011110011111111000110111011
100001010111000110100110101000011000100001111110011010101010001101100011110000111110110100110100101100100011110000101101000111000000001110110001111111110111001101011001000000110000001110010110001
111100010011110010110110001011001111111100000011000010000000101001001010000110000100100001100111100101101001010111111001110010011011100100011111010000100001111101000011111111111011101011010011011
100111011000011011100011111001100001000111111001111010101111111011111010111111110110111111110000001101001100000001100011011011011001110001011001000110001100001001111110101000001111000011011010001
110001011111011001111010001101001100011100011100010011111000110010001110010000100100011000111111011001011111111011001010001010001100100101001100011111111111101011000110000011100100011010010010101
100100010001001100110010101111011101110001000111010110000010000110100011011010001111001010010001111011010100001110011111011011111110111101100101000010001100100001010011010110110001001110110111101
101111111101100110000111101000010100100111110100010100111111011100111001001110111011100011000100110010000101100000110100010011000100000111110111111110100101111101011010010010011011111100110100001
101100000000110011111100000011110101101100010001110110000100001101101101100100010000001111111110000110111100111111100001010110010110110011000001000000110100000101001110111011011010000001100110101
100001011111111000001111010110000000101101011111000100110101111001000001110111011111111000000111111100101110010001101011010000110100011001111101011111110101010101100000100010010010111111110110101
111101010001001111011000011100110111100111000010011111110100011011101111000101010000001011101100011001101011011101001011111111100101001100010101000100010111010001001101101110110110010001100010101
100001110101100010001010111001100010110010011011000001100111110010101000011101010111101010101001001100000001000100011000100000101101111111010101110111010011011111111000101000000011011100111000101
110111100101001010111010001111001000011011010001110100001100000110001011010001000110100010001011100111110111110111001110001011101111000000010100100010011001001010001110101111111001001110011111101
100001001101011010110010100110011111111011011101100110111101111100111110010111111100111110111110110000010011010001100011101010001000011111110110111010111101100000100110100010001101100011001000101
101111011000010010000111110011010100001000010100111111100001000110000000110000100001110010100010010111000110011100111000101110111101110101100010001010000101111111110011101000100100110111100010001
101000001111110111111100011001110001011111110110110000001111010011111111111110101100011010001011010101111100110110011011100010101101000100001011100010110100010000111000101111110110010010101111111
111011111000110010000001001100100101010110000010010101111000011010000100011000100101000011111001000001000101110011001001110110100001101101111001111110010111011110101110101000010011111010101100001
100010000010011011011111100110101111000000111011010101000011111010110101000011101111101110001101111101010100010111101101010010101011001001001011000011010001001000000010100011010111000010000110111
101010111111011010000010110010100011111111110010010111011110001000010101101110001000001000111100110000010001000001001000011000101010011011101000011000010101101101110110111111010001011111110110001
101110100000001010111010011010101110001000000110110100010000101101110101111000111011011010000110100111111111110111011111001101101010111001001111111111110100101001100010110000011011000001100010101
100100111110111011100011011010000100100010101100100001110101100111000100000010010010010010110100101100001000011100010001100111001010101100011000000001100101101100101010011111111001111100101011101
110101100011100000001110010010110101111010111001111101010101001100011101111110110110110111100001101101100011000001110100110010011010000111001111110111001101001110111111010000001100010110111010001
110101001000001111111000110110111101011011110011011000011101111001111001000111100100010001111111000100111110011111000110011011110011101101100000000010011111011000010001010111100001000100110011011
100100011111011000001010010100100001000001000110001111000100110011010011010101001111111100100011110110010000110001011111001011000111001000111111110110110000010011010100010100111111110101100111001
101111110001111110111011000111101111011111011111100001110110100111000110010001011000001110001000110011011011100101010000011001011101011010010000100100100111111001000111110110000101100100110001101
100000110101000010110011111110001001011000011000110100010000101101101100111101000011101011111110011001001111001101110111011101001000010011000110001101101100001111010011000010101100001110010100001
111110100101011010000110000010111100001011110010100111010111101000111001100101101010100000100111001101100010011000110101001001101110110111111111111100100101100001110110011011101001111111011111111
100010001100010010111100111010010101101010000110110001110010001010010011110100111000110110110011100111111010111010010101101011001100100110000101000110110001111100100100111010001011011101001110001
101011111101110110101001100011010000111010110100111100111010111011000110000110010011110100011001110010000010010011000100001010011001101100110100010010011111000110110101100011011010001001100100101
101001000111000100100011111010010111100010111110000110011010010011110010111111010110000111011101011010110111011111111110111000110011100111100101011011010110010000100101001110010010100011110001101
101100010110011101110111110010110011001110100011110111000011010110011010100001010100111101010000001010010101000101000010011111100110110000101101110011000100111111101111011000110110110110010111001
101111110000110101100111100110111110011010101001100011111110010000110010101100010101110001000101011011010001010001111000110100110100011110100100011001101101100101101010010011110100010000111100011
101010111111100100110011001100100000111000001101001110000100111101100110000111110100011011101111010010011101011100001110000001100001000010110111001100001001110000001000110111000111110110011001011
101000000010101110011001011110101111100010111001011000110001111000110011110001000101010011000110010111111001001111100011111100111011111010000001100111101011010111111010100100011100000100110011001
101101010110000011001101000100101000101111100011001101111111010010011001011101011111011000010011110100000011100110111000001110001110000011111100110000111010010110011110110101110001011111100111101
100111011100101001100101110001101010000011001001100101000000000111111101000101010011011111111001100101111111001100001111100011101100111011000110111110010011000010110000100101000111001100001100001
110100010001101100110001011101101111111010011101110001010110111101000101010101011001001100011100101101000110011001101100111000100001100010010100101011000111111010000111110001110100011001011111011
100101010111000111111111000000100100001110110111011111111100110001010101010101001101100001000110100001011100110011000101101110110100111110110001100001111101100011101110000111100111110011010001111
101101010001010110000101011111110001101100100010000010000110010100010101010101100101111101010010111111010001100111110101000100100110011000111111001011100000001110001010111110001100010111110100001
101001111011011100110001001100011101001001101000101000110011010111110101011101110001000111111010110000010111110001010001010101101111010010100000011000101111111100111010010010111001010000100111011
101100011001011001111011011001000111011011111101101111111010010001100101000100111011010100000010100101010000111101011100010100111011110111111111111010101010000101101011011000100011011011101110001
101001001101010011001001001011110010010010001101101100011011110101001101110110001110010110111110001111011101100001000111110110010001100101000010000010101000110101001000001101101111001000100100101
101101100001000110011101100010000110110110100100111001001000111101011101000111100100110010001011111010000100111011010110000010110100001100011000111110101010100001011011111001101101101101110101111
100111111101111111000101111111101100100100110110100011101110000001001001011100110101111011101000001010110110100010010010111110110101111001111111101010101011111111010010000011001000100101000100001
110100011000010011101100101101001001101101110110101110100111111111100011000001110100110000101101100010110010101110111000000010010111100011100000001000101000100001000111010110011011110100010101011
100001010011000110001110000100011011001000010000100000110000100001111111110111100110011110001001101110011110101000001101111111010011001011001111100011101010101101011110010100110010000111111111011
101111011011101100100011110001110011011011011110111110111010111100000000110000101111000011111011000111010000101101100111000001011001011010011000111110001010001001001100111101100110111110000001001
100101001110001001101000011111000110010001000111100010001110001001110110011101100001111001000001111100010110100111111100011011011101001011001010000000111010111011101001100001001100100000101101101
110101100010101101111111000100011100110111110000101011100111101011100111000001111100001101010100001001110011110000010001111001000101101001111011111111101110001011000011001111100101111011111000101
100100111011101000110010011101110001100100011110001010110010001011001101101011000111011001110101100011011001000101010111101101110101001100011010000101000111111010011111101000110001100010001110101
101110101001101110010110110001010111001111010011111000110110111110011001101110010001001100111101111111001101101101110100000100010001101111001000110000010010000011110000101010010111001110101000001
101000101101000111000010011011000011011000000110001110100010100000110011000100110101101110000100011001011100101001000110101111011111000001100011111101011000110110000110101011000100011000101111111
101010000101110011111011010010011001011101110010100010001010110111111001011101100100100111010101001100010110111011011100101000001011111111110110000111111110011100111100101001111110110010100000001
100011010100100110000010010111001101001100111110110111111110100100100011001100110111110001010111101110110000110010010001111011100010000000011100101100011000111001100001101101000000010111111111101
111110011110101100111110110110011001100110000000110000110110110101101001100110010001011101110001000110010111100110110101110011001000111111000001100001001111100011001111000101110111000001001001001
100000111000101110000010110011001011110011111110011101100100100101001100001100111100000100011101110100110011001100000100100110011111110001011111110111100000101110011100010100100001010101100011011
101111100011100011111010011001111010011001100011000100001101101101011111100101100101101111001101000001111001100111101101101111110001100101001000011100111110100011011001010110111011111100101001001
101000101110111001001011001100110011001100001001101111011101000101001000110100001111100011100101111111101101110000111000100000110100110100011011000110000000110110001111110100011110000110001101011
101010100110001101011001011110000111100111111100100100000101110101011010111110101000101000110101000000100101010110010010101010010110010111010001110110111111100100101000100101000000110111111001001
100010110011100101011101001011111100110100010110110101111101000100010010011000111010111010010101011110001101000011000111111111000011010101110111100100001100001111101010110111111111100100001111011
101011111010001101001001100000110110000001000010111100100001101101110111000011110010011111000001000011100101111011111100000101111111010001000001001111100001101011001010010001100000110110100100001
101110000011011001100011101110000100111011111010100001101111001000010001111001000111000010011101111010110100001010000110110100000000011111011111011000111111111000011011010100111010000000110110111
100100111110010011001110001011110101101000110010101111001100011110111101101101011101111010110111001000100101101010110100100101111110111000010011010010110100110011110011010110001111111111100010001
111101110000110111011000111010000100001110011110100110011001010010010100100111010000001010000100011110101111001010100001110100000011100011110110010110000001100110000110010011101100010001111010101
100001010101100110010011100000111111100111001000110100111011010111010110110100010111111011011101000000100110011010111111010101011010001000000110111111101100101110111110111000100001000100010010101
101101000111001100110110110111110100110101101011110101100010010001000100100101110000011001110001111111110011001110110000000111111010111111110100110000000110101100101100011110111111111111011011101
101101101100011001100100010100000110000001001001010101110110111011101101101100010101001100000111100000111001100010011010110100010010110100011101100101111100100001100111010000010000001001001000001
100111001101111111001101000110110011011111011101000100010010110001000101000111010111101111111100001110011100111011001111100001000110000101000001001111000110111111110001010111010111101011101110101
110001100100100001011001101100011001010110000101110111011110100111010100010011010010100000001001111011000110010011100000111111010011110101111111100100010011100000111101011100010001001000100111101
100100110110001100010011001001001101010010110100110001011000101100011111111001011000101010100011100011011111000110110110000001011000010100001001101101111011001101100001000101111101011101110011001
101110100011111111110110011101100101011010011110000111001010100101111000011101001111101110111110001001001101111100011100101101111111110101101100000100101010011101001101110100000001001101011001101
111100101110000000111100110001110101010011000011110011101011101101010011000001100001111000100000111101100001000001001101100101100000110111100110110110101000111000011111000111111111100100001100111
100001100100111110011001111011000101000110011010100110001000101000010111111111111100010011101110001111111101011111100111111100001010000011001100100010101111101011000110011100000000110001100110001
110111001101101011000011010001011101111100111010001100111010100011110100000110001111000110000011100000000100010001110011000111011011111110011001101110100110001011110010110111110111110101111111101
100100011100000001111111000111001100000101101000111001100010101111000101110000101011111111011000111110111111111100111010010001110011000110110011000100110000101000010110110000010001011100100010001
101111000111110111000101011101100111110101001010010011111110100110010100011011100010110001111110001100100000001110101000111100100110011100011001101101110101101111010010011101011100001001101011011
100001011101100010010001000000110100000100011111110110100010110010111110111010111010000100010100100101101011100000101111101110101100111001001100101001000101101100011011000001000101100011001011001
101101010000111011011011110101100101111111001000010010001010011110101010100010011011011111010001110100001000111010001000000000100001100011111110111011110100111001111001111111110111111011011000011
101001000110001001001000010111001100010000011011011000111011000100100011101111000010001000010111011101011010001011011011111111101101101010001100011001100110011011001011001000010100010001011111001
101011101111101101011101110010011111011011110010010011101001101101101001001001011111101101110010001111111110101111001000100010100111001010100101001011001111010010011001100010110001011111010011101
101010001010100001010100011010110101001110000111011000101100100000001100011100000001001001011010101000000010100001011110001010101100011110110101101010011000010110111100111110011111000100011000001
101011100010111111000111010010110001101100111101001110101110111111100111111001111101011100001110100011111011101101010011111010001001111000010101101011110011010110000110000111000001110110110011111
101000111010000011110110010110011100100001100001100100001000010000111100001011000101000110100100111110001001111001000110100010111011100011110100100000110111010010110011110011111100110110110110011
101110010000111010100100110111000110001111001100110111101011110110010001101111110001010011110001100010101100011011101100001111110010001110010111101110010101011010111000111010000110100100100111001
100011011111100000111101100011101111111001011110010000101000000010110111101000111011011001011100101000101111000010100101111000010110111000110001111011000100001010001110001000110000101101101101101
111010010001101010000100001000100110001011010110111010101111111110110110100010001001111101011001101111101011111110101100000011010100100010111100011001111111101010100111101010011010100101000101001
100010110100101111110111111111110000101000010010001110100110011010000100111111101100001001000011001101001010001000100111111110010001101111100111001100110010101011110100100011111111110101110001101
111110100110111000110000011000011111101011111010100100110011000011111101101010001111101011101011011001011010100010101101011000110111000111001101101110011000001001010001111111000001000100111100001
100010101110011010011111000011011000001010000011110101111001101011000000000010111000101000111010010011010000110110100101000011100101010010011000101011010011111100011101001100011100011110100111101
101010101011000011001011111111000011111000101001100100101100001001111111110110101010101010010010110111011111100110110100011110001101011000111011101000010110000111010101100101110111110000110101001
101010101011111111101010000001111110010011111100101110101111111100000100010100100010001011011010100001001000110010000101110100101100010010010010001101000111011100010000110100100000100111110001011
101000101000010010001010111100000010110110001110100010001010011111110101010101110110111001010010111011100010011111110101100001100111110111000110101001111100011001110110010110111010001100000101001
101111101101000110111010010111110110000110101000110111100011001000110001000100011100001111011010001000111111010001100100111011110000010001110110111011101001010011000111000010010011011110111101101
100000100101111100001011010100010000111100101111110100111011100010011111110111000111100010001111101010000001000100110110001111011111011101100100110000001011110110010001101111010111001100110001001
111101110100001111101000000101011111100001101100000001110010111111000011000001010000111010100011001010111101111110011111100100001010010001001101100111101010000100111111111000010101101001100111011
110001100101100110101101010001010000110111100001011111000110000001010110011111111110100010101001101110011001010111001000110101100010110111011001001101000010111101100000100011110000101011101100001
100100110101110000100111111111000110010011001101010000011110101101110000110001100010110111111100100111001101000101100011100100111110100011001011011101011110011001001110001110010110101110001101111
101101100100011011110001100011111111011001100111110111110000100100011111100101001010010100000110110001100101010000110110001110010000101001101001111001000111001011011011111011011100100110101001001
101001001111011000011011001010001100011100111100000101100101110111001100001101011011010111010000011011110111010111110010111111000111101100101100001011110011101110010000000011001001110100101011011
101101011110001111001001011000100101001110001001010001001100010011100101111001010001010110011111001001010001010100011010000110010011000110101111101000110110001000111110111001100011010101111011001
101001000100111100011100001111110111011011011011111101111111111010110001010011010100010000110001011100010100010001010011110100111010011100101001101101100100101011100010011101111111000100001001011
101111110111110001001111101100010010000001000010000100010000000010111111000110011111111111100100000111010101111111010110100101101011111001101011001000101101111010001011010101010001011111011100001
100001100001100111101000111001011010111101011110110111011101111110000110011100111000000100101111110010010111000001010100101111001001000011001001011010001100011000111010010100000101011011001111011
101100111101001100001110100011000010001111110000010100001100000011010010110001101011110110001100011110110011011100010001100001101101101110011011011111111001001111101000110111111101001001011000001
100110011000011101111100101111011111100100000111110101100111011001111010111101100010010100111001010000011110010111011100111101100100001100110001000000110011101000001111100110000101101100010010111
110111001111110100010001100110001000110101111100010111110010011100110000000101001110110110100011110111110000110000000110101101001111111001111011011110100110001010111000001100110100101110110111101
100011100001000111010100110011101010010100001101010011111011000110010101010001011000010010110111000100000111100101111100100001011010110011000001111010111111101010001101011001100110001000000101001
101110111011010100010110011000111011010111101001011001110001110011010111111011011011011010000100011111101101001100010001101111010000010111110100110010000100001011100111010011101111111110111100011
100010011001010001110011111110001011010010001011111100100100111010011100010001001011001011011101111000001001011110110100100001010111000100000110000111110101011010110011000111001010001100101110111
101011001100011111011010001011100001010110111011000110111110001110110001011111101110011011110001000011111101001011100101111101010001011110111111110100110101110010111000011101101000100101100000011
111011100111110101000010100000111111010100110001010000100011100010010111010000100110110010000111011110000001101000001100010001010111010000100010110110100100100110101110110000000011111100111011001
110010001101010001011000110110000010011101100101011111101000111000110001010110110000110110111110011000101111101011111110110111000011000111111000000000101110001100000010011111111010001110001001101
100111100000010100001111110111110110110000111101000001101110011111111101000100111110100010000011001011101000001010001010010101111001111100001111111111101011011001011011001000100010100011101111001
101100001111011111111000100101100010011010010001111101000111010001100001011101100010101111111011101000111011111010100011110100011111000101100001000001101010001111010001101010111110111001000000011
100001101000000000000010001100001011000011000100000100010001000100001011000100001000100000000000001010000000001000101000000001000000010000110100010100001000100000010100100010000000001100010101000
111111111111111111111111111111111111111111111111111111111111111111111111111111111111111111111111111111111111111111111111111111111111111111111111111111111111111111111111111111111111111111111111111
